USB4E00404_1:101		
345.868	-231.42	
346.082	-231.42	
346.296	-231.42	
346.51	-147.45	
346.724	-165.89	
346.937	-12.29	
347.151	-16.38	
347.365	81.92	
347.579	63.49	
347.793	-10.24	
348.006	-40.96	
348.22	-49.15	
348.434	-32.77	
348.648	10.24	
348.861	-57.34	
349.075	59.39	
349.289	4.1	
349.502	-12.29	
349.716	77.82	
349.93	202.75	
350.143	243.71	
350.357	114.69	
350.571	88.06	
350.784	145.41	
350.998	24.58	
351.212	104.45	
351.425	71.68	
351.639	112.64	
351.852	251.9	
352.066	249.85	
352.28	239.61	
352.493	251.9	
352.707	278.52	
352.92	292.86	
353.134	286.72	
353.347	294.91	
353.561	280.57	
353.774	204.8	
353.988	243.71	
354.201	79.87	
354.415	149.5	
354.628	153.6	
354.841	190.46	
355.055	159.74	
355.268	135.17	
355.482	200.7	
355.695	301.05	
355.908	182.27	
356.122	337.91	
356.335	352.25	
356.549	495.61	
356.762	421.88	
356.975	503.8	
357.189	612.34	
357.402	598.01	
357.615	514.04	
357.828	399.35	
358.042	317.44	
358.255	237.56	
358.468	190.46	
358.682	16.38	
358.895	106.49	
359.108	69.63	
359.321	86.01	
359.534	94.21	
359.748	22.53	
359.961	59.39	
360.174	71.68	
360.387	77.82	
360.6	12.29	
360.813	-26.62	
361.027	190.46	
361.24	-59.39	
361.453	188.41	
361.666	-12.29	
361.879	10.24	
362.092	20.48	
362.305	6.14	
362.518	49.15	
362.731	108.54	
362.944	71.68	
363.157	14.34	
363.37	61.44	
363.583	65.54	
363.796	106.49	
364.009	63.49	
364.222	61.44	
364.435	135.17	
364.648	98.3	
364.861	53.25	
365.074	-26.62	
365.287	167.93	
365.5	129.02	
365.713	88.06	
365.926	172.03	
366.139	200.7	
366.352	77.82	
366.564	65.54	
366.777	200.7	
366.99	135.17	
367.203	112.64	
367.416	106.49	
367.629	77.82	
367.841	61.44	
368.054	79.87	
368.267	63.49	
368.48	157.69	
368.693	118.78	
368.905	131.07	
369.118	155.65	
369.331	163.84	
369.544	98.3	
369.756	233.47	
369.969	159.74	
370.182	231.42	
370.394	290.81	
370.607	190.46	
370.82	274.43	
371.032	268.28	
371.245	184.32	
371.458	157.69	
371.67	135.17	
371.883	61.44	
372.095	55.3	
372.308	77.82	
372.52	77.82	
372.733	116.73	
372.946	73.73	
373.158	71.68	
373.371	137.21	
373.583	237.56	
373.796	262.14	
374.008	276.48	
374.221	331.77	
374.433	292.86	
374.646	309.24	
374.858	442.36	
375.071	382.97	
375.283	348.15	
375.495	315.39	
375.708	362.49	
375.92	118.78	
376.133	155.65	
376.345	69.63	
376.557	83.97	
376.77	110.59	
376.982	106.49	
377.194	155.65	
377.407	24.58	
377.619	88.06	
377.831	178.17	
378.044	186.37	
378.256	229.37	
378.468	151.55	
378.68	143.36	
378.893	210.94	
379.105	288.76	
379.317	233.47	
379.529	262.14	
379.742	462.84	
379.954	317.44	
380.166	370.68	
380.378	362.49	
380.59	389.11	
380.803	280.57	
381.015	129.02	
381.227	194.56	
381.439	452.6	
381.651	169.98	
381.863	65.54	
382.075	126.97	
382.287	98.3	
382.499	57.34	
382.712	53.25	
382.924	79.87	
383.136	227.32	
383.348	67.58	
383.56	114.69	
383.772	151.55	
383.984	14.34	
384.196	247.8	
384.408	98.3	
384.62	184.32	
384.832	186.37	
385.044	61.44	
385.255	180.22	
385.467	153.6	
385.679	266.24	
385.891	135.17	
386.103	186.37	
386.315	137.21	
386.527	122.88	
386.739	69.63	
386.951	159.74	
387.162	4.1	
387.374	143.36	
387.586	190.46	
387.798	79.87	
388.01	229.37	
388.221	131.07	
388.433	227.32	
388.645	225.28	
388.857	176.13	
389.069	221.18	
389.28	282.62	
389.492	317.44	
389.704	202.75	
389.915	176.13	
390.127	143.36	
390.339	63.49	
390.55	81.92	
390.762	47.1	
390.974	176.13	
391.185	100.35	
391.397	116.73	
391.609	43.01	
391.82	342.01	
392.032	159.74	
392.243	235.52	
392.455	114.69	
392.667	235.52	
392.878	196.61	
393.09	143.36	
393.301	284.67	
393.513	184.32	
393.724	235.52	
393.936	217.08	
394.147	247.8	
394.359	253.95	
394.57	182.27	
394.782	124.93	
394.993	153.6	
395.204	63.49	
395.416	124.93	
395.627	61.44	
395.839	157.69	
396.05	194.56	
396.261	163.84	
396.473	194.56	
396.684	301.05	
396.896	288.76	
397.107	317.44	
397.318	264.19	
397.529	245.76	
397.741	266.24	
397.952	172.03	
398.163	161.79	
398.375	323.58	
398.586	116.73	
398.797	266.24	
399.008	245.76	
399.22	286.72	
399.431	327.68	
399.642	352.25	
399.853	350.2	
400.064	296.96	
400.276	276.48	
400.487	51.2	
400.698	53.25	
400.909	137.21	
401.12	-2.05	
401.331	110.59	
401.542	139.26	
401.754	108.54	
401.965	135.17	
402.176	196.61	
402.387	102.4	
402.598	129.02	
402.809	120.83	
403.02	112.64	
403.231	61.44	
403.442	98.3	
403.653	137.21	
403.864	92.16	
404.075	49.15	
404.286	120.83	
404.497	192.51	
404.708	192.51	
404.919	135.17	
405.13	225.28	
405.341	247.8	
405.551	323.58	
405.762	215.04	
405.973	231.42	
406.184	143.36	
406.395	327.68	
406.606	163.84	
406.817	184.32	
407.027	141.31	
407.238	20.48	
407.449	169.98	
407.66	106.49	
407.871	135.17	
408.081	208.89	
408.292	167.93	
408.503	233.47	
408.714	258.04	
408.924	278.52	
409.135	413.69	
409.346	432.12	
409.556	632.82	
409.767	776.18	
409.978	929.78	
410.188	940.02	
410.399	847.86	
410.61	778.23	
410.82	679.93	
411.031	405.5	
411.242	198.65	
411.452	131.07	
411.663	149.5	
411.873	135.17	
412.084	184.32	
412.295	40.96	
412.505	114.69	
412.716	131.07	
412.926	192.51	
413.137	108.54	
413.347	137.21	
413.558	192.51	
413.768	210.94	
413.979	276.48	
414.189	176.13	
414.399	188.41	
414.61	86.01	
414.82	20.48	
415.031	86.01	
415.241	40.96	
415.451	75.77	
415.662	77.82	
415.872	14.34	
416.083	200.7	
416.293	73.73	
416.503	30.72	
416.714	155.65	
416.924	49.15	
417.134	139.26	
417.344	215.04	
417.555	147.45	
417.765	126.97	
417.975	141.31	
418.186	260.09	
418.396	122.88	
418.606	2.05	
418.816	174.08	
419.026	192.51	
419.237	182.27	
419.447	208.89	
419.657	260.09	
419.867	208.89	
420.077	182.27	
420.287	307.2	
420.497	88.06	
420.708	235.52	
420.918	112.64	
421.128	77.82	
421.338	90.11	
421.548	69.63	
421.758	86.01	
421.968	102.4	
422.178	126.97	
422.388	59.39	
422.598	57.34	
422.808	16.38	
423.018	137.21	
423.228	137.21	
423.438	196.61	
423.648	157.69	
423.858	260.09	
424.068	79.87	
424.278	141.31	
424.488	141.31	
424.698	221.18	
424.907	71.68	
425.117	81.92	
425.327	186.37	
425.537	153.6	
425.747	192.51	
425.957	210.94	
426.167	299	
426.376	260.09	
426.586	188.41	
426.796	221.18	
427.006	151.55	
427.216	159.74	
427.425	88.06	
427.635	73.73	
427.845	178.17	
428.054	145.41	
428.264	43.01	
428.474	100.35	
428.684	143.36	
428.893	16.38	
429.103	57.34	
429.313	208.89	
429.522	86.01	
429.732	92.16	
429.941	167.93	
430.151	143.36	
430.361	131.07	
430.57	122.88	
430.78	172.03	
430.989	143.36	
431.199	200.7	
431.409	131.07	
431.618	-43.01	
431.828	98.3	
432.037	114.69	
432.247	174.08	
432.456	342.01	
432.666	729.08	
432.875	1368.04	
433.084	1980.39	
433.294	2908.12	
433.503	3698.63	
433.713	4386.75	
433.922	5005.24	
434.132	4947.89	
434.341	4732.86	
434.55	3964.87	
434.76	3010.51	
434.969	2170.85	
435.178	1349.61	
435.388	774.13	
435.597	462.84	
435.806	274.43	
436.016	122.88	
436.225	139.26	
436.434	233.47	
436.643	143.36	
436.853	155.65	
437.062	139.26	
437.271	235.52	
437.48	71.68	
437.69	22.53	
437.899	126.97	
438.108	200.7	
438.317	53.25	
438.526	159.74	
438.735	98.3	
438.945	104.45	
439.154	159.74	
439.363	137.21	
439.572	61.44	
439.781	57.34	
439.99	178.17	
440.199	145.41	
440.408	233.47	
440.617	233.47	
440.826	180.22	
441.035	178.17	
441.244	249.85	
441.453	151.55	
441.662	212.99	
441.871	167.93	
442.08	96.25	
442.289	151.55	
442.498	147.45	
442.707	174.08	
442.916	159.74	
443.125	26.62	
443.334	45.06	
443.543	92.16	
443.752	118.78	
443.961	208.89	
444.169	196.61	
444.378	67.58	
444.587	161.79	
444.796	157.69	
445.005	112.64	
445.213	139.26	
445.422	178.17	
445.631	106.49	
445.84	141.31	
446.049	122.88	
446.257	137.21	
446.466	10.24	
446.675	96.25	
446.883	202.75	
447.092	174.08	
447.301	190.46	
447.51	133.12	
447.718	229.37	
447.927	36.86	
448.135	229.37	
448.344	147.45	
448.553	145.41	
448.761	245.76	
448.97	200.7	
449.179	36.86	
449.387	141.31	
449.596	112.64	
449.804	202.75	
450.013	237.56	
450.221	57.34	
450.43	247.8	
450.638	208.89	
450.847	53.25	
451.055	81.92	
451.264	104.45	
451.472	169.98	
451.681	155.65	
451.889	110.59	
452.097	151.55	
452.306	55.3	
452.514	118.78	
452.723	176.13	
452.931	145.41	
453.139	159.74	
453.348	81.92	
453.556	108.54	
453.764	184.32	
453.973	104.45	
454.181	34.82	
454.389	159.74	
454.598	77.82	
454.806	108.54	
455.014	118.78	
455.222	57.34	
455.431	98.3	
455.639	145.41	
455.847	188.41	
456.055	172.03	
456.264	94.21	
456.472	90.11	
456.68	159.74	
456.888	178.17	
457.096	178.17	
457.304	219.13	
457.512	149.5	
457.721	102.4	
457.929	178.17	
458.137	188.41	
458.345	243.71	
458.553	196.61	
458.761	83.97	
458.969	86.01	
459.177	204.8	
459.385	79.87	
459.593	180.22	
459.801	126.97	
460.009	-10.24	
460.217	118.78	
460.425	88.06	
460.633	120.83	
460.841	155.65	
461.049	149.5	
461.257	53.25	
461.465	100.35	
461.673	172.03	
461.88	184.32	
462.088	88.06	
462.296	149.5	
462.504	149.5	
462.712	182.27	
462.92	180.22	
463.127	180.22	
463.335	151.55	
463.543	165.89	
463.751	184.32	
463.959	274.43	
464.166	149.5	
464.374	161.79	
464.582	251.9	
464.79	237.56	
464.997	182.27	
465.205	108.54	
465.413	159.74	
465.62	145.41	
465.828	77.82	
466.036	141.31	
466.243	186.37	
466.451	167.93	
466.658	81.92	
466.866	129.02	
467.074	86.01	
467.281	110.59	
467.489	153.6	
467.696	38.91	
467.904	135.17	
468.111	114.69	
468.319	286.72	
468.527	165.89	
468.734	217.08	
468.942	145.41	
469.149	135.17	
469.356	102.4	
469.564	106.49	
469.771	126.97	
469.979	153.6	
470.186	225.28	
470.394	153.6	
470.601	155.65	
470.808	155.65	
471.016	55.3	
471.223	149.5	
471.43	210.94	
471.638	225.28	
471.845	135.17	
472.052	235.52	
472.26	116.73	
472.467	208.89	
472.674	129.02	
472.882	36.86	
473.089	112.64	
473.296	190.46	
473.503	98.3	
473.711	108.54	
473.918	90.11	
474.125	129.02	
474.332	135.17	
474.539	126.97	
474.746	260.09	
474.954	28.67	
475.161	63.49	
475.368	163.84	
475.575	124.93	
475.782	169.98	
475.989	147.45	
476.196	196.61	
476.403	153.6	
476.61	75.77	
476.817	151.55	
477.024	77.82	
477.231	202.75	
477.438	176.13	
477.645	129.02	
477.852	253.95	
478.059	212.99	
478.266	348.15	
478.473	274.43	
478.68	215.04	
478.887	393.21	
479.094	290.81	
479.301	327.68	
479.508	296.96	
479.715	360.44	
479.922	237.56	
480.129	315.39	
480.335	323.58	
480.542	362.49	
480.749	313.34	
480.956	290.81	
481.163	282.62	
481.369	366.59	
481.576	223.23	
481.783	270.33	
481.99	356.35	
482.196	311.29	
482.403	208.89	
482.61	256	
482.817	323.58	
483.023	370.68	
483.23	344.06	
483.437	278.52	
483.643	335.87	
483.85	471.03	
484.057	612.34	
484.263	776.18	
484.47	1759.21	
484.676	6055.84	
484.883	19183.32	
485.09	37074.38	
485.296	55311.54	
485.503	64322.6	
485.709	64322.6	
485.916	64322.6	
486.122	64322.6	
486.329	53634.25	
486.535	41231.75	
486.742	34829.8	
486.948	29158.98	
487.155	26246.77	
487.361	23715.48	
487.567	20678.34	
487.774	16830.21	
487.98	13256.5	
488.187	8968.06	
488.393	4939.7	
488.599	2185.18	
488.806	1077.23	
489.012	538.62	
489.219	516.09	
489.425	471.03	
489.631	245.76	
489.837	278.52	
490.044	397.31	
490.25	274.43	
490.456	231.42	
490.663	309.24	
490.869	198.65	
491.075	286.72	
491.281	241.66	
491.487	196.61	
491.694	202.75	
491.9	235.52	
492.106	329.72	
492.312	360.44	
492.518	376.83	
492.724	382.97	
492.931	270.33	
493.137	274.43	
493.343	358.39	
493.549	315.39	
493.755	315.39	
493.961	274.43	
494.167	188.41	
494.373	243.71	
494.579	169.98	
494.785	217.08	
494.991	157.69	
495.197	229.37	
495.403	192.51	
495.609	176.13	
495.815	163.84	
496.021	286.72	
496.227	299	
496.433	200.7	
496.639	251.9	
496.845	206.84	
497.05	319.48	
497.256	143.36	
497.462	96.25	
497.668	217.08	
497.874	223.23	
498.08	143.36	
498.286	159.74	
498.491	235.52	
498.697	268.28	
498.903	77.82	
499.109	159.74	
499.314	118.78	
499.52	174.08	
499.726	247.8	
499.932	212.99	
500.137	192.51	
500.343	182.27	
500.549	143.36	
500.754	188.41	
500.96	274.43	
501.166	231.42	
501.371	178.17	
501.577	217.08	
501.782	192.51	
501.988	180.22	
502.194	129.02	
502.399	147.45	
502.605	155.65	
502.81	73.73	
503.016	153.6	
503.221	102.4	
503.427	163.84	
503.632	196.61	
503.838	135.17	
504.043	131.07	
504.249	284.67	
504.454	143.36	
504.66	131.07	
504.865	180.22	
505.071	258.04	
505.276	63.49	
505.481	184.32	
505.687	184.32	
505.892	223.23	
506.097	159.74	
506.303	145.41	
506.508	126.97	
506.713	145.41	
506.919	266.24	
507.124	65.54	
507.329	155.65	
507.535	202.75	
507.74	231.42	
507.945	110.59	
508.15	174.08	
508.356	212.99	
508.561	192.51	
508.766	112.64	
508.971	112.64	
509.176	153.6	
509.381	212.99	
509.587	147.45	
509.792	139.26	
509.997	157.69	
510.202	131.07	
510.407	161.79	
510.612	98.3	
510.817	153.6	
511.022	167.93	
511.227	221.18	
511.432	-18.43	
511.637	233.47	
511.842	143.36	
512.047	98.3	
512.252	67.58	
512.457	147.45	
512.662	221.18	
512.867	79.87	
513.072	120.83	
513.277	118.78	
513.482	178.17	
513.687	196.61	
513.892	315.39	
514.097	114.69	
514.302	53.25	
514.507	149.5	
514.711	165.89	
514.916	69.63	
515.121	112.64	
515.326	129.02	
515.531	108.54	
515.735	110.59	
515.94	81.92	
516.145	49.15	
516.35	116.73	
516.554	102.4	
516.759	210.94	
516.964	81.92	
517.169	100.35	
517.373	249.85	
517.578	225.28	
517.783	202.75	
517.987	141.31	
518.192	45.06	
518.396	204.8	
518.601	169.98	
518.806	210.94	
519.01	157.69	
519.215	176.13	
519.419	210.94	
519.624	282.62	
519.829	122.88	
520.033	208.89	
520.238	163.84	
520.442	137.21	
520.647	219.13	
520.851	182.27	
521.055	147.45	
521.26	167.93	
521.464	253.95	
521.669	268.28	
521.873	61.44	
522.078	147.45	
522.282	83.97	
522.486	122.88	
522.691	22.53	
522.895	159.74	
523.099	120.83	
523.304	20.48	
523.508	77.82	
523.712	83.97	
523.917	112.64	
524.121	108.54	
524.325	-4.1	
524.53	118.78	
524.734	51.2	
524.938	57.34	
525.142	165.89	
525.346	71.68	
525.551	122.88	
525.755	192.51	
525.959	188.41	
526.163	88.06	
526.367	86.01	
526.571	245.76	
526.776	147.45	
526.98	32.77	
527.184	118.78	
527.388	126.97	
527.592	104.45	
527.796	65.54	
528	192.51	
528.204	122.88	
528.408	61.44	
528.612	159.74	
528.816	92.16	
529.02	104.45	
529.224	71.68	
529.428	106.49	
529.632	159.74	
529.836	192.51	
530.04	69.63	
530.244	131.07	
530.448	81.92	
530.652	67.58	
530.855	57.34	
531.059	153.6	
531.263	174.08	
531.467	100.35	
531.671	104.45	
531.875	100.35	
532.078	184.32	
532.282	251.9	
532.486	233.47	
532.69	172.03	
532.893	129.02	
533.097	184.32	
533.301	176.13	
533.505	86.01	
533.708	114.69	
533.912	169.98	
534.116	112.64	
534.319	139.26	
534.523	155.65	
534.727	229.37	
534.93	126.97	
535.134	110.59	
535.338	77.82	
535.541	75.77	
535.745	69.63	
535.948	163.84	
536.152	188.41	
536.355	145.41	
536.559	153.6	
536.762	143.36	
536.966	176.13	
537.169	77.82	
537.373	120.83	
537.576	61.44	
537.78	172.03	
537.983	151.55	
538.187	94.21	
538.39	120.83	
538.593	79.87	
538.797	223.23	
539	217.08	
539.204	184.32	
539.407	178.17	
539.61	253.95	
539.814	94.21	
540.017	176.13	
540.22	77.82	
540.424	114.69	
540.627	135.17	
540.83	94.21	
541.033	208.89	
541.237	159.74	
541.44	217.08	
541.643	256	
541.846	118.78	
542.049	208.89	
542.253	327.68	
542.456	186.37	
542.659	241.66	
542.862	147.45	
543.065	251.9	
543.268	204.8	
543.471	247.8	
543.674	159.74	
543.878	176.13	
544.081	155.65	
544.284	174.08	
544.487	206.84	
544.69	143.36	
544.893	278.52	
545.096	235.52	
545.299	274.43	
545.502	141.31	
545.705	120.83	
545.908	192.51	
546.111	192.51	
546.314	165.89	
546.516	153.6	
546.719	77.82	
546.922	145.41	
547.125	169.98	
547.328	227.32	
547.531	196.61	
547.734	155.65	
547.936	192.51	
548.139	77.82	
548.342	235.52	
548.545	73.73	
548.748	120.83	
548.95	129.02	
549.153	83.97	
549.356	194.56	
549.559	120.83	
549.761	104.45	
549.964	22.53	
550.167	79.87	
550.369	198.65	
550.572	141.31	
550.775	180.22	
550.977	122.88	
551.18	151.55	
551.383	106.49	
551.585	63.49	
551.788	131.07	
551.99	172.03	
552.193	192.51	
552.396	245.76	
552.598	112.64	
552.801	135.17	
553.003	114.69	
553.206	116.73	
553.408	143.36	
553.611	114.69	
553.813	75.77	
554.015	100.35	
554.218	196.61	
554.42	104.45	
554.623	67.58	
554.825	120.83	
555.027	83.97	
555.23	79.87	
555.432	129.02	
555.635	133.12	
555.837	249.85	
556.039	120.83	
556.242	126.97	
556.444	129.02	
556.646	86.01	
556.848	94.21	
557.051	77.82	
557.253	110.59	
557.455	73.73	
557.657	20.48	
557.86	178.17	
558.062	86.01	
558.264	159.74	
558.466	153.6	
558.668	79.87	
558.87	69.63	
559.073	149.5	
559.275	69.63	
559.477	94.21	
559.679	4.1	
559.881	126.97	
560.083	110.59	
560.285	22.53	
560.487	90.11	
560.689	126.97	
560.891	120.83	
561.093	151.55	
561.295	-2.05	
561.497	26.62	
561.699	83.97	
561.901	151.55	
562.103	118.78	
562.305	147.45	
562.507	217.08	
562.709	81.92	
562.911	180.22	
563.113	167.93	
563.314	106.49	
563.516	81.92	
563.718	8.19	
563.92	112.64	
564.122	153.6	
564.323	4.1	
564.525	184.32	
564.727	102.4	
564.929	131.07	
565.131	59.39	
565.332	327.68	
565.534	77.82	
565.736	176.13	
565.937	139.26	
566.139	223.23	
566.341	208.89	
566.542	235.52	
566.744	176.13	
566.946	188.41	
567.147	301.05	
567.349	151.55	
567.551	247.8	
567.752	268.28	
567.954	225.28	
568.155	358.39	
568.357	262.14	
568.558	323.58	
568.76	233.47	
568.961	360.44	
569.163	286.72	
569.364	344.06	
569.566	278.52	
569.767	337.91	
569.969	319.48	
570.17	329.72	
570.372	323.58	
570.573	290.81	
570.774	294.91	
570.976	212.99	
571.177	157.69	
571.378	208.89	
571.58	241.66	
571.781	311.29	
571.982	401.4	
572.184	407.55	
572.385	413.69	
572.586	606.2	
572.788	546.81	
572.989	522.23	
573.19	454.65	
573.391	413.69	
573.592	296.96	
573.794	299	
573.995	284.67	
574.196	264.19	
574.397	325.63	
574.598	360.44	
574.799	434.17	
575.001	423.93	
575.202	583.67	
575.403	524.28	
575.604	352.25	
575.805	430.07	
576.006	354.3	
576.207	313.34	
576.408	514.04	
576.609	376.83	
576.81	444.41	
577.011	331.77	
577.212	493.56	
577.413	364.54	
577.614	518.14	
577.815	464.89	
578.016	491.51	
578.217	593.91	
578.418	565.24	
578.619	587.77	
578.819	618.49	
579.02	534.52	
579.221	501.75	
579.422	473.08	
579.623	526.33	
579.824	577.53	
580.024	669.69	
580.225	827.38	
580.426	925.68	
580.627	942.07	
580.827	980.98	
581.028	976.88	
581.229	817.14	
581.43	720.88	
581.63	690.17	
581.831	614.39	
582.032	610.29	
582.232	602.1	
582.433	679.93	
582.634	569.34	
582.834	606.2	
583.035	675.83	
583.235	591.86	
583.436	514.04	
583.636	436.22	
583.837	385.02	
584.038	380.92	
584.238	405.5	
584.439	417.79	
584.639	403.45	
584.84	358.39	
585.04	282.62	
585.241	356.35	
585.441	331.77	
585.641	497.66	
585.842	403.45	
586.042	477.18	
586.243	460.79	
586.443	532.47	
586.643	462.84	
586.844	495.61	
587.044	415.74	
587.244	399.35	
587.445	468.98	
587.645	679.93	
587.845	579.58	
588.046	567.29	
588.246	669.69	
588.446	493.56	
588.646	561.14	
588.847	458.75	
589.047	485.37	
589.247	321.53	
589.447	258.04	
589.647	296.96	
589.847	262.14	
590.048	376.83	
590.248	391.16	
590.448	358.39	
590.648	366.59	
590.848	335.87	
591.048	436.22	
591.248	460.79	
591.448	393.21	
591.648	456.7	
591.848	323.58	
592.048	499.7	
592.248	526.33	
592.448	573.43	
592.648	684.02	
592.848	606.2	
593.048	657.4	
593.248	581.62	
593.448	591.86	
593.648	677.88	
593.848	514.04	
594.048	520.18	
594.248	462.84	
594.447	448.51	
594.647	370.68	
594.847	462.84	
595.047	505.85	
595.247	550.9	
595.447	452.6	
595.646	530.42	
595.846	450.55	
596.046	505.85	
596.246	653.3	
596.445	657.4	
596.645	548.86	
596.845	622.58	
597.044	628.73	
597.244	663.54	
597.444	604.15	
597.643	528.38	
597.843	509.94	
598.043	413.69	
598.242	477.18	
598.442	462.84	
598.641	440.31	
598.841	358.39	
599.041	380.92	
599.24	311.29	
599.44	493.56	
599.639	350.2	
599.839	526.33	
600.038	380.92	
600.238	397.31	
600.437	368.63	
600.637	368.63	
600.836	589.82	
601.035	425.98	
601.235	612.34	
601.434	694.26	
601.634	675.83	
601.833	663.54	
602.032	839.67	
602.232	782.32	
602.431	868.34	
602.63	661.49	
602.83	555	
603.029	503.8	
603.228	520.18	
603.427	423.93	
603.627	450.55	
603.826	434.17	
604.025	339.96	
604.224	413.69	
604.424	458.75	
604.623	454.65	
604.822	479.22	
605.021	278.52	
605.22	348.15	
605.419	405.5	
605.618	456.7	
605.818	389.11	
606.017	473.08	
606.216	438.27	
606.415	397.31	
606.614	403.45	
606.813	411.64	
607.012	440.31	
607.211	405.5	
607.41	360.44	
607.609	440.31	
607.808	423.93	
608.007	550.9	
608.206	473.08	
608.405	448.51	
608.604	505.85	
608.802	421.88	
609.001	376.83	
609.2	440.31	
609.399	368.63	
609.598	346.11	
609.797	296.96	
609.996	237.56	
610.194	274.43	
610.393	251.9	
610.592	270.33	
610.791	407.55	
610.99	440.31	
611.188	382.97	
611.387	518.14	
611.586	524.28	
611.784	532.47	
611.983	468.98	
612.182	387.07	
612.38	454.65	
612.579	589.82	
612.778	661.49	
612.976	503.8	
613.175	538.62	
613.374	380.92	
613.572	413.69	
613.771	348.15	
613.969	514.04	
614.168	415.74	
614.366	552.95	
614.565	634.87	
614.763	823.28	
614.962	868.34	
615.16	960.5	
615.359	878.58	
615.557	686.07	
615.756	557.05	
615.954	487.42	
616.153	538.62	
616.351	391.16	
616.549	471.03	
616.748	413.69	
616.946	421.88	
617.144	360.44	
617.343	397.31	
617.541	331.77	
617.739	290.81	
617.938	221.18	
618.136	303.1	
618.334	215.04	
618.532	313.34	
618.731	280.57	
618.929	380.92	
619.127	450.55	
619.325	292.86	
619.523	358.39	
619.722	307.2	
619.92	239.61	
620.118	329.72	
620.316	323.58	
620.514	184.32	
620.712	309.24	
620.91	221.18	
621.108	307.2	
621.306	307.2	
621.505	370.68	
621.703	372.73	
621.901	356.35	
622.099	323.58	
622.297	438.27	
622.495	284.67	
622.693	337.91	
622.89	409.59	
623.088	483.32	
623.286	253.95	
623.484	350.2	
623.682	301.05	
623.88	208.89	
624.078	223.23	
624.276	245.76	
624.474	229.37	
624.671	278.52	
624.869	348.15	
625.067	172.03	
625.265	296.96	
625.463	282.62	
625.66	266.24	
625.858	227.32	
626.056	292.86	
626.254	348.15	
626.451	264.19	
626.649	282.62	
626.847	268.28	
627.044	448.51	
627.242	362.49	
627.44	346.11	
627.637	286.72	
627.835	358.39	
628.032	260.09	
628.23	292.86	
628.428	393.21	
628.625	313.34	
628.823	262.14	
629.02	483.32	
629.218	385.02	
629.415	450.55	
629.613	419.83	
629.81	301.05	
630.008	344.06	
630.205	258.04	
630.403	260.09	
630.6	311.29	
630.797	393.21	
630.995	339.96	
631.192	333.82	
631.39	434.17	
631.587	401.4	
631.784	419.83	
631.982	409.59	
632.179	428.03	
632.376	509.94	
632.574	368.63	
632.771	296.96	
632.968	360.44	
633.165	495.61	
633.363	356.35	
633.56	309.24	
633.757	419.83	
633.954	286.72	
634.151	468.98	
634.349	487.42	
634.546	573.43	
634.743	393.21	
634.94	350.2	
635.137	329.72	
635.334	460.79	
635.531	413.69	
635.728	559.1	
635.925	475.13	
636.122	401.4	
636.319	481.27	
636.516	593.91	
636.713	382.97	
636.91	485.37	
637.107	546.81	
637.304	612.34	
637.501	530.42	
637.698	468.98	
637.895	409.59	
638.092	511.99	
638.289	456.7	
638.486	444.41	
638.683	559.1	
638.88	497.66	
639.076	595.96	
639.273	481.27	
639.47	491.51	
639.667	501.75	
639.864	505.85	
640.06	493.56	
640.257	483.32	
640.454	483.32	
640.651	462.84	
640.847	479.22	
641.044	571.38	
641.241	630.77	
641.437	569.34	
641.634	612.34	
641.831	638.97	
642.027	528.38	
642.224	409.59	
642.421	571.38	
642.617	491.51	
642.814	546.81	
643.01	591.86	
643.207	544.76	
643.403	487.42	
643.6	686.07	
643.796	620.53	
643.993	628.73	
644.189	679.93	
644.386	606.2	
644.582	630.77	
644.779	620.53	
644.975	555	
645.172	694.26	
645.368	643.06	
645.564	585.72	
645.761	661.49	
645.957	569.34	
646.153	555	
646.35	557.05	
646.546	577.53	
646.742	532.47	
646.939	569.34	
647.135	505.85	
647.331	538.62	
647.527	591.86	
647.724	546.81	
647.92	552.95	
648.116	516.09	
648.312	577.53	
648.509	591.86	
648.705	477.18	
648.901	661.49	
649.097	583.67	
649.293	651.25	
649.489	608.25	
649.685	767.99	
649.881	1093.62	
650.077	1773.54	
650.274	2265.05	
650.47	2838.48	
650.666	3295.18	
650.862	3416.01	
651.058	3192.78	
651.254	2734.04	
651.45	2230.24	
651.645	2179.04	
651.841	1847.27	
652.037	1759.21	
652.233	1802.21	
652.429	1603.56	
652.625	1689.57	
652.821	1617.9	
653.017	1591.27	
653.213	1771.49	
653.408	1869.8	
653.604	2062.3	
653.8	2277.34	
653.996	2912.21	
654.192	4235.2	
654.387	8519.55	
654.583	64322.6	
654.779	64322.6	
654.975	64322.6	
655.17	64322.6	
655.366	64322.6	
655.562	64322.6	
655.757	64322.6	
655.953	64322.6	
656.149	64322.6	
656.344	64322.6	
656.54	64322.6	
656.735	64322.6	
656.931	64322.6	
657.127	64322.6	
657.322	64322.6	
657.518	64322.6	
657.713	64322.6	
657.909	64322.6	
658.104	64322.6	
658.3	64322.6	
658.495	64322.6	
658.691	64322.6	
658.886	64322.6	
659.082	64322.6	
659.277	64322.6	
659.472	64322.6	
659.668	64322.6	
659.863	64322.6	
660.059	64322.6	
660.254	64322.6	
660.449	64322.6	
660.644	64322.6	
660.84	64322.6	
661.035	64322.6	
661.23	64322.6	
661.426	64322.6	
661.621	64322.6	
661.816	64322.6	
662.011	64322.6	
662.207	64322.6	
662.402	64322.6	
662.597	64322.6	
662.792	64322.6	
662.987	64322.6	
663.182	64322.6	
663.377	64322.6	
663.573	64322.6	
663.768	64322.6	
663.963	64322.6	
664.158	64322.6	
664.353	64322.6	
664.548	64322.6	
664.743	64322.6	
664.938	64322.6	
665.133	64322.6	
665.328	64322.6	
665.523	64322.6	
665.718	64322.6	
665.913	64322.6	
666.108	64322.6	
666.303	64322.6	
666.498	64322.6	
666.692	64322.6	
666.887	64322.6	
667.082	64322.6	
667.277	64322.6	
667.472	64322.6	
667.667	64322.6	
667.861	64322.6	
668.056	64322.6	
668.251	64322.6	
668.446	64322.6	
668.64	64322.6	
668.835	64322.6	
669.03	42440.06	
669.225	4288.45	
669.419	387.07	
669.614	415.74	
669.809	358.39	
670.003	296.96	
670.198	421.88	
670.393	323.58	
670.587	339.96	
670.782	317.44	
670.976	366.59	
671.171	266.24	
671.365	303.1	
671.56	243.71	
671.754	284.67	
671.949	221.18	
672.143	227.32	
672.338	364.54	
672.532	247.8	
672.727	249.85	
672.921	241.66	
673.116	323.58	
673.31	202.75	
673.504	184.32	
673.699	192.51	
673.893	307.2	
674.088	182.27	
674.282	288.76	
674.476	231.42	
674.67	274.43	
674.865	245.76	
675.059	217.08	
675.253	139.26	
675.448	243.71	
675.642	159.74	
675.836	159.74	
676.03	217.08	
676.224	221.18	
676.419	217.08	
676.613	274.43	
676.807	174.08	
677.001	178.17	
677.195	215.04	
677.389	253.95	
677.583	192.51	
677.777	165.89	
677.972	102.4	
678.166	169.98	
678.36	227.32	
678.554	313.34	
678.748	86.01	
678.942	169.98	
679.136	264.19	
679.33	266.24	
679.524	176.13	
679.717	294.91	
679.911	120.83	
680.105	329.72	
680.299	163.84	
680.493	122.88	
680.687	167.93	
680.881	143.36	
681.075	110.59	
681.268	167.93	
681.462	106.49	
681.656	155.65	
681.85	153.6	
682.044	186.37	
682.237	161.79	
682.431	139.26	
682.625	190.46	
682.819	129.02	
683.012	32.77	
683.206	180.22	
683.4	92.16	
683.593	245.76	
683.787	143.36	
683.981	81.92	
684.174	122.88	
684.368	104.45	
684.561	106.49	
684.755	151.55	
684.948	57.34	
685.142	131.07	
685.335	75.77	
685.529	98.3	
685.722	102.4	
685.916	4.1	
686.109	135.17	
686.303	88.06	
686.496	53.25	
686.69	108.54	
686.883	26.62	
687.077	75.77	
687.27	147.45	
687.463	110.59	
687.657	86.01	
687.85	69.63	
688.043	108.54	
688.237	59.39	
688.43	108.54	
688.623	20.48	
688.816	57.34	
689.01	122.88	
689.203	94.21	
689.396	38.91	
689.589	145.41	
689.783	96.25	
689.976	69.63	
690.169	131.07	
690.362	-28.67	
690.555	36.86	
690.748	81.92	
690.941	81.92	
691.135	-2.05	
691.328	-34.82	
691.521	22.53	
691.714	131.07	
691.907	118.78	
692.1	135.17	
692.293	98.3	
692.486	53.25	
692.679	120.83	
692.872	96.25	
693.065	-22.53	
693.258	124.93	
693.451	30.72	
693.644	65.54	
693.836	116.73	
694.029	79.87	
694.222	81.92	
694.415	43.01	
694.608	122.88	
694.801	47.1	
694.993	55.3	
695.186	53.25	
695.379	122.88	
695.572	135.17	
695.765	24.58	
695.957	141.31	
696.15	-4.1	
696.343	182.27	
696.535	83.97	
696.728	94.21	
696.921	-8.19	
697.113	-22.53	
697.306	79.87	
697.499	16.38	
697.691	63.49	
697.884	161.79	
698.076	94.21	
698.269	77.82	
698.462	335.87	
698.654	104.45	
698.847	28.67	
699.039	155.65	
699.232	20.48	
699.424	69.63	
699.617	184.32	
699.809	51.2	
700.001	194.56	
700.194	129.02	
700.386	53.25	
700.579	73.73	
700.771	34.82	
700.963	-38.91	
701.156	-47.1	
701.348	20.48	
701.54	90.11	
701.733	112.64	
701.925	73.73	
702.117	77.82	
702.309	24.58	
702.502	131.07	
702.694	102.4	
702.886	77.82	
703.078	18.43	
703.271	40.96	
703.463	81.92	
703.655	180.22	
703.847	71.68	
704.039	114.69	
704.231	167.93	
704.423	36.86	
704.615	8.19	
704.808	77.82	
705	90.11	
705.192	229.37	
705.384	75.77	
705.576	45.06	
705.768	188.41	
705.96	24.58	
706.152	94.21	
706.344	43.01	
706.536	79.87	
706.727	16.38	
706.919	65.54	
707.111	94.21	
707.303	96.25	
707.495	108.54	
707.687	51.2	
707.879	174.08	
708.071	30.72	
708.262	28.67	
708.454	86.01	
708.646	59.39	
708.838	81.92	
709.029	45.06	
709.221	63.49	
709.413	73.73	
709.605	32.77	
709.796	38.91	
709.988	118.78	
710.18	55.3	
710.371	53.25	
710.563	43.01	
710.755	143.36	
710.946	182.27	
711.138	12.29	
711.329	53.25	
711.521	98.3	
711.712	110.59	
711.904	61.44	
712.095	-22.53	
712.287	-12.29	
712.478	73.73	
712.67	161.79	
712.861	45.06	
713.053	86.01	
713.244	-14.34	
713.436	92.16	
713.627	18.43	
713.818	36.86	
714.01	114.69	
714.201	116.73	
714.393	51.2	
714.584	141.31	
714.775	0	
714.966	129.02	
715.158	102.4	
715.349	8.19	
715.54	-77.82	
715.732	18.43	
715.923	-26.62	
716.114	141.31	
716.305	98.3	
716.496	14.34	
716.688	43.01	
716.879	83.97	
717.07	104.45	
717.261	104.45	
717.452	86.01	
717.643	-14.34	
717.834	61.44	
718.025	172.03	
718.216	28.67	
718.407	26.62	
718.598	63.49	
718.789	47.1	
718.98	98.3	
719.171	94.21	
719.362	20.48	
719.553	77.82	
719.744	4.1	
719.935	92.16	
720.126	-67.58	
720.317	69.63	
720.508	77.82	
720.699	34.82	
720.889	98.3	
721.08	2.05	
721.271	75.77	
721.462	28.67	
721.653	81.92	
721.843	53.25	
722.034	106.49	
722.225	77.82	
722.416	145.41	
722.606	139.26	
722.797	98.3	
722.988	43.01	
723.178	110.59	
723.369	161.79	
723.56	55.3	
723.75	-24.58	
723.941	161.79	
724.132	55.3	
724.322	208.89	
724.513	188.41	
724.703	108.54	
724.894	81.92	
725.084	98.3	
725.275	174.08	
725.465	184.32	
725.656	139.26	
725.846	77.82	
726.037	137.21	
726.227	100.35	
726.417	155.65	
726.608	51.2	
726.798	126.97	
726.989	126.97	
727.179	79.87	
727.369	20.48	
727.56	28.67	
727.75	143.36	
727.94	36.86	
728.131	12.29	
728.321	32.77	
728.511	176.13	
728.701	143.36	
728.892	69.63	
729.082	55.3	
729.272	143.36	
729.462	-14.34	
729.652	-57.34	
729.842	47.1	
730.033	75.77	
730.223	112.64	
730.413	169.98	
730.603	139.26	
730.793	102.4	
730.983	102.4	
731.173	94.21	
731.363	79.87	
731.553	61.44	
731.743	69.63	
731.933	47.1	
732.123	8.19	
732.313	57.34	
732.503	30.72	
732.693	118.78	
732.883	75.77	
733.073	55.3	
733.263	32.77	
733.452	126.97	
733.642	32.77	
733.832	112.64	
734.022	141.31	
734.212	32.77	
734.402	206.84	
734.591	26.62	
734.781	151.55	
734.971	208.89	
735.161	16.38	
735.35	69.63	
735.54	258.04	
735.73	172.03	
735.919	90.11	
736.109	8.19	
736.299	145.41	
736.488	63.49	
736.678	43.01	
736.867	28.67	
737.057	108.54	
737.247	112.64	
737.436	104.45	
737.626	118.78	
737.815	88.06	
738.005	-51.2	
738.194	26.62	
738.384	28.67	
738.573	190.46	
738.763	61.44	
738.952	-6.14	
739.141	10.24	
739.331	20.48	
739.52	12.29	
739.71	45.06	
739.899	51.2	
740.088	24.58	
740.278	22.53	
740.467	10.24	
740.656	32.77	
740.846	32.77	
741.035	86.01	
741.224	122.88	
741.413	77.82	
741.603	77.82	
741.792	30.72	
741.981	59.39	
742.17	47.1	
742.359	73.73	
742.548	30.72	
742.738	159.74	
742.927	120.83	
743.116	202.75	
743.305	135.17	
743.494	231.42	
743.683	147.45	
743.872	233.47	
744.061	114.69	
744.25	194.56	
744.439	153.6	
744.628	38.91	
744.817	112.64	
745.006	165.89	
745.195	110.59	
745.384	126.97	
745.573	176.13	
745.762	206.84	
745.951	370.68	
746.139	309.24	
746.328	190.46	
746.517	266.24	
746.706	206.84	
746.895	200.7	
747.084	122.88	
747.272	227.32	
747.461	120.83	
747.65	81.92	
747.839	122.88	
748.027	65.54	
748.216	151.55	
748.405	81.92	
748.593	55.3	
748.782	-57.34	
748.971	137.21	
749.159	49.15	
749.348	94.21	
749.536	12.29	
749.725	-2.05	
749.914	83.97	
750.102	45.06	
750.291	38.91	
750.479	0	
750.668	106.49	
750.856	69.63	
751.045	90.11	
751.233	112.64	
751.421	49.15	
751.61	116.73	
751.798	10.24	
751.987	-28.67	
752.175	67.58	
752.363	71.68	
752.552	67.58	
752.74	81.92	
752.928	137.21	
753.117	73.73	
753.305	122.88	
753.493	-45.06	
753.682	65.54	
753.87	118.78	
754.058	126.97	
754.246	32.77	
754.434	104.45	
754.623	83.97	
754.811	-36.86	
754.999	122.88	
755.187	40.96	
755.375	-16.38	
755.563	63.49	
755.751	73.73	
755.94	96.25	
756.128	83.97	
756.316	14.34	
756.504	88.06	
756.692	94.21	
756.88	63.49	
757.068	49.15	
757.256	59.39	
757.444	24.58	
757.632	6.14	
757.819	34.82	
758.007	116.73	
758.195	81.92	
758.383	63.49	
758.571	163.84	
758.759	96.25	
758.947	69.63	
759.135	57.34	
759.322	135.17	
759.51	120.83	
759.698	110.59	
759.886	129.02	
760.073	24.58	
760.261	120.83	
760.449	51.2	
760.637	114.69	
760.824	104.45	
761.012	49.15	
761.2	14.34	
761.387	8.19	
761.575	106.49	
761.762	65.54	
761.95	77.82	
762.138	71.68	
762.325	16.38	
762.513	79.87	
762.7	55.3	
762.888	-2.05	
763.075	55.3	
763.263	20.48	
763.45	83.97	
763.638	-10.24	
763.825	94.21	
764.012	-38.91	
764.2	96.25	
764.387	20.48	
764.575	-28.67	
764.762	59.39	
764.949	47.1	
765.137	86.01	
765.324	28.67	
765.511	131.07	
765.699	92.16	
765.886	-92.16	
766.073	63.49	
766.26	49.15	
766.448	38.91	
766.635	-57.34	
766.822	20.48	
767.009	-2.05	
767.196	45.06	
767.383	114.69	
767.571	40.96	
767.758	0	
767.945	28.67	
768.132	110.59	
768.319	63.49	
768.506	0	
768.693	75.77	
768.88	71.68	
769.067	59.39	
769.254	100.35	
769.441	104.45	
769.628	65.54	
769.815	24.58	
770.002	67.58	
770.189	2.05	
770.376	81.92	
770.563	-34.82	
770.75	92.16	
770.936	55.3	
771.123	12.29	
771.31	38.91	
771.497	55.3	
771.684	24.58	
771.87	24.58	
772.057	120.83	
772.244	126.97	
772.431	180.22	
772.617	145.41	
772.804	57.34	
772.991	36.86	
773.177	53.25	
773.364	61.44	
773.551	-6.14	
773.737	83.97	
773.924	102.4	
774.111	57.34	
774.297	10.24	
774.484	6.14	
774.67	24.58	
774.857	-6.14	
775.043	8.19	
775.23	129.02	
775.416	147.45	
775.603	663.54	
775.789	1994.72	
775.976	4245.44	
776.162	6829.98	
776.349	9121.65	
776.535	10829.66	
776.721	11075.42	
776.908	10278.76	
777.094	8329.09	
777.28	6619.03	
777.467	5072.82	
777.653	3882.95	
777.839	3223.5	
778.025	2652.12	
778.212	2197.47	
778.398	1871.84	
778.584	1585.13	
778.77	1353.71	
778.957	1138.67	
779.143	1021.94	
779.329	747.51	
779.515	573.43	
779.701	493.56	
779.887	299	
780.073	139.26	
780.26	63.49	
780.446	178.17	
780.632	-8.19	
780.818	53.25	
781.004	36.86	
781.19	47.1	
781.376	106.49	
781.562	0	
781.748	-59.39	
781.934	-12.29	
782.12	75.77	
782.305	38.91	
782.491	24.58	
782.677	36.86	
782.863	16.38	
783.049	16.38	
783.235	77.82	
783.421	43.01	
783.606	-20.48	
783.792	45.06	
783.978	47.1	
784.164	38.91	
784.349	4.1	
784.535	-40.96	
784.721	-34.82	
784.907	-28.67	
785.092	114.69	
785.278	16.38	
785.464	-55.3	
785.649	20.48	
785.835	151.55	
786.02	10.24	
786.206	-34.82	
786.392	-4.1	
786.577	26.62	
786.763	38.91	
786.948	28.67	
787.134	22.53	
787.319	20.48	
787.505	57.34	
787.69	-47.1	
787.876	16.38	
788.061	51.2	
788.246	-57.34	
788.432	-135.17	
788.617	36.86	
788.803	-20.48	
788.988	6.14	
789.173	4.1	
789.359	20.48	
789.544	32.77	
789.729	-4.1	
789.915	14.34	
790.1	-4.1	
790.285	43.01	
790.47	4.1	
790.655	47.1	
790.841	43.01	
791.026	16.38	
791.211	-49.15	
791.396	-12.29	
791.581	86.01	
791.766	20.48	
791.952	14.34	
792.137	-47.1	
792.322	-45.06	
792.507	-36.86	
792.692	-36.86	
792.877	20.48	
793.062	-10.24	
793.247	-53.25	
793.432	122.88	
793.617	-24.58	
793.802	24.58	
793.987	61.44	
794.172	2.05	
794.356	69.63	
794.541	-16.38	
794.726	-34.82	
794.911	63.49	
795.096	0	
795.281	-12.29	
795.466	-28.67	
795.65	2.05	
795.835	36.86	
796.02	30.72	
796.205	112.64	
796.389	88.06	
796.574	4.1	
796.759	-43.01	
796.943	-53.25	
797.128	-100.35	
797.313	-34.82	
797.497	79.87	
797.682	43.01	
797.867	36.86	
798.051	-63.49	
798.236	-12.29	
798.42	8.19	
798.605	47.1	
798.789	-83.97	
798.974	-83.97	
799.158	-53.25	
799.343	-8.19	
799.527	18.43	
799.712	-61.44	
799.896	-40.96	
800.081	0	
800.265	4.1	
800.449	18.43	
800.634	-16.38	
800.818	110.59	
801.002	4.1	
801.187	12.29	
801.371	8.19	
801.555	102.4	
801.74	-24.58	
801.924	16.38	
802.108	-38.91	
802.292	28.67	
802.477	4.1	
802.661	126.97	
802.845	65.54	
803.029	-8.19	
803.213	-47.1	
803.397	4.1	
803.581	-73.73	
803.766	-16.38	
803.95	126.97	
804.134	-2.05	
804.318	-40.96	
804.502	-47.1	
804.686	26.62	
804.87	45.06	
805.054	131.07	
805.238	-45.06	
805.422	-18.43	
805.606	-34.82	
805.79	-55.3	
805.973	-43.01	
806.157	-22.53	
806.341	47.1	
806.525	153.6	
806.709	-40.96	
806.893	22.53	
807.077	71.68	
807.26	36.86	
807.444	-32.77	
807.628	77.82	
807.812	2.05	
807.995	-22.53	
808.179	-47.1	
808.363	-63.49	
808.546	4.1	
808.73	-12.29	
808.914	-69.63	
809.097	77.82	
809.281	18.43	
809.465	32.77	
809.648	32.77	
809.832	-51.2	
810.015	126.97	
810.199	20.48	
810.382	-61.44	
810.566	-10.24	
810.749	36.86	
810.933	73.73	
811.116	-106.49	
811.3	36.86	
811.483	-32.77	
811.667	16.38	
811.85	55.3	
812.034	69.63	
812.217	16.38	
812.4	30.72	
812.584	-16.38	
812.767	26.62	
812.95	-86.01	
813.133	59.39	
813.317	10.24	
813.5	-135.17	
813.683	-45.06	
813.866	-57.34	
814.05	-45.06	
814.233	-81.92	
814.416	-40.96	
814.599	-10.24	
814.782	-14.34	
814.965	-49.15	
815.149	-73.73	
815.332	-53.25	
815.515	-67.58	
815.698	-43.01	
815.881	-8.19	
816.064	16.38	
816.247	-38.91	
816.43	-100.35	
816.613	120.83	
816.796	14.34	
816.979	-4.1	
817.162	110.59	
817.345	40.96	
817.528	-32.77	
817.711	-53.25	
817.893	59.39	
818.076	40.96	
818.259	-4.1	
818.442	-30.72	
818.625	63.49	
818.808	-57.34	
818.99	32.77	
819.173	18.43	
819.356	6.14	
819.539	-4.1	
819.721	-59.39	
819.904	40.96	
820.087	-45.06	
820.269	57.34	
820.452	77.82	
820.635	-6.14	
820.817	122.88	
821	184.32	
821.182	208.89	
821.365	2.05	
821.548	59.39	
821.73	36.86	
821.913	16.38	
822.095	61.44	
822.278	61.44	
822.46	14.34	
822.642	145.41	
822.825	30.72	
823.007	20.48	
823.19	73.73	
823.372	49.15	
823.555	12.29	
823.737	32.77	
823.919	38.91	
824.102	-24.58	
824.284	38.91	
824.466	16.38	
824.648	28.67	
824.831	-57.34	
825.013	6.14	
825.195	-69.63	
825.377	-20.48	
825.56	30.72	
825.742	28.67	
825.924	40.96	
826.106	55.3	
826.288	32.77	
826.47	-28.67	
826.652	36.86	
826.835	28.67	
827.017	81.92	
827.199	-4.1	
827.381	-51.2	
827.563	79.87	
827.745	61.44	
827.927	-20.48	
828.109	-53.25	
828.291	-65.53	
828.473	-24.58	
828.655	-45.06	
828.836	-79.87	
829.018	55.3	
829.2	69.63	
829.382	-55.3	
829.564	-57.34	
829.746	-137.21	
829.928	20.48	
830.109	-18.43	
830.291	34.82	
830.473	-92.16	
830.655	-26.62	
830.836	-20.48	
831.018	-49.15	
831.2	-106.49	
831.382	8.19	
831.563	2.05	
831.745	20.48	
831.926	-14.34	
832.108	22.53	
832.29	-73.73	
832.471	-36.86	
832.653	-14.34	
832.834	-51.2	
833.016	-61.44	
833.197	-12.29	
833.379	-34.82	
833.56	77.82	
833.742	-131.07	
833.923	-8.19	
834.105	-30.72	
834.286	120.83	
834.468	20.48	
834.649	-40.96	
834.83	53.25	
835.012	-36.86	
835.193	-98.3	
835.374	-53.25	
835.556	2.05	
835.737	-14.34	
835.918	-81.92	
836.1	47.1	
836.281	-10.24	
836.462	-12.29	
836.643	6.14	
836.824	126.97	
837.006	-24.58	
837.187	-20.48	
837.368	-4.1	
837.549	38.91	
837.73	-47.1	
837.911	0	
838.092	49.15	
838.273	4.1	
838.455	-116.73	
838.636	-36.86	
838.817	-26.62	
838.998	-59.39	
839.179	-26.62	
839.36	28.67	
839.54	28.67	
839.721	0	
839.902	104.45	
840.083	6.14	
840.264	18.43	
840.445	-4.1	
840.626	-100.35	
840.807	-12.29	
840.988	34.82	
841.168	-20.48	
841.349	-26.62	
841.53	-43.01	
841.711	-32.77	
841.891	-28.67	
842.072	14.34	
842.253	-36.86	
842.434	-40.96	
842.614	26.62	
842.795	10.24	
842.976	389.11	
843.156	1257.45	
843.337	2598.87	
843.517	3954.63	
843.698	5359.53	
843.878	6125.47	
844.059	6133.67	
844.24	5400.49	
844.42	4526.01	
844.601	3258.32	
844.781	2594.78	
844.962	1943.52	
845.142	1615.85	
845.322	1400.81	
845.503	1208.3	
845.683	1069.04	
845.864	958.45	
846.044	925.68	
846.224	808.95	
846.405	638.97	
846.585	573.43	
846.765	565.24	
846.946	438.27	
847.126	391.16	
847.306	294.91	
847.486	198.65	
847.667	184.32	
847.847	45.06	
848.027	77.82	
848.207	32.77	
848.387	34.82	
848.567	24.58	
848.747	98.3	
848.928	26.62	
849.108	8.19	
849.288	-28.67	
849.468	-18.43	
849.648	-32.77	
849.828	-63.49	
850.008	-8.19	
850.188	51.2	
850.368	-20.48	
850.548	-75.77	
850.728	198.65	
850.908	-14.34	
851.088	69.63	
851.267	45.06	
851.447	-4.1	
851.627	53.25	
851.807	38.91	
851.987	61.44	
852.167	16.38	
852.346	20.48	
852.526	-69.63	
852.706	100.35	
852.886	96.25	
853.065	38.91	
853.245	-18.43	
853.425	-24.58	
853.605	-53.25	
853.784	-26.62	
853.964	-12.29	
854.143	-96.25	
854.323	43.01	
854.503	18.43	
854.682	55.3	
854.862	-6.14	
855.041	-49.15	
855.221	-100.35	
855.4	-110.59	
855.58	-55.3	
855.759	55.3	
855.939	-8.19	
856.118	4.1	
856.298	-57.34	
856.477	-65.53	
856.657	-34.82	
856.836	-51.2	
857.015	-36.86	
857.195	67.58	
857.374	79.87	
857.553	-81.92	
857.733	96.25	
857.912	-102.4	
858.091	-4.1	
858.27	-53.25	
858.45	16.38	
858.629	-77.82	
858.808	47.1	
858.987	-14.34	
859.166	34.82	
859.345	-122.88	
859.525	8.19	
859.704	26.62	
859.883	4.1	
860.062	-43.01	
860.241	-14.34	
860.42	-53.25	
860.599	110.59	
860.778	26.62	
860.957	12.29	
861.136	18.43	
861.315	86.01	
861.494	38.91	
861.673	16.38	
861.852	-86.01	
862.031	92.16	
862.21	57.34	
862.388	57.34	
862.567	-12.29	
862.746	63.49	
862.925	-69.63	
863.104	-43.01	
863.283	114.69	
863.461	-51.2	
863.64	22.53	
863.819	26.62	
863.997	-43.01	
864.176	-79.87	
864.355	-53.25	
864.534	43.01	
864.712	-10.24	
864.891	0	
865.069	81.92	
865.248	8.19	
865.427	96.25	
865.605	88.06	
865.784	-40.96	
865.962	-20.48	
866.141	-8.19	
866.319	-73.73	
866.498	-34.82	
866.676	55.3	
866.855	8.19	
867.033	14.34	
867.212	49.15	
867.39	79.87	
867.568	96.25	
867.747	53.25	
867.925	81.92	
868.103	104.45	
868.282	6.14	
868.46	-53.25	
868.638	-10.24	
868.817	32.77	
868.995	63.49	
869.173	77.82	
869.351	-16.38	
869.529	8.19	
869.708	-4.1	
869.886	-14.34	
870.064	6.14	
870.242	-8.19	
870.42	6.14	
870.598	-32.77	
870.776	161.79	
870.954	-79.87	
871.133	-45.06	
871.311	-18.43	
871.489	36.86	
871.667	-53.25	
871.845	-83.97	
872.023	2.05	
872.2	8.19	
872.378	36.86	
872.556	38.91	
872.734	-38.91	
872.912	20.48	
873.09	77.82	
873.268	-14.34	
873.446	-20.48	
873.623	6.14	
873.801	-65.53	
873.979	-114.69	
874.157	-129.02	
874.335	32.77	
874.512	57.34	
874.69	-57.34	
874.868	-67.58	
875.045	-75.77	
875.223	-81.92	
875.401	-14.34	
875.578	-65.53	
875.756	2.05	
875.934	94.21	
876.111	-106.49	
876.289	8.19	
876.466	86.01	
876.644	-104.45	
876.821	-12.29	
876.999	-20.48	
877.176	-16.38	
877.354	-53.25	
877.531	20.48	
877.709	43.01	
877.886	32.77	
878.063	12.29	
878.241	-59.39	
878.418	49.15	
878.596	14.34	
878.773	-10.24	
878.95	4.1	
879.127	-81.92	
879.305	-10.24	
879.482	-24.58	
879.659	2.05	
879.836	8.19	
880.014	-49.15	
880.191	12.29	
880.368	120.83	
880.545	57.34	
880.722	-2.05	
880.9	38.91	
881.077	-24.58	
881.254	-14.34	
881.431	22.53	
881.608	0	
881.785	14.34	
881.962	10.24	
882.139	12.29	
882.316	-43.01	
882.493	4.1	
882.67	-12.29	
882.847	-57.34	
883.024	90.11	
883.201	-112.64	
883.378	28.67	
883.554	-45.06	
883.731	98.3	
883.908	-8.19	
884.085	-14.34	
884.262	-43.01	
884.439	20.48	
884.615	-81.92	
884.792	2.05	
884.969	-88.06	
885.146	122.88	
885.322	-102.4	
885.499	-63.49	
885.676	-18.43	
885.852	32.77	
886.029	-98.3	
886.205	55.3	
886.382	18.43	
886.559	-32.77	
886.735	49.15	
886.912	26.62	
887.088	-32.77	
887.265	18.43	
887.441	-81.92	
887.618	-51.2	
887.794	-79.87	
887.971	-98.3	
888.147	-6.14	
888.324	32.77	
888.5	49.15	
888.676	63.49	
888.853	55.3	
889.029	51.2	
889.205	59.39	
889.382	43.01	
889.558	-4.1	
889.734	-88.06	
889.911	-36.86	
890.087	-51.2	
890.263	-4.1	
890.439	-47.1	
890.616	-131.07	
890.792	-73.73	
890.968	-24.58	
891.144	-6.14	
891.32	-79.87	
891.496	-55.3	
891.672	-40.96	
891.848	-49.15	
892.025	-53.25	
892.201	-57.34	
892.377	-61.44	
892.553	22.53	
892.729	-59.39	
892.905	81.92	
893.081	-53.25	
893.256	-26.62	
893.432	-73.73	
893.608	-36.86	
893.784	-57.34	
893.96	18.43	
894.136	-26.62	
894.312	-61.44	
894.488	-16.38	
894.663	63.49	
894.839	-49.15	
895.015	-10.24	
895.191	-32.77	
895.366	-36.86	
895.542	-65.53	
895.718	-40.96	
895.894	28.67	
896.069	-69.63	
896.245	59.39	
896.421	-14.34	
896.596	-40.96	
896.772	32.77	
896.947	-143.36	
897.123	-16.38	
897.298	-59.39	
897.474	-6.14	
897.649	-59.39	
897.825	63.49	
898	-36.86	
898.176	-36.86	
898.351	49.15	
898.527	-61.44	
898.702	-10.24	
898.878	-81.92	
899.053	12.29	
899.228	-40.96	
899.404	-8.19	
899.579	0	
899.754	16.38	
899.93	-12.29	
900.105	-12.29	
900.28	-8.19	
900.455	-24.58	
900.631	22.53	
900.806	10.24	
900.981	-4.1	
901.156	-45.06	
901.331	-2.05	
901.507	-22.53	
901.682	-28.67	
901.857	-73.73	
902.032	38.91	
902.207	-88.06	
902.382	-114.69	
902.557	30.72	
902.732	32.77	
902.907	-51.2	
903.082	36.86	
903.257	-36.86	
903.432	90.11	
903.607	28.67	
903.782	-67.58	
903.957	0	
904.132	-63.49	
904.306	-131.07	
904.481	20.48	
904.656	38.91	
904.831	-22.53	
905.006	-59.39	
905.181	16.38	
905.355	-16.38	
905.53	-28.67	
905.705	-65.53	
905.879	-20.48	
906.054	-28.67	
906.229	-22.53	
906.404	-71.68	
906.578	-20.48	
906.753	20.48	
906.927	-51.2	
907.102	-92.16	
907.277	-122.88	
907.451	-4.1	
907.626	53.25	
907.8	-20.48	
907.975	20.48	
908.149	-94.21	
908.324	-106.49	
908.498	-51.2	
908.673	4.1	
908.847	-65.53	
909.021	12.29	
909.196	38.91	
909.37	-47.1	
909.544	77.82	
909.719	-40.96	
909.893	-79.87	
910.067	-36.86	
910.242	-69.63	
910.416	63.49	
910.59	-94.21	
910.764	-63.49	
910.939	-69.63	
911.113	-102.4	
911.287	-38.91	
911.461	-4.1	
911.635	-43.01	
911.809	8.19	
911.984	-18.43	
912.158	-43.01	
912.332	-20.48	
912.506	-81.92	
912.68	-108.54	
912.854	-2.05	
913.028	-24.58	
913.202	-4.1	
913.376	-59.39	
913.55	28.67	
913.724	67.58	
913.898	8.19	
914.071	-24.58	
914.245	86.01	
914.419	-12.29	
914.593	-49.15	
914.767	-45.06	
914.941	20.48	
915.115	-67.58	
915.288	79.87	
915.462	49.15	
915.636	55.3	
915.81	49.15	
915.983	57.34	
916.157	-18.43	
916.331	24.58	
916.504	-86.01	
916.678	32.77	
916.852	-32.77	
917.025	18.43	
917.199	49.15	
917.372	53.25	
917.546	-43.01	
917.719	-16.38	
917.893	-24.58	
918.066	-120.83	
918.24	-4.1	
918.413	-12.29	
918.587	-32.77	
918.76	-30.72	
918.934	-122.88	
919.107	22.53	
919.28	69.63	
919.454	-8.19	
919.627	4.1	
919.8	-36.86	
919.974	-47.1	
920.147	-83.97	
920.32	-51.2	
920.494	10.24	
920.667	61.44	
920.84	-6.14	
921.013	-20.48	
921.186	10.24	
921.36	-47.1	
921.533	-43.01	
921.706	-16.38	
921.879	-16.38	
922.052	-36.86	
922.225	-45.06	
922.398	-81.92	
922.571	47.1	
922.744	-2.05	
922.917	-45.06	
923.09	6.14	
923.263	-38.91	
923.436	-59.39	
923.609	-16.38	
923.782	0	
923.955	-30.72	
924.128	-32.77	
924.301	124.93	
924.474	-69.63	
924.647	172.03	
924.819	264.19	
924.992	311.29	
925.165	499.7	
925.338	471.03	
925.511	495.61	
925.683	608.25	
925.856	405.5	
926.029	337.91	
926.201	348.15	
926.374	301.05	
926.547	202.75	
926.719	208.89	
926.892	184.32	
927.065	96.25	
927.237	159.74	
927.41	178.17	
927.582	118.78	
927.755	137.21	
927.927	110.59	
928.1	55.3	
928.272	55.3	
928.445	16.38	
928.617	-8.19	
928.79	108.54	
928.962	40.96	
929.134	-8.19	
929.307	-22.53	
929.479	30.72	
929.651	-65.53	
929.824	47.1	
929.996	8.19	
930.168	83.97	
930.341	34.82	
930.513	53.25	
930.685	-28.67	
930.857	-92.16	
931.029	-65.53	
931.202	-69.63	
931.374	-20.48	
931.546	-18.43	
931.718	-69.63	
931.89	-22.53	
932.062	-10.24	
932.234	-4.1	
932.406	-92.16	
932.578	30.72	
932.75	-83.97	
932.922	-43.01	
933.094	-4.1	
933.266	2.05	
933.438	-71.68	
933.61	40.96	
933.782	-12.29	
933.954	-51.2	
934.126	-90.11	
934.298	24.58	
934.47	-12.29	
934.641	-81.92	
934.813	-126.97	
934.985	6.14	
935.157	-77.82	
935.329	30.72	
935.5	-67.58	
935.672	-18.43	
935.844	-28.67	
936.015	10.24	
936.187	-4.1	
936.359	-67.58	
936.53	-61.44	
936.702	26.62	
936.874	65.54	
937.045	-67.58	
937.217	6.14	
937.388	-65.53	
937.56	6.14	
937.731	63.49	
937.903	79.87	
938.074	36.86	
938.246	6.14	
938.417	-30.72	
938.588	-10.24	
938.76	102.4	
938.931	-8.19	
939.103	-38.91	
939.274	-45.06	
939.445	-106.49	
939.617	-96.25	
939.788	-81.92	
939.959	-32.77	
940.13	77.82	
940.302	-40.96	
940.473	-69.63	
940.644	-18.43	
940.815	-43.01	
940.987	0	
941.158	-32.77	
941.329	-75.77	
941.5	-32.77	
941.671	20.48	
941.842	32.77	
942.013	28.67	
942.184	-63.49	
942.355	-22.53	
942.526	-71.68	
942.697	63.49	
942.868	47.1	
943.039	14.34	
943.21	-4.1	
943.381	-40.96	
943.552	77.82	
943.723	61.44	
943.894	-88.06	
944.065	28.67	
944.235	-77.82	
944.406	-45.06	
944.577	47.1	
944.748	-28.67	
944.919	4.1	
945.089	-47.1	
945.26	45.06	
945.431	-69.63	
945.601	-28.67	
945.772	-45.06	
945.943	-90.11	
946.113	4.1	
946.284	-55.3	
946.455	-47.1	
946.625	-26.62	
946.796	-100.35	
946.966	-34.82	
947.137	45.06	
947.307	-53.25	
947.478	-28.67	
947.648	-36.86	
947.819	-157.69	
947.989	-28.67	
948.16	-4.1	
948.33	18.43	
948.5	-12.29	
948.671	-10.24	
948.841	14.34	
949.012	-14.34	
949.182	-26.62	
949.352	4.1	
949.522	-112.64	
949.693	-55.3	
949.863	-20.48	
950.033	-10.24	
950.203	-53.25	
950.374	-51.2	
950.544	8.19	
950.714	-57.34	
950.884	-28.67	
951.054	-86.01	
951.224	47.1	
951.394	10.24	
951.564	2.05	
951.735	16.38	
951.905	-49.15	
952.075	-4.1	
952.245	61.44	
952.415	-12.29	
952.585	-4.1	
952.754	28.67	
952.924	-20.48	
953.094	-8.19	
953.264	-22.53	
953.434	-32.77	
953.604	-116.73	
953.774	-79.87	
953.944	12.29	
954.113	-8.19	
954.283	-10.24	
954.453	2.05	
954.623	-135.17	
954.792	-32.77	
954.962	-77.82	
955.132	-61.44	
955.302	-71.68	
955.471	-18.43	
955.641	-36.86	
955.81	2.05	
955.98	49.15	
956.15	4.1	
956.319	51.2	
956.489	-18.43	
956.658	-124.93	
956.828	-14.34	
956.997	51.2	
957.167	-59.39	
957.336	-28.67	
957.506	-43.01	
957.675	2.05	
957.845	-18.43	
958.014	36.86	
958.183	-36.86	
958.353	2.05	
958.522	-6.14	
958.691	4.1	
958.861	-83.97	
959.03	-32.77	
959.199	-94.21	
959.368	-18.43	
959.538	47.1	
959.707	-77.82	
959.876	2.05	
960.045	-65.53	
960.214	86.01	
960.383	59.39	
960.553	-28.67	
960.722	34.82	
960.891	-51.2	
961.06	6.14	
961.229	-69.63	
961.398	-12.29	
961.567	22.53	
961.736	-16.38	
961.905	-65.53	
962.074	28.67	
962.243	102.4	
962.412	59.39	
962.581	-18.43	
962.75	12.29	
962.918	-67.58	
963.087	32.77	
963.256	-14.34	
963.425	45.06	
963.594	-45.06	
963.763	6.14	
963.931	-57.34	
964.1	-131.07	
964.269	-67.58	
964.437	-77.82	
964.606	38.91	
964.775	-69.63	
964.943	96.25	
965.112	53.25	
965.281	61.44	
965.449	-77.82	
965.618	12.29	
965.786	-14.34	
965.955	-34.82	
966.124	-59.39	
966.292	4.1	
966.461	-86.01	
966.629	2.05	
966.797	-92.16	
966.966	-32.77	
967.134	40.96	
967.303	-77.82	
967.471	-53.25	
967.639	8.19	
967.808	-10.24	
967.976	-22.53	
968.144	28.67	
968.313	0	
968.481	-49.15	
968.649	184.32	
968.817	-14.34	
968.986	-2.05	
969.154	-98.3	
969.322	-22.53	
969.49	-65.53	
969.658	-12.29	
969.827	-34.82	
969.995	-73.73	
970.163	-10.24	
970.331	-28.67	
970.499	8.19	
970.667	49.15	
970.835	-65.53	
971.003	40.96	
971.171	-55.3	
971.339	67.58	
971.507	-38.91	
971.675	-12.29	
971.843	-32.77	
972.011	-14.34	
972.178	34.82	
972.346	-2.05	
972.514	-32.77	
972.682	-43.01	
972.85	-16.38	
973.018	4.1	
973.185	-92.16	
973.353	-28.67	
973.521	0	
973.689	45.06	
973.856	-86.01	
974.024	-18.43	
974.192	16.38	
974.359	-61.44	
974.527	110.59	
974.694	36.86	
974.862	-61.44	
975.03	53.25	
975.197	36.86	
975.365	6.14	
975.532	-94.21	
975.7	8.19	
975.867	86.01	
976.035	22.53	
976.202	-57.34	
976.369	81.92	
976.537	-63.49	
976.704	0	
976.872	4.1	
977.039	83.97	
977.206	28.67	
977.374	-16.38	
977.541	-63.49	
977.708	90.11	
977.875	-49.15	
978.043	-67.58	
978.21	6.14	
978.377	-106.49	
978.544	-83.97	
978.711	-69.63	
978.879	-36.86	
979.046	-32.77	
979.213	-75.77	
979.38	-67.58	
979.547	-4.1	
979.714	-86.01	
979.881	-73.73	
980.048	45.06	
980.215	-47.1	
980.382	-73.73	
980.549	-20.48	
980.716	47.1	
980.883	-26.62	
981.05	77.82	
981.217	20.48	
981.384	-108.54	
981.55	-24.58	
981.717	53.25	
981.884	-36.86	
982.051	-61.44	
982.218	6.14	
982.384	4.1	
982.551	-71.68	
982.718	-36.86	
982.885	-24.58	
983.051	-67.58	
983.218	6.14	
983.385	-49.15	
983.551	36.86	
983.718	24.58	
983.885	-18.43	
984.051	24.58	
984.218	-75.77	
984.384	-24.58	
984.551	59.39	
984.717	57.34	
984.884	8.19	
985.05	-20.48	
985.217	-30.72	
985.383	-28.67	
985.55	-141.31	
985.716	-106.49	
985.882	102.4	
986.049	-22.53	
986.215	16.38	
986.381	6.14	
986.548	-10.24	
986.714	12.29	
986.88	-12.29	
987.046	-14.34	
987.213	28.67	
987.379	-69.63	
987.545	-20.48	
987.711	-43.01	
987.877	-16.38	
988.044	65.54	
988.21	40.96	
988.376	-10.24	
988.542	-88.06	
988.708	126.97	
988.874	-2.05	
989.04	34.82	
989.206	-75.77	
989.372	-18.43	
989.538	-81.92	
989.704	-22.53	
989.87	26.62	
990.036	4.1	
990.202	-57.34	
990.368	14.34	
990.534	-43.01	
990.699	-63.49	
990.865	-133.12	
991.031	36.86	
991.197	-20.48	
991.363	-49.15	
991.528	-38.91	
991.694	-12.29	
991.86	-53.25	
992.025	12.29	
992.191	-16.38	
992.357	-6.14	
992.522	-38.91	
992.688	-10.24	
992.854	-81.92	
993.019	-118.78	
993.185	-65.53	
993.35	-20.48	
993.516	-96.25	
993.681	-55.3	
993.847	18.43	
994.012	-120.83	
994.178	-77.82	
994.343	-12.29	
994.509	24.58	
994.674	-77.82	
994.84	-51.2	
995.005	28.67	
995.17	-49.15	
995.336	-55.3	
995.501	2.05	
995.666	-92.16	
995.831	-38.91	
995.997	-26.62	
996.162	-61.44	
996.327	161.79	
996.492	28.67	
996.658	-12.29	
996.823	-77.82	
996.988	-69.63	
997.153	14.34	
997.318	-28.67	
997.483	-51.2	
997.648	-153.6	
997.813	-20.48	
997.978	61.44	
998.143	-104.45	
998.308	47.1	
998.473	-75.77	
998.638	53.25	
998.803	53.25	
998.968	-51.2	
999.133	-24.58	
999.298	0	
999.463	28.67	
999.628	10.24	
999.793	-30.72	
999.957	-4.1	
1000.122	-49.15	
1000.287	-75.77	
1000.452	-34.82	
1000.616	-40.96	
1000.781	-65.53	
1000.946	12.29	
1001.111	-88.06	
1001.275	-40.96	
1001.44	24.58	
1001.604	-28.67	
1001.769	-26.62	
1001.934	-63.49	
1002.098	-90.11	
1002.263	-43.01	
1002.427	-22.53	
1002.592	75.77	
1002.756	-100.35	
1002.921	-18.43	
1003.085	-59.39	
1003.25	38.91	
1003.414	-12.29	
1003.579	-14.34	
1003.743	-104.45	
1003.907	-45.06	
1004.072	-38.91	
1004.236	159.74	
1004.4	0	
1004.565	-20.48	
1004.729	-110.59	
1004.893	14.34	
1005.057	-2.05	
1005.222	-69.63	
1005.386	-32.77	
1005.55	-55.3	
1005.714	-61.44	
1005.878	-30.72	
1006.042	43.01	
1006.206	-4.1	
1006.371	-90.11	
1006.535	-12.29	
1006.699	-40.96	
1006.863	-16.38	
1007.027	61.44	
1007.191	79.87	
1007.355	-38.91	
1007.519	-24.58	
1007.683	28.67	
1007.847	-16.38	
1008.01	0	
1008.174	69.63	
1008.338	4.1	
1008.502	-12.29	
1008.666	-26.62	
1008.83	-4.1	
1008.993	0	
1009.157	-71.68	
1009.321	12.29	
1009.485	-45.06	
1009.648	-73.73	
1009.812	-18.43	
1009.976	-51.2	
1010.139	-86.01	
1010.303	18.43	
1010.467	-75.77	
1010.63	-16.38	
1010.794	-24.58	
1010.957	-32.77	
1011.121	2.05	
1011.285	40.96	
1011.448	4.1	
1011.612	-53.25	
1011.775	12.29	
1011.938	4.1	
1012.102	-45.06	
1012.265	-34.82	
1012.429	-88.06	
1012.592	-2.05	
1012.755	-6.14	
1012.919	47.1	
1013.082	6.14	
1013.245	61.44	
1013.409	-79.87	
1013.572	-28.67	
1013.735	-32.77	
1013.898	65.54	
1014.062	-47.1	
1014.225	40.96	
1014.388	32.77	
1014.551	-77.82	
1014.714	67.58	
1014.877	-10.24	
1015.041	-20.48	
1015.204	6.14	
1015.367	-55.3	
1015.53	47.1	
1015.693	43.01	
1015.856	0	
1016.019	-114.69	
1016.182	-34.82	
1016.345	-22.53	
1016.508	-59.39	
1016.67	-79.87	
1016.833	53.25	
1016.996	55.3	
1017.159	-69.63	
1017.322	-40.96	
1017.485	6.14	
1017.648	-24.58	
1017.81	-16.38	
1017.973	-67.58	
1018.136	14.34	
1018.298	24.58	
1018.461	-26.62	
1018.624	-12.29	
1018.787	-4.1	
1018.949	-75.77	
1019.112	-61.44	
1019.274	-18.43	
1019.437	-53.25	
1019.6	-8.19	
1019.762	-28.67	
1019.925	-34.82	
1020.087	-6.14	
1020.25	-26.62	
1020.412	0	
1020.575	-18.43	
1020.737	-61.44	
1020.899	-2.05	
1021.062	-53.25	
1021.224	-10.24	
1021.387	77.82	
1021.549	-24.58	
1021.711	-18.43	
1021.874	-20.48	
1022.036	88.06	
1022.198	-20.48	
1022.36	-73.73	
1022.523	-81.92	
1022.685	-10.24	
1022.847	-36.86	
1023.009	-83.97	
1023.171	-47.1	
1023.333	-98.3	
1023.496	-10.24	
1023.658	53.25	
1023.82	274.43	
1023.982	30.72	
1024.144	-73.73	
1024.306	-61.44	
1024.468	-73.73	
1024.63	-49.15	
1024.792	-53.25	
1024.954	-86.01	
1025.116	-55.3	
1025.278	-22.53	
1025.44	24.58	
1025.601	-69.63	
1025.763	-55.3	
1025.925	-36.86	
1026.087	-63.49	
1026.249	-32.77	
1026.41	-75.77	
1026.572	22.53	
1026.734	10.24	
1026.896	55.3	
1027.057	-4.1	
1027.219	69.63	
1027.381	-32.77	
1027.542	-30.72	
1027.704	-57.34	
1027.866	-10.24	
1028.027	-28.67	
1028.189	28.67	
1028.35	-22.53	
1028.512	8.19	
1028.673	-4.1	
1028.835	-110.59	
1028.996	20.48	
1029.158	-8.19	
1029.319	-61.44	
1029.481	2.05	
1029.642	6.14	
1029.803	114.69	
1029.965	-63.49	
1030.126	-36.86	
1030.287	-32.77	
1030.449	-43.01	
1030.61	-4.1	
1030.771	-102.4	
1030.933	-63.49	
1031.094	12.29	
1031.255	-79.87	
1031.416	-4.1	
1031.577	-47.1	
1031.738	-32.77	
1031.9	-4.1	
1032.061	-83.97	
1032.222	24.58	
1032.383	53.25	
1032.544	32.77	
1032.705	83.97	
1032.866	38.91	
1033.027	-12.29	
1033.188	-14.34	
1033.349	-20.48	
1033.51	-4.1	
1033.671	-30.72	
1033.832	-55.3	
1033.993	-131.07	
1034.153	-71.68	
1034.314	0	
1034.475	108.54	
1034.636	-20.48	
1034.797	-28.67	
1034.957	20.48	
1035.118	-10.24	
1035.279	59.39	
1035.44	-75.77	
1035.6	-45.06	
1035.761	-10.24	
1035.922	-106.49	
1036.082	-59.39	
1036.243	49.15	
1036.404	0	
1036.564	-86.01	
1036.725	49.15	
1036.885	-4.1	
1037.046	-16.38	
1037.206	-90.11	
1037.367	18.43	
1037.527	-32.77	
1037.688	-20.48	
1037.848	-110.59	
1038.008	-26.62	
1038.169	-26.62	
