USB4E00404_1:101		
345.868	-189.78	
346.082	-189.78	
346.296	-189.78	
346.51	-175.44	
346.724	-152.92	
346.937	-68.95	
347.151	-5.46	
347.365	15.02	
347.579	53.93	
347.793	49.83	
348.006	-44.37	
348.22	-50.52	
348.434	58.03	
348.648	15.02	
348.861	-46.42	
349.075	4.78	
349.289	19.11	
349.502	17.07	
349.716	-23.89	
349.93	70.31	
350.143	125.61	
350.357	64.17	
350.571	-25.94	
350.784	90.79	
350.998	-150.87	
351.212	60.07	
351.425	-15.7	
351.639	21.16	
351.852	8.87	
352.066	43.69	
352.28	-7.51	
352.493	33.45	
352.707	19.11	
352.92	-9.56	
353.134	58.03	
353.347	53.93	
353.561	17.07	
353.774	-95.57	
353.988	10.92	
354.201	-27.99	
354.415	12.97	
354.628	-9.56	
354.841	-17.75	
355.055	88.75	
355.268	25.26	
355.482	-13.65	
355.695	-58.71	
355.908	-46.42	
356.122	-15.7	
356.335	-79.19	
356.549	47.79	
356.762	-36.18	
356.975	6.83	
357.189	-32.08	
357.402	-52.56	
357.615	-1.37	
357.828	-17.75	
358.042	35.5	
358.255	64.17	
358.468	-30.04	
358.682	-54.61	
358.895	17.07	
359.108	-46.42	
359.321	-38.23	
359.534	15.02	
359.748	-71	
359.961	62.12	
360.174	-17.75	
360.387	-44.37	
360.6	29.35	
360.813	-30.04	
361.027	29.35	
361.24	-71	
361.453	10.92	
361.666	-79.19	
361.879	-64.85	
362.092	-19.8	
362.305	-19.8	
362.518	-13.65	
362.731	51.88	
362.944	10.92	
363.157	-122.2	
363.37	-21.85	
363.583	6.83	
363.796	51.88	
364.009	-40.28	
364.222	-144.72	
364.435	-21.85	
364.648	76.46	
364.861	-40.28	
365.074	-75.09	
365.287	43.69	
365.5	-44.37	
365.713	-85.33	
365.926	41.64	
366.139	27.31	
366.352	-13.65	
366.564	-19.8	
366.777	-5.46	
366.99	27.31	
367.203	-89.43	
367.416	-23.89	
367.629	-56.66	
367.841	-68.95	
368.054	45.74	
368.267	-40.28	
368.48	-83.28	
368.693	21.16	
368.905	53.93	
369.118	64.17	
369.331	-60.76	
369.544	-99.67	
369.756	55.98	
369.969	-97.62	
370.182	-21.85	
370.394	21.16	
370.607	-75.09	
370.82	2.73	
371.032	2.73	
371.245	0.68	
371.458	-3.41	
371.67	-40.28	
371.883	-128.34	
372.095	-9.56	
372.308	-79.19	
372.52	-52.56	
372.733	74.41	
372.946	-118.1	
373.158	-38.23	
373.371	-56.66	
373.583	25.26	
373.796	-38.23	
374.008	74.41	
374.221	53.93	
374.433	-103.76	
374.646	-77.14	
374.858	-15.7	
375.071	19.11	
375.283	-58.71	
375.495	-38.23	
375.708	39.59	
375.92	-83.28	
376.133	-62.8	
376.345	-30.04	
376.557	-5.46	
376.77	70.31	
376.982	21.16	
377.194	12.97	
377.407	10.92	
377.619	-81.24	
377.831	35.5	
378.044	-38.23	
378.256	37.55	
378.468	-19.8	
378.68	-21.85	
378.893	10.92	
379.105	-30.04	
379.317	-99.67	
379.529	-71	
379.742	133.8	
379.954	-27.99	
380.166	-23.89	
380.378	49.83	
380.59	-30.04	
380.803	2.73	
381.015	-50.52	
381.227	125.61	
381.439	305.83	
381.651	125.61	
381.863	-21.85	
382.075	41.64	
382.287	-38.23	
382.499	43.69	
382.712	58.03	
382.924	-21.85	
383.136	109.22	
383.348	-40.28	
383.56	-81.24	
383.772	-13.65	
383.984	-56.66	
384.196	12.97	
384.408	-1.37	
384.62	47.79	
384.832	29.35	
385.044	-95.57	
385.255	-42.32	
385.467	68.27	
385.679	158.38	
385.891	8.87	
386.103	-34.13	
386.315	-27.99	
386.527	27.31	
386.739	-101.72	
386.951	55.98	
387.162	53.93	
387.374	-40.28	
387.586	58.03	
387.798	47.79	
388.01	84.65	
388.221	-21.85	
388.433	-13.65	
388.645	-9.56	
388.857	-44.37	
389.069	-54.61	
389.28	64.17	
389.492	-46.42	
389.704	115.37	
389.915	19.11	
390.127	-7.51	
390.339	-95.57	
390.55	-95.57	
390.762	2.73	
390.974	49.83	
391.185	-50.52	
391.397	-44.37	
391.609	-75.09	
391.82	19.11	
392.032	-25.94	
392.243	35.5	
392.455	-9.56	
392.667	60.07	
392.878	-38.23	
393.09	-138.58	
393.301	-71	
393.513	17.07	
393.724	-3.41	
393.936	-126.29	
394.147	-34.13	
394.359	10.92	
394.57	-44.37	
394.782	-56.66	
394.993	-46.42	
395.204	-30.04	
395.416	-30.04	
395.627	-83.28	
395.839	21.16	
396.05	76.46	
396.261	21.16	
396.473	-38.23	
396.684	-11.61	
396.896	10.92	
397.107	80.55	
397.318	10.92	
397.529	-50.52	
397.741	-25.94	
397.952	41.64	
398.163	-58.71	
398.375	51.88	
398.586	-40.28	
398.797	-50.52	
399.008	-77.14	
399.22	84.65	
399.431	10.92	
399.642	41.64	
399.853	-19.8	
400.064	8.87	
400.276	62.12	
400.487	60.07	
400.698	-19.8	
400.909	-13.65	
401.12	8.87	
401.331	-79.19	
401.542	-3.41	
401.754	8.87	
401.965	-1.37	
402.176	17.07	
402.387	55.98	
402.598	-81.24	
402.809	-77.14	
403.02	37.55	
403.231	35.5	
403.442	-9.56	
403.653	-38.23	
403.864	-68.95	
404.075	-73.04	
404.286	8.87	
404.497	-21.85	
404.708	4.78	
404.919	21.16	
405.13	-111.96	
405.341	-105.81	
405.551	-36.18	
405.762	-5.46	
405.973	43.69	
406.184	-44.37	
406.395	19.11	
406.606	31.4	
406.817	76.46	
407.027	-25.94	
407.238	-46.42	
407.449	-52.56	
407.66	55.98	
407.871	-19.8	
408.081	66.22	
408.292	-15.7	
408.503	-62.8	
408.714	31.4	
408.924	19.11	
409.135	-52.56	
409.346	-27.99	
409.556	33.45	
409.767	27.31	
409.978	-34.13	
410.188	25.26	
410.399	-62.8	
410.61	-46.42	
410.82	-30.04	
411.031	37.55	
411.242	-9.56	
411.452	-40.28	
411.663	31.4	
411.873	10.92	
412.084	101.03	
412.295	-9.56	
412.505	25.26	
412.716	-46.42	
412.926	96.94	
413.137	-77.14	
413.347	-66.9	
413.558	15.02	
413.768	15.02	
413.979	47.79	
414.189	29.35	
414.399	39.59	
414.61	-15.7	
414.82	-34.13	
415.031	-77.14	
415.241	-75.09	
415.451	43.69	
415.662	88.75	
415.872	-38.23	
416.083	-30.04	
416.293	-54.61	
416.503	-1.37	
416.714	-32.08	
416.924	-15.7	
417.134	-36.18	
417.344	51.88	
417.555	2.73	
417.765	-38.23	
417.975	-30.04	
418.186	64.17	
418.396	49.83	
418.606	-132.44	
418.816	94.89	
419.026	-36.18	
419.237	-54.61	
419.447	53.93	
419.657	-17.75	
419.867	-56.66	
420.077	-30.04	
420.287	211.62	
420.497	-93.52	
420.708	96.94	
420.918	4.78	
421.128	19.11	
421.338	-46.42	
421.548	2.73	
421.758	-42.32	
421.968	-60.76	
422.178	43.69	
422.388	-36.18	
422.598	-62.8	
422.808	-54.61	
423.018	-27.99	
423.228	-48.47	
423.438	12.97	
423.648	-30.04	
423.858	-27.99	
424.068	-109.91	
424.278	-44.37	
424.488	-38.23	
424.698	74.41	
424.907	-27.99	
425.117	-87.38	
425.327	-36.18	
425.537	-13.65	
425.747	53.93	
425.957	29.35	
426.167	119.46	
426.376	15.02	
426.586	-75.09	
426.796	-5.46	
427.006	0.68	
427.216	68.27	
427.425	-44.37	
427.635	-62.8	
427.845	-81.24	
428.054	-38.23	
428.264	-66.9	
428.474	-3.41	
428.684	53.93	
428.893	-46.42	
429.103	-56.66	
429.313	21.16	
429.522	-13.65	
429.732	-34.13	
429.941	37.55	
430.151	-15.7	
430.361	43.69	
430.57	4.78	
430.78	2.73	
430.989	-15.7	
431.199	98.99	
431.409	8.87	
431.618	-48.47	
431.828	53.93	
432.037	-19.8	
432.247	-103.76	
432.456	-116.05	
432.666	17.07	
432.875	101.03	
433.084	-60.76	
433.294	-54.61	
433.503	10.92	
433.713	-71	
433.922	70.31	
434.132	-60.76	
434.341	58.03	
434.55	-66.9	
434.76	15.02	
434.969	-107.86	
435.178	-68.95	
435.388	-23.89	
435.597	2.73	
435.806	-40.28	
436.016	-116.05	
436.225	27.31	
436.434	15.02	
436.643	15.02	
436.853	-44.37	
437.062	21.16	
437.271	-5.46	
437.48	-15.7	
437.69	-32.08	
437.899	-91.48	
438.108	129.7	
438.317	-91.48	
438.526	-38.23	
438.735	47.79	
438.945	-89.43	
439.154	43.69	
439.363	-118.1	
439.572	-32.08	
439.781	-175.44	
439.99	-13.65	
440.199	-68.95	
440.408	62.12	
440.617	78.51	
440.826	6.83	
441.035	-52.56	
441.244	-79.19	
441.453	-71	
441.662	-34.13	
441.871	-3.41	
442.08	-124.24	
442.289	-9.56	
442.498	27.31	
442.707	-62.8	
442.916	53.93	
443.125	-46.42	
443.334	-42.32	
443.543	-34.13	
443.752	19.11	
443.961	-7.51	
444.169	35.5	
444.378	-79.19	
444.587	-11.61	
444.796	103.08	
445.005	8.87	
445.213	-64.85	
445.422	-19.8	
445.631	-13.65	
445.84	53.93	
446.049	0.68	
446.257	10.92	
446.466	-71	
446.675	-54.61	
446.883	-58.71	
447.092	-34.13	
447.301	-38.23	
447.51	-77.14	
447.718	37.55	
447.927	-93.52	
448.135	-3.41	
448.344	-19.8	
448.553	-30.04	
448.761	-5.46	
448.97	27.31	
449.179	-87.38	
449.387	-60.76	
449.596	-5.46	
449.804	70.31	
450.013	76.46	
450.221	-25.94	
450.43	27.31	
450.638	10.92	
450.847	-27.99	
451.055	-36.18	
451.264	-58.71	
451.472	31.4	
451.681	-32.08	
451.889	-3.41	
452.097	31.4	
452.306	0.68	
452.514	43.69	
452.723	33.45	
452.931	-83.28	
453.139	68.27	
453.348	-60.76	
453.556	-103.76	
453.764	6.83	
453.973	8.87	
454.181	-48.47	
454.389	84.65	
454.598	-17.75	
454.806	-93.52	
455.014	-25.94	
455.222	-21.85	
455.431	-27.99	
455.639	-17.75	
455.847	-1.37	
456.055	10.92	
456.264	-5.46	
456.472	-34.13	
456.68	-60.76	
456.888	-97.62	
457.096	21.16	
457.304	-44.37	
457.512	2.73	
457.721	-44.37	
457.929	4.78	
458.137	31.4	
458.345	47.79	
458.553	-56.66	
458.761	10.92	
458.969	-19.8	
459.177	6.83	
459.385	-38.23	
459.593	51.88	
459.801	-11.61	
460.009	-46.42	
460.217	-9.56	
460.425	43.69	
460.633	-1.37	
460.841	15.02	
461.049	-71	
461.257	-99.67	
461.465	-34.13	
461.673	60.07	
461.88	-3.41	
462.088	45.74	
462.296	76.46	
462.504	15.02	
462.712	-103.76	
462.92	10.92	
463.127	-89.43	
463.335	-50.52	
463.543	-30.04	
463.751	-79.19	
463.959	72.36	
464.166	-103.76	
464.374	35.5	
464.582	35.5	
464.79	86.7	
464.997	-5.46	
465.205	-9.56	
465.413	-77.14	
465.62	-5.46	
465.828	-9.56	
466.036	25.26	
466.243	4.78	
466.451	-9.56	
466.658	-93.52	
466.866	-91.48	
467.074	-64.85	
467.281	2.73	
467.489	23.21	
467.696	-122.2	
467.904	-30.04	
468.111	-42.32	
468.319	80.55	
468.527	-77.14	
468.734	125.61	
468.942	-114	
469.149	-56.66	
469.356	-46.42	
469.564	43.69	
469.771	-3.41	
469.979	27.31	
470.186	15.02	
470.394	10.92	
470.601	-85.33	
470.808	-77.14	
471.016	-50.52	
471.223	41.64	
471.43	0.68	
471.638	25.26	
471.845	96.94	
472.052	-81.24	
472.26	-25.94	
472.467	15.02	
472.674	-85.33	
472.882	-107.86	
473.089	-77.14	
473.296	-3.41	
473.503	-71	
473.711	-132.44	
473.918	-36.18	
474.125	-15.7	
474.332	27.31	
474.539	-11.61	
474.746	6.83	
474.954	-46.42	
475.161	-48.47	
475.368	19.11	
475.575	-38.23	
475.782	-42.32	
475.989	-38.23	
476.196	58.03	
476.403	29.35	
476.61	-54.61	
476.817	-19.8	
477.024	-9.56	
477.231	-48.47	
477.438	86.7	
477.645	37.55	
477.852	-9.56	
478.059	-13.65	
478.266	41.64	
478.473	6.83	
478.68	62.12	
478.887	-42.32	
479.094	-75.09	
479.301	-5.46	
479.508	-71	
479.715	-21.85	
479.922	12.97	
480.129	-118.1	
480.335	-36.18	
480.542	8.87	
480.749	49.83	
480.956	-68.95	
481.163	-79.19	
481.369	-27.99	
481.576	-38.23	
481.783	-56.66	
481.99	-62.8	
482.196	23.21	
482.403	-120.15	
482.61	12.97	
482.817	-7.51	
483.023	15.02	
483.23	-5.46	
483.437	-54.61	
483.643	8.87	
483.85	-46.42	
484.057	88.75	
484.263	-89.43	
484.47	68.27	
484.676	-27.99	
484.883	15.02	
485.09	27.31	
485.296	37.55	
485.503	45.74	
485.709	84.65	
485.916	31.4	
486.122	51.88	
486.329	72.36	
486.535	51.88	
486.742	29.35	
486.948	-9.56	
487.155	-118.1	
487.361	29.35	
487.567	-13.65	
487.774	-38.23	
487.98	-15.7	
488.187	-42.32	
488.393	76.46	
488.599	6.83	
488.806	8.87	
489.012	-60.76	
489.219	-9.56	
489.425	2.73	
489.631	-34.13	
489.837	-111.96	
490.044	41.64	
490.25	-32.08	
490.456	-17.75	
490.663	49.83	
490.869	-58.71	
491.075	17.07	
491.281	25.26	
491.487	-25.94	
491.694	-5.46	
491.9	23.21	
492.106	-21.85	
492.312	-77.14	
492.518	0.68	
492.724	-62.8	
492.931	-32.08	
493.137	-75.09	
493.343	-27.99	
493.549	103.08	
493.755	-21.85	
493.961	-44.37	
494.167	-62.8	
494.373	-25.94	
494.579	-21.85	
494.785	-15.7	
494.991	-79.19	
495.197	37.55	
495.403	-19.8	
495.609	-27.99	
495.815	-19.8	
496.021	62.12	
496.227	-50.52	
496.433	-154.96	
496.639	-17.75	
496.845	-46.42	
497.05	62.12	
497.256	-58.71	
497.462	-87.38	
497.668	43.69	
497.874	-42.32	
498.08	-9.56	
498.286	29.35	
498.491	-11.61	
498.697	4.78	
498.903	-54.61	
499.109	-52.56	
499.314	-97.62	
499.52	-60.76	
499.726	21.16	
499.932	-9.56	
500.137	-13.65	
500.343	-21.85	
500.549	-1.37	
500.754	-44.37	
500.96	35.5	
501.166	8.87	
501.371	-7.51	
501.577	-1.37	
501.782	-60.76	
501.988	47.79	
502.194	-34.13	
502.399	6.83	
502.605	-40.28	
502.81	-21.85	
503.016	-15.7	
503.221	2.73	
503.427	2.73	
503.632	12.97	
503.838	45.74	
504.043	-15.7	
504.249	35.5	
504.454	-15.7	
504.66	-93.52	
504.865	0.68	
505.071	103.08	
505.276	-13.65	
505.481	58.03	
505.687	-66.9	
505.892	35.5	
506.097	53.93	
506.303	-36.18	
506.508	-64.85	
506.713	-101.72	
506.919	4.78	
507.124	-142.68	
507.329	-7.51	
507.535	-23.89	
507.74	10.92	
507.945	-13.65	
508.15	-25.94	
508.356	68.27	
508.561	127.66	
508.766	66.22	
508.971	-27.99	
509.176	15.02	
509.381	123.56	
509.587	-42.32	
509.792	-9.56	
509.997	19.11	
510.202	-58.71	
510.407	-17.75	
510.612	37.55	
510.817	19.11	
511.022	10.92	
511.227	-13.65	
511.432	-146.77	
511.637	6.83	
511.842	-71	
512.047	15.02	
512.252	64.17	
512.457	-9.56	
512.662	58.03	
512.867	-38.23	
513.072	-1.37	
513.277	-46.42	
513.482	-15.7	
513.687	84.65	
513.892	109.22	
514.097	25.26	
514.302	-64.85	
514.507	-75.09	
514.711	-9.56	
514.916	-87.38	
515.121	-107.86	
515.326	-21.85	
515.531	-11.61	
515.735	-50.52	
515.94	-85.33	
516.145	-9.56	
516.35	68.27	
516.554	-1.37	
516.759	21.16	
516.964	-1.37	
517.169	-32.08	
517.373	10.92	
517.578	-44.37	
517.783	2.73	
517.987	-42.32	
518.192	-95.57	
518.396	-44.37	
518.601	86.7	
518.806	150.18	
519.01	-9.56	
519.215	51.88	
519.419	6.83	
519.624	10.92	
519.829	-30.04	
520.033	92.84	
520.238	-91.48	
520.442	21.16	
520.647	84.65	
520.851	25.26	
521.055	25.26	
521.26	-1.37	
521.464	72.36	
521.669	10.92	
521.873	-27.99	
522.078	-44.37	
522.282	-1.37	
522.486	-68.95	
522.691	-120.15	
522.895	43.69	
523.099	21.16	
523.304	-38.23	
523.508	-34.13	
523.712	-19.8	
523.917	-64.85	
524.121	15.02	
524.325	-103.76	
524.53	-42.32	
524.734	-5.46	
524.938	117.42	
525.142	37.55	
525.346	-64.85	
525.551	-56.66	
525.755	86.7	
525.959	-87.38	
526.163	-62.8	
526.367	-9.56	
526.571	23.21	
526.776	-50.52	
526.98	-46.42	
527.184	23.21	
527.388	23.21	
527.592	23.21	
527.796	15.02	
528	47.79	
528.204	6.83	
528.408	10.92	
528.612	-38.23	
528.816	19.11	
529.02	8.87	
529.224	-11.61	
529.428	-101.72	
529.632	-50.52	
529.836	-9.56	
530.04	-27.99	
530.244	-3.41	
530.448	-30.04	
530.652	-32.08	
530.855	-58.71	
531.059	62.12	
531.263	33.45	
531.467	-3.41	
531.671	60.07	
531.875	-32.08	
532.078	-38.23	
532.282	43.69	
532.486	70.31	
532.69	-30.04	
532.893	-103.76	
533.097	58.03	
533.301	-32.08	
533.505	-5.46	
533.708	-81.24	
533.912	-36.18	
534.116	-34.13	
534.319	-50.52	
534.523	-11.61	
534.727	-27.99	
534.93	-118.1	
535.134	-40.28	
535.338	33.45	
535.541	-85.33	
535.745	-60.76	
535.948	-19.8	
536.152	113.32	
536.355	-7.51	
536.559	-60.76	
536.762	23.21	
536.966	-34.13	
537.169	12.97	
537.373	-25.94	
537.576	-85.33	
537.78	21.16	
537.983	-66.9	
538.187	2.73	
538.39	-7.51	
538.593	-114	
538.797	41.64	
539	-42.32	
539.204	37.55	
539.407	-9.56	
539.61	-38.23	
539.814	2.73	
540.017	-38.23	
540.22	33.45	
540.424	-38.23	
540.627	-56.66	
540.83	-44.37	
541.033	37.55	
541.237	-87.38	
541.44	-71	
541.643	-60.76	
541.846	-195.92	
542.049	-17.75	
542.253	-21.85	
542.456	-46.42	
542.659	2.73	
542.862	-44.37	
543.065	-19.8	
543.268	35.5	
543.471	-42.32	
543.674	-58.71	
543.878	-1.37	
544.081	-56.66	
544.284	-66.9	
544.487	-44.37	
544.69	-58.71	
544.893	23.21	
545.096	-58.71	
545.299	-46.42	
545.502	-11.61	
545.705	-118.1	
545.908	4.78	
546.111	-17.75	
546.314	-118.1	
546.516	-11.61	
546.719	-71	
546.922	-7.51	
547.125	-77.14	
547.328	55.98	
547.531	12.97	
547.734	-11.61	
547.936	60.07	
548.139	17.07	
548.342	39.59	
548.545	-3.41	
548.748	-46.42	
548.95	-44.37	
549.153	-66.9	
549.356	45.74	
549.559	-40.28	
549.761	17.07	
549.964	-50.52	
550.167	-7.51	
550.369	-9.56	
550.572	-17.75	
550.775	2.73	
550.977	-50.52	
551.18	-58.71	
551.383	-75.09	
551.585	-124.24	
551.788	-66.9	
551.99	-9.56	
552.193	-19.8	
552.396	-38.23	
552.598	15.02	
552.801	27.31	
553.003	-111.96	
553.206	-46.42	
553.408	-44.37	
553.611	4.78	
553.813	-114	
554.015	-122.2	
554.218	39.59	
554.42	4.78	
554.623	6.83	
554.825	-50.52	
555.027	-114	
555.23	-30.04	
555.432	-48.47	
555.635	-54.61	
555.837	37.55	
556.039	-71	
556.242	0.68	
556.444	-15.7	
556.646	6.83	
556.848	4.78	
557.051	-66.9	
557.253	-71	
557.455	-3.41	
557.657	-30.04	
557.86	-7.51	
558.062	4.78	
558.264	15.02	
558.466	17.07	
558.668	6.83	
558.87	-107.86	
559.073	-54.61	
559.275	-13.65	
559.477	-42.32	
559.679	-25.94	
559.881	-50.52	
560.083	51.88	
560.285	-93.52	
560.487	-34.13	
560.689	53.93	
560.891	-38.23	
561.093	74.41	
561.295	-48.47	
561.497	-85.33	
561.699	-103.76	
561.901	-13.65	
562.103	8.87	
562.305	-5.46	
562.507	51.88	
562.709	-19.8	
562.911	-15.7	
563.113	27.31	
563.314	-5.46	
563.516	8.87	
563.718	-75.09	
563.92	-17.75	
564.122	133.8	
564.323	-132.44	
564.525	-11.61	
564.727	-30.04	
564.929	53.93	
565.131	-124.24	
565.332	-11.61	
565.534	-11.61	
565.736	-60.76	
565.937	-79.19	
566.139	35.5	
566.341	-27.99	
566.542	4.78	
566.744	-30.04	
566.946	-27.99	
567.147	-46.42	
567.349	-27.99	
567.551	-75.09	
567.752	12.97	
567.954	-23.89	
568.155	66.22	
568.357	-40.28	
568.558	-64.85	
568.76	-52.56	
568.961	76.46	
569.163	-85.33	
569.364	-64.85	
569.566	-30.04	
569.767	-27.99	
569.969	-21.85	
570.17	-50.52	
570.372	-11.61	
570.573	2.73	
570.774	37.55	
570.976	31.4	
571.177	-56.66	
571.378	-111.96	
571.58	-64.85	
571.781	-30.04	
571.982	6.83	
572.184	-38.23	
572.385	-95.57	
572.586	-30.04	
572.788	43.69	
572.989	-109.91	
573.19	-44.37	
573.391	21.16	
573.592	-85.33	
573.794	-66.9	
573.995	-97.62	
574.196	-25.94	
574.397	37.55	
574.598	49.83	
574.799	-9.56	
575.001	-54.61	
575.202	-44.37	
575.403	6.83	
575.604	-64.85	
575.805	-34.13	
576.006	-27.99	
576.207	-144.72	
576.408	-68.95	
576.609	29.35	
576.81	19.11	
577.011	-173.39	
577.212	-15.7	
577.413	-132.44	
577.614	6.83	
577.815	-111.96	
578.016	-73.04	
578.217	45.74	
578.418	21.16	
578.619	-1.37	
578.819	68.27	
579.02	-48.47	
579.221	-40.28	
579.422	-105.81	
579.623	-17.75	
579.824	-44.37	
580.024	51.88	
580.225	12.97	
580.426	23.21	
580.627	21.16	
580.827	-81.24	
581.028	-34.13	
581.229	-21.85	
581.43	0.68	
581.63	-71	
581.831	8.87	
582.032	-91.48	
582.232	92.84	
582.433	-81.24	
582.634	-30.04	
582.834	0.68	
583.035	-44.37	
583.235	-7.51	
583.436	-9.56	
583.636	-58.71	
583.837	-42.32	
584.038	-32.08	
584.238	-75.09	
584.439	-1.37	
584.639	19.11	
584.84	-56.66	
585.04	-48.47	
585.241	-19.8	
585.441	-9.56	
585.641	27.31	
585.842	-44.37	
586.042	-15.7	
586.243	39.59	
586.443	-97.62	
586.643	-66.9	
586.844	-103.76	
587.044	-3.41	
587.244	15.02	
587.445	31.4	
587.645	-46.42	
587.845	-15.7	
588.046	-25.94	
588.246	-11.61	
588.446	-11.61	
588.646	35.5	
588.847	23.21	
589.047	-87.38	
589.247	-46.42	
589.447	-13.65	
589.647	-7.51	
589.847	10.92	
590.048	-87.38	
590.248	-27.99	
590.448	-21.85	
590.648	-3.41	
590.848	-71	
591.048	-77.14	
591.248	21.16	
591.448	-13.65	
591.648	-38.23	
591.848	-42.32	
592.048	-60.76	
592.248	-79.19	
592.448	-52.56	
592.648	-27.99	
592.848	2.73	
593.048	-34.13	
593.248	2.73	
593.448	-19.8	
593.648	86.7	
593.848	-71	
594.048	-68.95	
594.248	-62.8	
594.447	-27.99	
594.647	-32.08	
594.847	-27.99	
595.047	76.46	
595.247	-89.43	
595.447	-17.75	
595.646	-21.85	
595.846	-13.65	
596.046	33.45	
596.246	-32.08	
596.445	4.78	
596.645	-46.42	
596.845	19.11	
597.044	-79.19	
597.244	-19.8	
597.444	-48.47	
597.643	-11.61	
597.843	-85.33	
598.043	-30.04	
598.242	19.11	
598.442	-79.19	
598.641	60.07	
598.841	19.11	
599.041	-44.37	
599.24	-136.53	
599.44	64.17	
599.639	-50.52	
599.839	101.03	
600.038	10.92	
600.238	139.94	
600.437	4.78	
600.637	2.73	
600.836	72.36	
601.035	29.35	
601.235	-42.32	
601.434	-34.13	
601.634	-1.37	
601.833	-50.52	
602.032	49.83	
602.232	-3.41	
602.431	53.93	
602.63	-5.46	
602.83	-71	
603.029	-21.85	
603.228	-7.51	
603.427	-9.56	
603.627	15.02	
603.826	23.21	
604.025	-36.18	
604.224	-17.75	
604.424	47.79	
604.623	-27.99	
604.822	-79.19	
605.021	-46.42	
605.22	10.92	
605.419	-71	
605.618	31.4	
605.818	-46.42	
606.017	-19.8	
606.216	-25.94	
606.415	-77.14	
606.614	-21.85	
606.813	-19.8	
607.012	-95.57	
607.211	-1.37	
607.41	-25.94	
607.609	-71	
607.808	-23.89	
608.007	12.97	
608.206	-13.65	
608.405	-122.2	
608.604	-52.56	
608.802	-87.38	
609.001	19.11	
609.2	-103.76	
609.399	21.16	
609.598	8.87	
609.797	-62.8	
609.996	-52.56	
610.194	-52.56	
610.393	-66.9	
610.592	-21.85	
610.791	-21.85	
610.99	-44.37	
611.188	-50.52	
611.387	-54.61	
611.586	45.74	
611.784	-56.66	
611.983	-44.37	
612.182	-62.8	
612.38	-17.75	
612.579	10.92	
612.778	37.55	
612.976	-56.66	
613.175	-95.57	
613.374	-50.52	
613.572	-60.76	
613.771	-77.14	
613.969	92.84	
614.168	12.97	
614.366	-38.23	
614.565	-19.8	
614.763	-15.7	
614.962	-13.65	
615.16	-21.85	
615.359	-54.61	
615.557	35.5	
615.756	-66.9	
615.954	-68.95	
616.153	-93.52	
616.351	-36.18	
616.549	-32.08	
616.748	-52.56	
616.946	49.83	
617.144	-71	
617.343	70.31	
617.541	-48.47	
617.739	-3.41	
617.938	-83.28	
618.136	12.97	
618.334	-32.08	
618.532	-71	
618.731	-83.28	
618.929	-111.96	
619.127	43.69	
619.325	-134.48	
619.523	-5.46	
619.722	-38.23	
619.92	-34.13	
620.118	-27.99	
620.316	47.79	
620.514	35.5	
620.712	21.16	
620.91	-60.76	
621.108	45.74	
621.306	47.79	
621.505	-34.13	
621.703	-19.8	
621.901	-75.09	
622.099	-21.85	
622.297	35.5	
622.495	-62.8	
622.693	-77.14	
622.89	6.83	
623.088	-19.8	
623.286	-120.15	
623.484	-46.42	
623.682	2.73	
623.88	-5.46	
624.078	-66.9	
624.276	-116.05	
624.474	0.68	
624.671	-11.61	
624.869	58.03	
625.067	-103.76	
625.265	-17.75	
625.463	-11.61	
625.66	39.59	
625.858	-17.75	
626.056	-23.89	
626.254	27.31	
626.451	-21.85	
626.649	-99.67	
626.847	-5.46	
627.044	0.68	
627.242	-36.18	
627.44	21.16	
627.637	-30.04	
627.835	-54.61	
628.032	-87.38	
628.23	15.02	
628.428	-21.85	
628.625	86.7	
628.823	-15.7	
629.02	107.18	
629.218	-42.32	
629.415	23.21	
629.613	-36.18	
629.81	15.02	
630.008	47.79	
630.205	-46.42	
630.403	-38.23	
630.6	-3.41	
630.797	-34.13	
630.995	-68.95	
631.192	-79.19	
631.39	4.78	
631.587	-13.65	
631.784	-38.23	
631.982	60.07	
632.179	-38.23	
632.376	-11.61	
632.574	-46.42	
632.771	-44.37	
632.968	37.55	
633.165	80.55	
633.363	-48.47	
633.56	-21.85	
633.757	-9.56	
633.954	10.92	
634.151	27.31	
634.349	19.11	
634.546	64.17	
634.743	-146.77	
634.94	-32.08	
635.137	-42.32	
635.334	19.11	
635.531	-107.86	
635.728	-27.99	
635.925	-68.95	
636.122	-56.66	
636.319	6.83	
636.516	55.98	
636.713	-152.92	
636.91	47.79	
637.107	17.07	
637.304	168.62	
637.501	29.35	
637.698	37.55	
637.895	-54.61	
638.092	-25.94	
638.289	-30.04	
638.486	2.73	
638.683	35.5	
638.88	66.22	
639.076	-30.04	
639.273	19.11	
639.47	-44.37	
639.667	23.21	
639.864	2.73	
640.06	-9.56	
640.257	-144.72	
640.454	47.79	
640.651	-34.13	
640.847	-34.13	
641.044	-21.85	
641.241	82.6	
641.437	-25.94	
641.634	23.21	
641.831	-25.94	
642.027	0.68	
642.224	-124.24	
642.421	-109.91	
642.617	6.83	
642.814	-21.85	
643.01	8.87	
643.207	-50.52	
643.403	-42.32	
643.6	117.42	
643.796	-91.48	
643.993	60.07	
644.189	-71	
644.386	53.93	
644.582	-66.9	
644.779	-97.62	
644.975	-25.94	
645.172	-40.28	
645.368	-46.42	
645.564	-99.67	
645.761	10.92	
645.957	66.22	
646.153	-161.11	
646.35	-58.71	
646.546	-30.04	
646.742	-30.04	
646.939	-7.51	
647.135	-71	
647.331	-89.43	
647.527	86.7	
647.724	-54.61	
647.92	-5.46	
648.116	-27.99	
648.312	-60.76	
648.509	-71	
648.705	-109.91	
648.901	45.74	
649.097	29.35	
649.293	-25.94	
649.489	21.16	
649.685	-9.56	
649.881	-11.61	
650.077	51.88	
650.274	8.87	
650.47	-17.75	
650.666	19.11	
650.862	-13.65	
651.058	76.46	
651.254	-17.75	
651.45	-27.99	
651.645	-23.89	
651.841	-42.32	
652.037	60.07	
652.233	64.17	
652.429	-77.14	
652.625	62.12	
652.821	-60.76	
653.017	-60.76	
653.213	25.26	
653.408	-46.42	
653.604	-9.56	
653.8	-58.71	
653.996	-124.24	
654.192	-71	
654.387	-148.82	
654.583	29.35	
654.779	25.26	
654.975	43.69	
655.17	113.32	
655.366	68.27	
655.562	285.35	
655.757	168.62	
655.953	189.1	
656.149	170.66	
656.344	115.37	
656.54	162.47	
656.735	111.27	
656.931	64.17	
657.127	82.6	
657.322	115.37	
657.518	31.4	
657.713	119.46	
657.909	21.16	
658.104	131.75	
658.3	0.68	
658.495	-34.13	
658.691	-48.47	
658.886	-56.66	
659.082	-95.57	
659.277	-34.13	
659.472	-25.94	
659.668	0.68	
659.863	-68.95	
660.059	-36.18	
660.254	-3.41	
660.449	-66.9	
660.644	-34.13	
660.84	-9.56	
661.035	-7.51	
661.23	-11.61	
661.426	-93.52	
661.621	-9.56	
661.816	-73.04	
662.011	-5.46	
662.207	-30.04	
662.402	-64.85	
662.597	27.31	
662.792	-36.18	
662.987	-44.37	
663.182	-62.8	
663.377	-21.85	
663.573	-81.24	
663.768	4.78	
663.963	-50.52	
664.158	-101.72	
664.353	-34.13	
664.548	-19.8	
664.743	37.55	
664.938	-15.7	
665.133	-81.24	
665.328	2.73	
665.523	-34.13	
665.718	-62.8	
665.913	-25.94	
666.108	43.69	
666.303	-73.04	
666.498	94.89	
666.692	-159.06	
666.887	-3.41	
667.082	-62.8	
667.277	-93.52	
667.472	-11.61	
667.667	-30.04	
667.861	-13.65	
668.056	-83.28	
668.251	-9.56	
668.446	8.87	
668.64	21.16	
668.835	-19.8	
669.03	-77.14	
669.225	-27.99	
669.419	-21.85	
669.614	-81.24	
669.809	60.07	
670.003	37.55	
670.198	39.59	
670.393	-17.75	
670.587	17.07	
670.782	10.92	
670.976	23.21	
671.171	-103.76	
671.365	-56.66	
671.56	51.88	
671.754	58.03	
671.949	-68.95	
672.143	27.31	
672.338	27.31	
672.532	-38.23	
672.727	-13.65	
672.921	51.88	
673.116	17.07	
673.31	-21.85	
673.504	-23.89	
673.699	64.17	
673.893	39.59	
674.088	-52.56	
674.282	-13.65	
674.476	-13.65	
674.67	21.16	
674.865	-68.95	
675.059	-66.9	
675.253	-97.62	
675.448	-3.41	
675.642	10.92	
675.836	-13.65	
676.03	-3.41	
676.224	51.88	
676.419	-27.99	
676.613	47.79	
676.807	-105.81	
677.001	-1.37	
677.195	84.65	
677.389	-5.46	
677.583	-54.61	
677.777	-7.51	
677.972	-32.08	
678.166	-36.18	
678.36	4.78	
678.554	33.45	
678.748	-50.52	
678.942	-46.42	
679.136	78.51	
679.33	76.46	
679.524	-17.75	
679.717	-5.46	
679.911	-77.14	
680.105	70.31	
680.299	-79.19	
680.493	4.78	
680.687	55.98	
680.881	15.02	
681.075	-11.61	
681.268	-19.8	
681.462	-75.09	
681.656	43.69	
681.85	-7.51	
682.044	-50.52	
682.237	27.31	
682.431	2.73	
682.625	-5.46	
682.819	-36.18	
683.012	-46.42	
683.206	-50.52	
683.4	-13.65	
683.593	-36.18	
683.787	84.65	
683.981	66.22	
684.174	-9.56	
684.368	35.5	
684.561	2.73	
684.755	-11.61	
684.948	-52.56	
685.142	-50.52	
685.335	-52.56	
685.529	-54.61	
685.722	0.68	
685.916	-77.14	
686.109	-32.08	
686.303	-50.52	
686.496	-7.51	
686.69	53.93	
686.883	-13.65	
687.077	-5.46	
687.27	68.27	
687.463	6.83	
687.657	115.37	
687.85	-34.13	
688.043	-5.46	
688.237	-73.04	
688.43	27.31	
688.623	-126.29	
688.816	-5.46	
689.01	-13.65	
689.203	-27.99	
689.396	-44.37	
689.589	45.74	
689.783	-83.28	
689.976	-40.28	
690.169	45.74	
690.362	-68.95	
690.555	-66.9	
690.748	-5.46	
690.941	-25.94	
691.135	-81.24	
691.328	-50.52	
691.521	-130.39	
691.714	-44.37	
691.907	62.12	
692.1	84.65	
692.293	-21.85	
692.486	-19.8	
692.679	-27.99	
692.872	-54.61	
693.065	-83.28	
693.258	19.11	
693.451	-42.32	
693.644	-44.37	
693.836	43.69	
694.029	6.83	
694.222	-58.71	
694.415	-44.37	
694.608	6.83	
694.801	-21.85	
694.993	2.73	
695.186	-107.86	
695.379	113.32	
695.572	-11.61	
695.765	-5.46	
695.957	23.21	
696.15	-48.47	
696.343	10.92	
696.535	51.88	
696.728	15.02	
696.921	-93.52	
697.113	10.92	
697.306	-79.19	
697.499	-17.75	
697.691	35.5	
697.884	12.97	
698.076	15.02	
698.269	-30.04	
698.462	256.68	
698.654	64.17	
698.847	-17.75	
699.039	-17.75	
699.232	-30.04	
699.424	-58.71	
699.617	-9.56	
699.809	-5.46	
700.001	58.03	
700.194	4.78	
700.386	-79.19	
700.579	-81.24	
700.771	-44.37	
700.963	-44.37	
701.156	-99.67	
701.348	19.11	
701.54	-36.18	
701.733	-44.37	
701.925	-81.24	
702.117	-1.37	
702.309	-83.28	
702.502	51.88	
702.694	-17.75	
702.886	-19.8	
703.078	-44.37	
703.271	-25.94	
703.463	2.73	
703.655	19.11	
703.847	80.55	
704.039	-11.61	
704.231	70.31	
704.423	19.11	
704.615	-46.42	
704.808	15.02	
705	-71	
705.192	158.38	
705.384	-120.15	
705.576	-38.23	
705.768	158.38	
705.96	-95.57	
706.152	-71	
706.344	-23.89	
706.536	10.92	
706.727	41.64	
706.919	76.46	
707.111	-27.99	
707.303	4.78	
707.495	41.64	
707.687	-7.51	
707.879	55.98	
708.071	-77.14	
708.262	27.31	
708.454	-1.37	
708.646	31.4	
708.838	37.55	
709.029	23.21	
709.221	-46.42	
709.413	53.93	
709.605	-132.44	
709.796	-23.89	
709.988	25.26	
710.18	-50.52	
710.371	-3.41	
710.563	-50.52	
710.755	-17.75	
710.946	-17.75	
711.138	-30.04	
711.329	8.87	
711.521	-3.41	
711.712	-40.28	
711.904	-17.75	
712.095	-23.89	
712.287	-118.1	
712.478	19.11	
712.67	-1.37	
712.861	-3.41	
713.053	10.92	
713.244	-89.43	
713.436	23.21	
713.627	-34.13	
713.818	-36.18	
714.01	-30.04	
714.201	23.21	
714.393	-85.33	
714.584	166.57	
714.775	-79.19	
714.966	-19.8	
715.158	-89.43	
715.349	41.64	
715.54	-105.81	
715.732	-13.65	
715.923	-105.81	
716.114	4.78	
716.305	-48.47	
716.496	-3.41	
716.688	-118.1	
716.879	12.97	
717.07	10.92	
717.261	76.46	
717.452	17.07	
717.643	-66.9	
717.834	156.33	
718.025	-7.51	
718.216	39.59	
718.407	64.17	
718.598	27.31	
718.789	-13.65	
718.98	53.93	
719.171	-66.9	
719.362	-75.09	
719.553	4.78	
719.744	-34.13	
719.935	-36.18	
720.126	-62.8	
720.317	-95.57	
720.508	-3.41	
720.699	-62.8	
720.889	-34.13	
721.08	-21.85	
721.271	8.87	
721.462	-64.85	
721.653	-60.76	
721.843	60.07	
722.034	-13.65	
722.225	6.83	
722.416	80.55	
722.606	58.03	
722.797	96.94	
722.988	-42.32	
723.178	-71	
723.369	10.92	
723.56	19.11	
723.75	-58.71	
723.941	-5.46	
724.132	-40.28	
724.322	-46.42	
724.513	41.64	
724.703	-99.67	
724.894	-19.8	
725.084	-25.94	
725.275	-30.04	
725.465	33.45	
725.656	31.4	
725.846	-50.52	
726.037	-62.8	
726.227	-52.56	
726.417	-5.46	
726.608	-25.94	
726.798	0.68	
726.989	-32.08	
727.179	-93.52	
727.369	-34.13	
727.56	-54.61	
727.75	-19.8	
727.94	-21.85	
728.131	-23.89	
728.321	-77.14	
728.511	10.92	
728.701	-52.56	
728.892	-1.37	
729.082	-11.61	
729.272	2.73	
729.462	-19.8	
729.652	-99.67	
729.842	-62.8	
730.033	-3.41	
730.223	-42.32	
730.413	-44.37	
730.603	0.68	
730.793	-46.42	
730.983	-36.18	
731.173	-42.32	
731.363	17.07	
731.553	-52.56	
731.743	-62.8	
731.933	-17.75	
732.123	-11.61	
732.313	2.73	
732.503	-99.67	
732.693	127.66	
732.883	-13.65	
733.073	-15.7	
733.263	-13.65	
733.452	58.03	
733.642	-5.46	
733.832	41.64	
734.022	-13.65	
734.212	-60.76	
734.402	-21.85	
734.591	6.83	
734.781	125.61	
734.971	35.5	
735.161	-54.61	
735.35	35.5	
735.54	90.79	
735.73	103.08	
735.919	-77.14	
736.109	-15.7	
736.299	31.4	
736.488	27.31	
736.678	-68.95	
736.867	-62.8	
737.057	2.73	
737.247	-64.85	
737.436	-23.89	
737.626	-17.75	
737.815	0.68	
738.005	-120.15	
738.194	-48.47	
738.384	-30.04	
738.573	103.08	
738.763	12.97	
738.952	-71	
739.141	-66.9	
739.331	-32.08	
739.52	-99.67	
739.71	-11.61	
739.899	23.21	
740.088	-48.47	
740.278	-71	
740.467	-62.8	
740.656	-1.37	
740.846	31.4	
741.035	33.45	
741.224	15.02	
741.413	-7.51	
741.603	-34.13	
741.792	-30.04	
741.981	-93.52	
742.17	-85.33	
742.359	15.02	
742.548	-85.33	
742.738	12.97	
742.927	-50.52	
743.116	60.07	
743.305	-54.61	
743.494	98.99	
743.683	-103.76	
743.872	103.08	
744.061	-134.48	
744.25	-44.37	
744.439	-21.85	
744.628	-62.8	
744.817	-5.46	
745.006	-62.8	
745.195	43.69	
745.384	-32.08	
745.573	-11.61	
745.762	-93.52	
745.951	-5.46	
746.139	43.69	
746.328	-52.56	
746.517	-52.56	
746.706	-11.61	
746.895	-58.71	
747.084	-101.72	
747.272	-19.8	
747.461	35.5	
747.65	-34.13	
747.839	27.31	
748.027	-75.09	
748.216	80.55	
748.405	58.03	
748.593	-58.71	
748.782	70.31	
748.971	-79.19	
749.159	-58.71	
749.348	-93.52	
749.536	-7.51	
749.725	-48.47	
749.914	-52.56	
750.102	53.93	
750.291	-9.56	
750.479	-13.65	
750.668	-3.41	
750.856	-71	
751.045	-1.37	
751.233	25.26	
751.421	-42.32	
751.61	19.11	
751.798	2.73	
751.987	-30.04	
752.175	-46.42	
752.363	-44.37	
752.552	-32.08	
752.74	-21.85	
752.928	-23.89	
753.117	-21.85	
753.305	0.68	
753.493	-66.9	
753.682	-56.66	
753.87	-50.52	
754.058	35.5	
754.246	-19.8	
754.434	10.92	
754.623	101.03	
754.811	-75.09	
754.999	0.68	
755.187	-17.75	
755.375	-38.23	
755.563	23.21	
755.751	-38.23	
755.94	-17.75	
756.128	-44.37	
756.316	-38.23	
756.504	-23.89	
756.692	72.36	
756.88	35.5	
757.068	29.35	
757.256	-68.95	
757.444	-46.42	
757.632	-21.85	
757.819	-75.09	
758.007	-1.37	
758.195	-38.23	
758.383	25.26	
758.571	-3.41	
758.759	-36.18	
758.947	-42.32	
759.135	-116.05	
759.322	-42.32	
759.51	-52.56	
759.698	-21.85	
759.886	-9.56	
760.073	4.78	
760.261	37.55	
760.449	-40.28	
760.637	-50.52	
760.824	-40.28	
761.012	-5.46	
761.2	-54.61	
761.387	-87.38	
761.575	-34.13	
761.762	-50.52	
761.95	15.02	
762.138	23.21	
762.325	-30.04	
762.513	-13.65	
762.7	-42.32	
762.888	-34.13	
763.075	2.73	
763.263	-21.85	
763.45	-7.51	
763.638	-83.28	
763.825	-38.23	
764.012	-111.96	
764.2	-87.38	
764.387	-1.37	
764.575	-3.41	
764.762	-34.13	
764.949	-25.94	
765.137	-111.96	
765.324	-42.32	
765.511	21.16	
765.699	-32.08	
765.886	-146.77	
766.073	-30.04	
766.26	-19.8	
766.448	27.31	
766.635	-13.65	
766.822	-71	
767.009	-97.62	
767.196	-30.04	
767.383	4.78	
767.571	29.35	
767.758	-50.52	
767.945	-85.33	
768.132	-91.48	
768.319	-15.7	
768.506	-95.57	
768.693	-17.75	
768.88	4.78	
769.067	-81.24	
769.254	-44.37	
769.441	49.83	
769.628	2.73	
769.815	-19.8	
770.002	-3.41	
770.189	-36.18	
770.376	35.5	
770.563	25.26	
770.75	-9.56	
770.936	-15.7	
771.123	6.83	
771.31	49.83	
771.497	-81.24	
771.684	-34.13	
771.87	-3.41	
772.057	25.26	
772.244	-11.61	
772.431	-1.37	
772.617	-11.61	
772.804	-21.85	
772.991	-60.76	
773.177	6.83	
773.364	2.73	
773.551	-64.85	
773.737	-46.42	
773.924	-52.56	
774.111	2.73	
774.297	-120.15	
774.484	-91.48	
774.67	-5.46	
774.857	-50.52	
775.043	-136.53	
775.23	55.98	
775.416	-44.37	
775.603	-71	
775.789	12.97	
775.976	-46.42	
776.162	4.78	
776.349	-42.32	
776.535	92.84	
776.721	-17.75	
776.908	-9.56	
777.094	-46.42	
777.28	43.69	
777.467	-7.51	
777.653	-11.61	
777.839	72.36	
778.025	4.78	
778.212	-62.8	
778.398	-38.23	
778.584	19.11	
778.77	-38.23	
778.957	19.11	
779.143	-40.28	
779.329	-38.23	
779.515	-40.28	
779.701	43.69	
779.887	-34.13	
780.073	31.4	
780.26	-93.52	
780.446	23.21	
780.632	-46.42	
780.818	-62.8	
781.004	84.65	
781.19	-95.57	
781.376	-5.46	
781.562	-77.14	
781.748	-66.9	
781.934	-19.8	
782.12	21.16	
782.305	-36.18	
782.491	-79.19	
782.677	-17.75	
782.863	35.5	
783.049	-9.56	
783.235	12.97	
783.421	-9.56	
783.606	-93.52	
783.792	-1.37	
783.978	47.79	
784.164	-11.61	
784.349	-19.8	
784.535	-128.34	
784.721	2.73	
784.907	43.69	
785.092	-42.32	
785.278	-5.46	
785.464	-81.24	
785.649	-30.04	
785.835	109.22	
786.02	-77.14	
786.206	0.68	
786.392	-27.99	
786.577	-11.61	
786.763	19.11	
786.948	-103.76	
787.134	6.83	
787.319	-19.8	
787.505	-89.43	
787.69	-11.61	
787.876	12.97	
788.061	43.69	
788.246	-46.42	
788.432	-144.72	
788.617	-54.61	
788.803	-64.85	
788.988	-66.9	
789.173	-101.72	
789.359	-75.09	
789.544	-11.61	
789.729	35.5	
789.915	-91.48	
790.1	-134.48	
790.285	-38.23	
790.47	-54.61	
790.655	10.92	
790.841	-5.46	
791.026	-27.99	
791.211	-32.08	
791.396	-101.72	
791.581	-30.04	
791.766	-75.09	
791.952	-23.89	
792.137	-25.94	
792.322	-71	
792.507	37.55	
792.692	-64.85	
792.877	-79.19	
793.062	-36.18	
793.247	-42.32	
793.432	15.02	
793.617	31.4	
793.802	37.55	
793.987	2.73	
794.172	-44.37	
794.356	-13.65	
794.541	-52.56	
794.726	-13.65	
794.911	47.79	
795.096	-60.76	
795.281	-11.61	
795.466	-32.08	
795.65	-38.23	
795.835	62.12	
796.02	-48.47	
796.205	166.57	
796.389	15.02	
796.574	-11.61	
796.759	-34.13	
796.943	-5.46	
797.128	-62.8	
797.313	-97.62	
797.497	72.36	
797.682	6.83	
797.867	-27.99	
798.051	-71	
798.236	-60.76	
798.42	12.97	
798.605	-71	
798.789	-3.41	
798.974	-50.52	
799.158	2.73	
799.343	-138.58	
799.527	47.79	
799.712	-40.28	
799.896	-46.42	
800.081	-66.9	
800.265	-19.8	
800.449	-85.33	
800.634	-79.19	
800.818	-36.18	
801.002	-1.37	
801.187	-5.46	
801.371	37.55	
801.555	29.35	
801.74	-62.8	
801.924	-9.56	
802.108	-54.61	
802.292	-15.7	
802.477	-62.8	
802.661	53.93	
802.845	17.07	
803.029	12.97	
803.213	-3.41	
803.397	-1.37	
803.581	21.16	
803.766	-75.09	
803.95	-54.61	
804.134	-54.61	
804.318	-50.52	
804.502	-107.86	
804.686	10.92	
804.87	-34.13	
805.054	2.73	
805.238	-73.04	
805.422	-89.43	
805.606	-23.89	
805.79	-91.48	
805.973	-87.38	
806.157	-32.08	
806.341	-21.85	
806.525	-19.8	
806.709	6.83	
806.893	51.88	
807.077	-54.61	
807.26	53.93	
807.444	-46.42	
807.628	-5.46	
807.812	-48.47	
807.995	-52.56	
808.179	-79.19	
808.363	-9.56	
808.546	27.31	
808.73	17.07	
808.914	-79.19	
809.097	47.79	
809.281	-30.04	
809.465	-79.19	
809.648	25.26	
809.832	-71	
810.015	60.07	
810.199	-34.13	
810.382	-71	
810.566	-36.18	
810.749	-7.51	
810.933	23.21	
811.116	-46.42	
811.3	-17.75	
811.483	12.97	
811.667	-15.7	
811.85	41.64	
812.034	-40.28	
812.217	-1.37	
812.4	-46.42	
812.584	-107.86	
812.767	-30.04	
812.95	-75.09	
813.133	10.92	
813.317	-56.66	
813.5	-68.95	
813.683	-87.38	
813.866	-30.04	
814.05	-13.65	
814.233	-60.76	
814.416	-54.61	
814.599	90.79	
814.782	23.21	
814.965	-60.76	
815.149	-91.48	
815.332	-46.42	
815.515	-42.32	
815.698	-62.8	
815.881	-71	
816.064	-46.42	
816.247	53.93	
816.43	-144.72	
816.613	-13.65	
816.796	31.4	
816.979	-91.48	
817.162	86.7	
817.345	49.83	
817.528	-107.86	
817.711	-44.37	
817.893	-46.42	
818.076	17.07	
818.259	8.87	
818.442	0.68	
818.625	-99.67	
818.808	-52.56	
818.99	-34.13	
819.173	4.78	
819.356	-128.34	
819.539	-91.48	
819.721	-120.15	
819.904	-101.72	
820.087	-11.61	
820.269	-62.8	
820.452	-95.57	
820.635	-60.76	
820.817	0.68	
821	35.5	
821.182	4.78	
821.365	-5.46	
821.548	-99.67	
821.73	-50.52	
821.913	-93.52	
822.095	2.73	
822.278	-77.14	
822.46	8.87	
822.642	-25.94	
822.825	84.65	
823.007	-27.99	
823.19	-34.13	
823.372	-5.46	
823.555	-17.75	
823.737	0.68	
823.919	-34.13	
824.102	-11.61	
824.284	-40.28	
824.466	-5.46	
824.648	8.87	
824.831	-56.66	
825.013	-11.61	
825.195	-38.23	
825.377	-83.28	
825.56	-56.66	
825.742	-21.85	
825.924	39.59	
826.106	0.68	
826.288	33.45	
826.47	-9.56	
826.652	0.68	
826.835	-1.37	
827.017	55.98	
827.199	-60.76	
827.381	-111.96	
827.563	41.64	
827.745	10.92	
827.927	-21.85	
828.109	-116.05	
828.291	-85.33	
828.473	4.78	
828.655	25.26	
828.836	-5.46	
829.018	17.07	
829.2	12.97	
829.382	-36.18	
829.564	-101.72	
829.746	-99.67	
829.928	8.87	
830.109	-62.8	
830.291	-30.04	
830.473	-13.65	
830.655	-11.61	
830.836	-159.06	
831.018	-48.47	
831.2	-17.75	
831.382	25.26	
831.563	10.92	
831.745	-44.37	
831.926	12.97	
832.108	-3.41	
832.29	-126.29	
832.471	-97.62	
832.653	2.73	
832.834	68.27	
833.016	-140.63	
833.197	31.4	
833.379	-101.72	
833.56	45.74	
833.742	-46.42	
833.923	-25.94	
834.105	-62.8	
834.286	58.03	
834.468	12.97	
834.649	15.02	
834.83	21.16	
835.012	-140.63	
835.193	-79.19	
835.374	-30.04	
835.556	-5.46	
835.737	-54.61	
835.918	-81.24	
836.1	-7.51	
836.281	-42.32	
836.462	-50.52	
836.643	-79.19	
836.824	115.37	
837.006	-89.43	
837.187	-44.37	
837.368	-30.04	
837.549	-19.8	
837.73	-5.46	
837.911	76.46	
838.092	-36.18	
838.273	-44.37	
838.455	-11.61	
838.636	-36.18	
838.817	-50.52	
838.998	-15.7	
839.179	-56.66	
839.36	4.78	
839.54	-15.7	
839.721	-19.8	
839.902	2.73	
840.083	58.03	
840.264	-89.43	
840.445	17.07	
840.626	-68.95	
840.807	-54.61	
840.988	-23.89	
841.168	-5.46	
841.349	2.73	
841.53	-66.9	
841.711	2.73	
841.891	8.87	
842.072	-38.23	
842.253	-17.75	
842.434	-107.86	
842.614	-40.28	
842.795	-79.19	
842.976	33.45	
843.156	-66.9	
843.337	31.4	
843.517	-13.65	
843.698	-32.08	
843.878	-62.8	
844.059	-44.37	
844.24	-46.42	
844.42	45.74	
844.601	-109.91	
844.781	-40.28	
844.962	-11.61	
845.142	10.92	
845.322	-89.43	
845.503	-79.19	
845.683	68.27	
845.864	-126.29	
846.044	70.31	
846.224	-95.57	
846.405	-34.13	
846.585	-25.94	
846.765	-52.56	
846.946	-19.8	
847.126	-11.61	
847.306	-40.28	
847.486	-79.19	
847.667	-91.48	
847.847	-91.48	
848.027	-27.99	
848.207	-56.66	
848.387	-3.41	
848.567	-50.52	
848.747	-7.51	
848.928	6.83	
849.108	-1.37	
849.288	33.45	
849.468	29.35	
849.648	-27.99	
849.828	-85.33	
850.008	-9.56	
850.188	-40.28	
850.368	-52.56	
850.548	-83.28	
850.728	31.4	
850.908	4.78	
851.088	2.73	
851.267	76.46	
851.447	8.87	
851.627	-60.76	
851.807	-40.28	
851.987	0.68	
852.167	-19.8	
852.346	21.16	
852.526	-60.76	
852.706	-120.15	
852.886	-15.7	
853.065	-148.82	
853.245	-52.56	
853.425	-1.37	
853.605	-169.3	
853.784	-71	
853.964	74.41	
854.143	-79.19	
854.323	68.27	
854.503	37.55	
854.682	-19.8	
854.862	6.83	
855.041	-85.33	
855.221	-56.66	
855.4	-34.13	
855.58	-19.8	
855.759	17.07	
855.939	-52.56	
856.118	-87.38	
856.298	-66.9	
856.477	-87.38	
856.657	-68.95	
856.836	-134.48	
857.015	-17.75	
857.195	12.97	
857.374	-30.04	
857.553	17.07	
857.733	-15.7	
857.912	-68.95	
858.091	-79.19	
858.27	-87.38	
858.45	-25.94	
858.629	29.35	
858.808	76.46	
858.987	-17.75	
859.166	-17.75	
859.345	-79.19	
859.525	35.5	
859.704	64.17	
859.883	-54.61	
860.062	-9.56	
860.241	-66.9	
860.42	-132.44	
860.599	88.75	
860.778	47.79	
860.957	-19.8	
861.136	-21.85	
861.315	39.59	
861.494	-1.37	
861.673	-21.85	
861.852	-38.23	
862.031	33.45	
862.21	62.12	
862.388	53.93	
862.567	17.07	
862.746	-95.57	
862.925	-52.56	
863.104	-44.37	
863.283	115.37	
863.461	-17.75	
863.64	-30.04	
863.819	-11.61	
863.997	-87.38	
864.176	-114	
864.355	-34.13	
864.534	-36.18	
864.712	10.92	
864.891	31.4	
865.069	2.73	
865.248	-30.04	
865.427	37.55	
865.605	4.78	
865.784	-68.95	
865.962	-83.28	
866.141	-105.81	
866.319	-85.33	
866.498	-23.89	
866.676	78.51	
866.855	-7.51	
867.033	-42.32	
867.212	55.98	
867.39	-11.61	
867.568	31.4	
867.747	68.27	
867.925	115.37	
868.103	94.89	
868.282	-21.85	
868.46	-97.62	
868.638	51.88	
868.817	21.16	
868.995	53.93	
869.173	-71	
869.351	-48.47	
869.529	-87.38	
869.708	-46.42	
869.886	113.32	
870.064	-54.61	
870.242	19.11	
870.42	-75.09	
870.598	-62.8	
870.776	105.13	
870.954	-5.46	
871.133	-38.23	
871.311	-73.04	
871.489	-7.51	
871.667	29.35	
871.845	-54.61	
872.023	-19.8	
872.2	12.97	
872.378	41.64	
872.556	84.65	
872.734	-30.04	
872.912	78.51	
873.09	15.02	
873.268	-111.96	
873.446	-68.95	
873.623	43.69	
873.801	-56.66	
873.979	-79.19	
874.157	-107.86	
874.335	2.73	
874.512	-54.61	
874.69	-95.57	
874.868	-17.75	
875.045	-79.19	
875.223	-50.52	
875.401	-118.1	
875.578	-73.04	
875.756	29.35	
875.934	35.5	
876.111	-79.19	
876.289	-71	
876.466	-50.52	
876.644	-46.42	
876.821	-5.46	
876.999	-21.85	
877.176	-23.89	
877.354	-60.76	
877.531	39.59	
877.709	78.51	
877.886	21.16	
878.063	-58.71	
878.241	-58.71	
878.418	-21.85	
878.596	-3.41	
878.773	12.97	
878.95	8.87	
879.127	-97.62	
879.305	-126.29	
879.482	2.73	
879.659	-66.9	
879.836	-21.85	
880.014	-101.72	
880.191	-13.65	
880.368	-11.61	
880.545	33.45	
880.722	-44.37	
880.9	12.97	
881.077	-91.48	
881.254	-46.42	
881.431	4.78	
881.608	-71	
881.785	-48.47	
881.962	-109.91	
882.139	25.26	
882.316	-44.37	
882.493	-27.99	
882.67	-25.94	
882.847	-99.67	
883.024	29.35	
883.201	-21.85	
883.378	2.73	
883.554	-66.9	
883.731	31.4	
883.908	19.11	
884.085	-19.8	
884.262	29.35	
884.439	-73.04	
884.615	-5.46	
884.792	68.27	
884.969	-120.15	
885.146	72.36	
885.322	10.92	
885.499	-25.94	
885.676	-58.71	
885.852	19.11	
886.029	-56.66	
886.205	-87.38	
886.382	-5.46	
886.559	19.11	
886.735	-58.71	
886.912	39.59	
887.088	-118.1	
887.265	-99.67	
887.441	-93.52	
887.618	23.21	
887.794	-30.04	
887.971	-75.09	
888.147	-58.71	
888.324	-42.32	
888.5	-38.23	
888.676	37.55	
888.853	29.35	
889.029	-46.42	
889.205	-21.85	
889.382	0.68	
889.558	-95.57	
889.734	-62.8	
889.911	-54.61	
890.087	-95.57	
890.263	0.68	
890.439	10.92	
890.616	-93.52	
890.792	-114	
890.968	-11.61	
891.144	17.07	
891.32	-71	
891.496	-101.72	
891.672	-1.37	
891.848	-93.52	
892.025	-42.32	
892.201	-58.71	
892.377	-79.19	
892.553	-30.04	
892.729	-54.61	
892.905	-9.56	
893.081	-71	
893.256	-136.53	
893.432	-132.44	
893.608	15.02	
893.784	-93.52	
893.96	15.02	
894.136	-64.85	
894.312	49.83	
894.488	-42.32	
894.663	55.98	
894.839	-34.13	
895.015	-1.37	
895.191	-5.46	
895.366	-52.56	
895.542	-5.46	
895.718	-30.04	
895.894	-68.95	
896.069	2.73	
896.245	-3.41	
896.421	-5.46	
896.596	-118.1	
896.772	-116.05	
896.947	-23.89	
897.123	8.87	
897.298	-42.32	
897.474	27.31	
897.649	-97.62	
897.825	-17.75	
898	-27.99	
898.176	-83.28	
898.351	-38.23	
898.527	-19.8	
898.702	2.73	
898.878	-71	
899.053	-54.61	
899.228	-101.72	
899.404	-27.99	
899.579	-34.13	
899.754	33.45	
899.93	-15.7	
900.105	-85.33	
900.28	-62.8	
900.455	29.35	
900.631	-15.7	
900.806	-15.7	
900.981	-11.61	
901.156	-73.04	
901.331	-77.14	
901.507	-66.9	
901.682	-75.09	
901.857	-1.37	
902.032	19.11	
902.207	-66.9	
902.382	-58.71	
902.557	-54.61	
902.732	29.35	
902.907	-27.99	
903.082	-13.65	
903.257	17.07	
903.432	27.31	
903.607	-3.41	
903.782	-83.28	
903.957	27.31	
904.132	-64.85	
904.306	-85.33	
904.481	-68.95	
904.656	-13.65	
904.831	43.69	
905.006	-30.04	
905.181	-79.19	
905.355	-77.14	
905.53	31.4	
905.705	-87.38	
905.879	-44.37	
906.054	-42.32	
906.229	-11.61	
906.404	-38.23	
906.578	29.35	
906.753	-52.56	
906.927	-1.37	
907.102	-5.46	
907.277	-111.96	
907.451	-5.46	
907.626	-42.32	
907.8	-58.71	
907.975	4.78	
908.149	-54.61	
908.324	-126.29	
908.498	-42.32	
908.673	-40.28	
908.847	-17.75	
909.021	-91.48	
909.196	19.11	
909.37	21.16	
909.544	-71	
909.719	-77.14	
909.893	-214.35	
910.067	-25.94	
910.242	-15.7	
910.416	105.13	
910.59	4.78	
910.764	-13.65	
910.939	-50.52	
911.113	-25.94	
911.287	-30.04	
911.461	-44.37	
911.635	-71	
911.809	12.97	
911.984	-34.13	
912.158	-73.04	
912.332	15.02	
912.506	-83.28	
912.68	-71	
912.854	-38.23	
913.028	-58.71	
913.202	60.07	
913.376	-50.52	
913.55	-46.42	
913.724	41.64	
913.898	-13.65	
914.071	39.59	
914.245	10.92	
914.419	-32.08	
914.593	2.73	
914.767	-75.09	
914.941	19.11	
915.115	27.31	
915.288	-13.65	
915.462	-1.37	
915.636	33.45	
915.81	41.64	
915.983	-36.18	
916.157	12.97	
916.331	-44.37	
916.504	-75.09	
916.678	29.35	
916.852	-36.18	
917.025	-77.14	
917.199	12.97	
917.372	-11.61	
917.546	-66.9	
917.719	33.45	
917.893	21.16	
918.066	-71	
918.24	-85.33	
918.413	-46.42	
918.587	-81.24	
918.76	-46.42	
918.934	-54.61	
919.107	2.73	
919.28	-21.85	
919.454	17.07	
919.627	41.64	
919.8	25.26	
919.974	-87.38	
920.147	-60.76	
920.32	-107.86	
920.494	-46.42	
920.667	2.73	
920.84	29.35	
921.013	-93.52	
921.186	-46.42	
921.36	-25.94	
921.533	-1.37	
921.706	-85.33	
921.879	-25.94	
922.052	-62.8	
922.225	23.21	
922.398	-38.23	
922.571	19.11	
922.744	-73.04	
922.917	-114	
923.09	27.31	
923.263	-54.61	
923.436	-71	
923.609	25.26	
923.782	58.03	
923.955	-60.76	
924.128	-13.65	
924.301	80.55	
924.474	19.11	
924.647	-19.8	
924.819	-23.89	
924.992	27.31	
925.165	41.64	
925.338	-44.37	
925.511	-46.42	
925.683	-25.94	
925.856	-3.41	
926.029	-21.85	
926.201	15.02	
926.374	31.4	
926.547	-66.9	
926.719	-17.75	
926.892	-79.19	
927.065	41.64	
927.237	21.16	
927.41	64.17	
927.582	-56.66	
927.755	15.02	
927.927	23.21	
928.1	-1.37	
928.272	25.26	
928.445	-89.43	
928.617	-9.56	
928.79	-19.8	
928.962	-87.38	
929.134	-21.85	
929.307	-66.9	
929.479	-105.81	
929.651	-30.04	
929.824	-21.85	
929.996	80.55	
930.168	-34.13	
930.341	-21.85	
930.513	-19.8	
930.685	-13.65	
930.857	-40.28	
931.029	-109.91	
931.202	-79.19	
931.374	-85.33	
931.546	8.87	
931.718	-40.28	
931.89	-44.37	
932.062	-1.37	
932.234	4.78	
932.406	-167.25	
932.578	-36.18	
932.75	-50.52	
932.922	-81.24	
933.094	-30.04	
933.266	45.74	
933.438	-62.8	
933.61	84.65	
933.782	-1.37	
933.954	64.17	
934.126	-62.8	
934.298	-11.61	
934.47	-34.13	
934.641	19.11	
934.813	-62.8	
934.985	-3.41	
935.157	62.12	
935.329	6.83	
935.5	-120.15	
935.672	-27.99	
935.844	-7.51	
936.015	125.61	
936.187	-32.08	
936.359	-136.53	
936.53	-101.72	
936.702	4.78	
936.874	17.07	
937.045	-7.51	
937.217	15.02	
937.388	10.92	
937.56	51.88	
937.731	-54.61	
937.903	-21.85	
938.074	23.21	
938.246	6.83	
938.417	-75.09	
938.588	-77.14	
938.76	92.84	
938.931	-109.91	
939.103	-79.19	
939.274	-77.14	
939.445	-5.46	
939.617	-85.33	
939.788	-66.9	
939.959	-60.76	
940.13	10.92	
940.302	31.4	
940.473	-40.28	
940.644	-13.65	
940.815	-17.75	
940.987	-5.46	
941.158	10.92	
941.329	-56.66	
941.5	21.16	
941.671	-15.7	
941.842	-42.32	
942.013	-5.46	
942.184	21.16	
942.355	19.11	
942.526	-77.14	
942.697	-60.76	
942.868	15.02	
943.039	-46.42	
943.21	-83.28	
943.381	-1.37	
943.552	31.4	
943.723	133.8	
943.894	-30.04	
944.065	23.21	
944.235	-15.7	
944.406	-75.09	
944.577	-32.08	
944.748	-7.51	
944.919	-91.48	
945.089	-66.9	
945.26	31.4	
945.431	-15.7	
945.601	-7.51	
945.772	39.59	
945.943	-44.37	
946.113	55.98	
946.284	-38.23	
946.455	25.26	
946.625	-91.48	
946.796	-97.62	
946.966	-103.76	
947.137	-25.94	
947.307	-27.99	
947.478	47.79	
947.648	-40.28	
947.819	-46.42	
947.989	-99.67	
948.16	43.69	
948.33	31.4	
948.5	-58.71	
948.671	-95.57	
948.841	-40.28	
949.012	-46.42	
949.182	-9.56	
949.352	12.97	
949.522	2.73	
949.693	-46.42	
949.863	-27.99	
950.033	-7.51	
950.203	-9.56	
950.374	109.22	
950.544	43.69	
950.714	-34.13	
950.884	94.89	
951.054	-21.85	
951.224	-25.94	
951.394	-34.13	
951.564	-38.23	
951.735	-7.51	
951.905	-77.14	
952.075	-17.75	
952.245	23.21	
952.415	-68.95	
952.585	-71	
952.754	-27.99	
952.924	-21.85	
953.094	-9.56	
953.264	-1.37	
953.434	29.35	
953.604	-38.23	
953.774	-30.04	
953.944	-11.61	
954.113	37.55	
954.283	78.51	
954.453	-9.56	
954.623	0.68	
954.792	-13.65	
954.962	-87.38	
955.132	-23.89	
955.302	-68.95	
955.471	-75.09	
955.641	-1.37	
955.81	84.65	
955.98	-50.52	
956.15	-1.37	
956.319	80.55	
956.489	-73.04	
956.658	-118.1	
956.828	6.83	
956.997	127.66	
957.167	6.83	
957.336	-42.32	
957.506	-3.41	
957.675	45.74	
957.845	-48.47	
958.014	2.73	
958.183	-95.57	
958.353	-21.85	
958.522	-34.13	
958.691	-23.89	
958.861	-19.8	
959.03	-21.85	
959.199	-107.86	
959.368	-25.94	
959.538	-9.56	
959.707	-3.41	
959.876	-42.32	
960.045	-71	
960.214	58.03	
960.383	-15.7	
960.553	45.74	
960.722	31.4	
960.891	31.4	
961.06	66.22	
961.229	-5.46	
961.398	-13.65	
961.567	41.64	
961.736	-11.61	
961.905	-58.71	
962.074	27.31	
962.243	45.74	
962.412	133.8	
962.581	-50.52	
962.75	62.12	
962.918	-73.04	
963.087	21.16	
963.256	64.17	
963.425	-30.04	
963.594	10.92	
963.763	-25.94	
963.931	6.83	
964.1	-97.62	
964.269	-99.67	
964.437	-46.42	
964.606	21.16	
964.775	-144.72	
964.943	129.7	
965.112	0.68	
965.281	-91.48	
965.449	-13.65	
965.618	-42.32	
965.786	0.68	
965.955	-30.04	
966.124	-44.37	
966.292	0.68	
966.461	-64.85	
966.629	-7.51	
966.797	-54.61	
966.966	-56.66	
967.134	27.31	
967.303	-38.23	
967.471	-150.87	
967.639	55.98	
967.808	-9.56	
967.976	-58.71	
968.144	33.45	
968.313	58.03	
968.481	25.26	
968.649	58.03	
968.817	19.11	
968.986	-64.85	
969.154	-126.29	
969.322	-40.28	
969.49	-64.85	
969.658	-30.04	
969.827	4.78	
969.995	55.98	
970.163	58.03	
970.331	-9.56	
970.499	-62.8	
970.667	68.27	
970.835	43.69	
971.003	-79.19	
971.171	-9.56	
971.339	70.31	
971.507	-1.37	
971.675	-44.37	
971.843	-19.8	
972.011	2.73	
972.178	6.83	
972.346	55.98	
972.514	8.87	
972.682	-42.32	
972.85	-58.71	
973.018	53.93	
973.185	-89.43	
973.353	49.83	
973.521	-46.42	
973.689	6.83	
973.856	-9.56	
974.024	-30.04	
974.192	60.07	
974.359	-71	
974.527	92.84	
974.694	-97.62	
974.862	-21.85	
975.03	-1.37	
975.197	58.03	
975.365	-68.95	
975.532	-60.76	
975.7	84.65	
975.867	-50.52	
976.035	113.32	
976.202	-77.14	
976.369	39.59	
976.537	-93.52	
976.704	-42.32	
976.872	64.17	
977.039	68.27	
977.206	-50.52	
977.374	-36.18	
977.541	10.92	
977.708	39.59	
977.875	4.78	
978.043	-83.28	
978.21	-38.23	
978.377	-60.76	
978.544	-56.66	
978.711	39.59	
978.879	-25.94	
979.046	-5.46	
979.213	-11.61	
979.38	-7.51	
979.547	6.83	
979.714	-66.9	
979.881	66.22	
980.048	-15.7	
980.215	-48.47	
980.382	-81.24	
980.549	-19.8	
980.716	19.11	
980.883	-30.04	
981.05	6.83	
981.217	88.75	
981.384	-38.23	
981.55	-19.8	
981.717	105.13	
981.884	-48.47	
982.051	-68.95	
982.218	-54.61	
982.384	-58.71	
982.551	-46.42	
982.718	-27.99	
982.885	-161.11	
983.051	-27.99	
983.218	43.69	
983.385	-54.61	
983.551	-46.42	
983.718	-34.13	
983.885	-3.41	
984.051	-81.24	
984.218	-13.65	
984.384	62.12	
984.551	15.02	
984.717	72.36	
984.884	21.16	
985.05	4.78	
985.217	35.5	
985.383	-17.75	
985.55	-95.57	
985.716	-7.51	
985.882	-54.61	
986.049	68.27	
986.215	21.16	
986.381	76.46	
986.548	-21.85	
986.714	70.31	
986.88	29.35	
987.046	-1.37	
987.213	-73.04	
987.379	60.07	
987.545	-15.7	
987.711	-21.85	
987.877	-34.13	
988.044	2.73	
988.21	23.21	
988.376	115.37	
988.542	35.5	
988.708	92.84	
988.874	-64.85	
989.04	45.74	
989.206	-3.41	
989.372	-60.76	
989.538	-38.23	
989.704	-7.51	
989.87	37.55	
990.036	8.87	
990.202	-23.89	
990.368	37.55	
990.534	-1.37	
990.699	-42.32	
990.865	4.78	
991.031	-46.42	
991.197	-62.8	
991.363	-132.44	
991.528	-38.23	
991.694	-15.7	
991.86	-15.7	
992.025	-30.04	
992.191	-44.37	
992.357	-9.56	
992.522	-97.62	
992.688	-5.46	
992.854	-60.76	
993.019	-64.85	
993.185	-1.37	
993.35	-13.65	
993.516	-32.08	
993.681	-134.48	
993.847	29.35	
994.012	-54.61	
994.178	-21.85	
994.343	-17.75	
994.509	55.98	
994.674	4.78	
994.84	-3.41	
995.005	47.79	
995.17	-13.65	
995.336	-68.95	
995.501	4.78	
995.666	-85.33	
995.831	2.73	
995.997	53.93	
996.162	6.83	
996.327	205.48	
996.492	37.55	
996.658	47.79	
996.823	-132.44	
996.988	-52.56	
997.153	103.08	
997.318	-81.24	
997.483	-13.65	
997.648	-91.48	
997.813	-79.19	
997.978	0.68	
998.143	-116.05	
998.308	-9.56	
998.473	-77.14	
998.638	53.93	
998.803	6.83	
998.968	-11.61	
999.133	-52.56	
999.298	-52.56	
999.463	70.31	
999.628	-7.51	
999.793	53.93	
999.957	82.6	
1000.122	-75.09	
1000.287	-95.57	
1000.452	-40.28	
1000.616	-21.85	
1000.781	-60.76	
1000.946	21.16	
1001.111	0.68	
1001.275	-58.71	
1001.44	-144.72	
1001.604	-62.8	
1001.769	33.45	
1001.934	-81.24	
1002.098	-71	
1002.263	27.31	
1002.427	-68.95	
1002.592	76.46	
1002.756	-42.32	
1002.921	-9.56	
1003.085	-71	
1003.25	-19.8	
1003.414	47.79	
1003.579	-68.95	
1003.743	-66.9	
1003.907	-1.37	
1004.072	-79.19	
1004.236	92.84	
1004.4	-32.08	
1004.565	-36.18	
1004.729	-58.71	
1004.893	-58.71	
1005.057	31.4	
1005.222	-42.32	
1005.386	-21.85	
1005.55	4.78	
1005.714	-3.41	
1005.878	6.83	
1006.042	17.07	
1006.206	-27.99	
1006.371	-32.08	
1006.535	-30.04	
1006.699	-95.57	
1006.863	33.45	
1007.027	-11.61	
1007.191	72.36	
1007.355	-58.71	
1007.519	-58.71	
1007.683	33.45	
1007.847	-11.61	
1008.01	-1.37	
1008.174	29.35	
1008.338	70.31	
1008.502	19.11	
1008.666	-19.8	
1008.83	17.07	
1008.993	-93.52	
1009.157	-68.95	
1009.321	-15.7	
1009.485	-13.65	
1009.648	-27.99	
1009.812	-13.65	
1009.976	-169.3	
1010.139	-79.19	
1010.303	72.36	
1010.467	-93.52	
1010.63	-17.75	
1010.794	47.79	
1010.957	-5.46	
1011.121	-27.99	
1011.285	27.31	
1011.448	-11.61	
1011.612	31.4	
1011.775	47.79	
1011.938	35.5	
1012.102	-15.7	
1012.265	-62.8	
1012.429	-50.52	
1012.592	-60.76	
1012.755	-95.57	
1012.919	33.45	
1013.082	27.31	
1013.245	-21.85	
1013.409	-52.56	
1013.572	-38.23	
1013.735	-25.94	
1013.898	121.51	
1014.062	-66.9	
1014.225	144.04	
1014.388	-17.75	
1014.551	-73.04	
1014.714	45.74	
1014.877	12.97	
1015.041	43.69	
1015.204	109.22	
1015.367	-48.47	
1015.53	-15.7	
1015.693	-91.48	
1015.856	-15.7	
1016.019	-120.15	
1016.182	-19.8	
1016.345	29.35	
1016.508	-19.8	
1016.67	-109.91	
1016.833	-34.13	
1016.996	10.92	
1017.159	-118.1	
1017.322	17.07	
1017.485	35.5	
1017.648	-30.04	
1017.81	-30.04	
1017.973	-62.8	
1018.136	-56.66	
1018.298	-34.13	
1018.461	-169.3	
1018.624	43.69	
1018.787	27.31	
1018.949	-17.75	
1019.112	-36.18	
1019.274	-38.23	
1019.437	-48.47	
1019.6	-99.67	
1019.762	-1.37	
1019.925	-9.56	
1020.087	8.87	
1020.25	-85.33	
1020.412	-9.56	
1020.575	-54.61	
1020.737	-13.65	
1020.899	39.59	
1021.062	-116.05	
1021.224	35.5	
1021.387	109.22	
1021.549	-25.94	
1021.711	-38.23	
1021.874	66.22	
1022.036	27.31	
1022.198	55.98	
1022.36	-34.13	
1022.523	-38.23	
1022.685	21.16	
1022.847	21.16	
1023.009	-79.19	
1023.171	4.78	
1023.333	-40.28	
1023.496	-23.89	
1023.658	121.51	
1023.82	156.33	
1023.982	12.97	
1024.144	-73.04	
1024.306	-77.14	
1024.468	-64.85	
1024.63	-54.61	
1024.792	-5.46	
1024.954	-32.08	
1025.116	98.99	
1025.278	-79.19	
1025.44	-15.7	
1025.601	19.11	
1025.763	-30.04	
1025.925	-38.23	
1026.087	-3.41	
1026.249	-11.61	
1026.41	-81.24	
1026.572	137.9	
1026.734	-1.37	
1026.896	-1.37	
1027.057	-87.38	
1027.219	90.79	
1027.381	0.68	
1027.542	-56.66	
1027.704	-48.47	
1027.866	-46.42	
1028.027	-97.62	
1028.189	-5.46	
1028.35	-38.23	
1028.512	6.83	
1028.673	-3.41	
1028.835	-68.95	
1028.996	-66.9	
1029.158	17.07	
1029.319	70.31	
1029.481	-21.85	
1029.642	-3.41	
1029.803	62.12	
1029.965	37.55	
1030.126	-42.32	
1030.287	-25.94	
1030.449	-30.04	
1030.61	-5.46	
1030.771	-17.75	
1030.933	-30.04	
1031.094	0.68	
1031.255	-66.9	
1031.416	-9.56	
1031.577	-40.28	
1031.738	17.07	
1031.9	0.68	
1032.061	33.45	
1032.222	-66.9	
1032.383	19.11	
1032.544	31.4	
1032.705	90.79	
1032.866	-1.37	
1033.027	-71	
1033.188	37.55	
1033.349	-103.76	
1033.51	-46.42	
1033.671	25.26	
1033.832	-40.28	
1033.993	-85.33	
1034.153	-60.76	
1034.314	96.94	
1034.475	31.4	
1034.636	-87.38	
1034.797	2.73	
1034.957	-134.48	
1035.118	15.02	
1035.279	-71	
1035.44	4.78	
1035.6	-21.85	
1035.761	-7.51	
1035.922	-42.32	
1036.082	-101.72	
1036.243	15.02	
1036.404	-71	
1036.564	-111.96	
1036.725	-3.41	
1036.885	-87.38	
1037.046	-36.18	
1037.206	-128.34	
1037.367	2.73	
1037.527	-7.51	
1037.688	-38.23	
1037.848	17.07	
1038.008	19.11	
1038.169	-52.56	
