USB4E00404_1:101		
345.868	-190.63	
346.082	-190.63	
346.296	-190.63	
346.51	-225.45	
346.724	-221.35	
346.937	-123.05	
347.151	3.93	
347.365	-18.6	
347.579	26.45	
347.793	57.17	
348.006	-80.04	
348.22	94.04	
348.434	-47.27	
348.648	48.98	
348.861	-24.75	
349.075	40.79	
349.289	22.36	
349.502	-49.32	
349.716	57.17	
349.93	194.39	
350.143	87.89	
350.357	48.98	
350.571	77.65	
350.784	141.14	
350.998	-71.85	
351.212	53.08	
351.425	40.79	
351.639	63.32	
351.852	122.71	
352.066	124.76	
352.28	22.36	
352.493	96.08	
352.707	149.33	
352.92	57.17	
353.134	79.7	
353.347	69.46	
353.561	69.46	
353.774	46.93	
353.988	67.41	
354.201	14.17	
354.415	91.99	
354.628	18.26	
354.841	100.18	
355.055	122.71	
355.268	155.47	
355.482	51.03	
355.695	96.08	
355.908	40.79	
356.122	98.13	
356.335	139.09	
356.549	210.77	
356.762	71.51	
356.975	227.15	
357.189	235.35	
357.402	135	
357.615	165.71	
357.828	206.67	
358.042	94.04	
358.255	96.08	
358.468	42.84	
358.682	-37.03	
358.895	-18.6	
359.108	-47.27	
359.321	-51.37	
359.534	75.6	
359.748	10.07	
359.961	63.32	
360.174	28.5	
360.387	67.41	
360.6	98.13	
360.813	16.21	
361.027	55.12	
361.24	-112.81	
361.453	83.8	
361.666	1.88	
361.879	-28.84	
362.092	36.69	
362.305	34.64	
362.518	-34.99	
362.731	77.65	
362.944	85.84	
363.157	-20.65	
363.37	-0.17	
363.583	14.17	
363.796	-28.84	
364.009	3.93	
364.222	18.26	
364.435	65.36	
364.648	100.18	
364.861	22.36	
365.074	-39.08	
365.287	3.93	
365.5	-34.99	
365.713	65.36	
365.926	96.08	
366.139	87.89	
366.352	46.93	
366.564	30.55	
366.777	77.65	
366.99	112.47	
367.203	-6.31	
367.416	26.45	
367.629	24.4	
367.841	91.99	
368.054	165.71	
368.267	-24.75	
368.48	8.02	
368.693	18.26	
368.905	98.13	
369.118	161.62	
369.331	108.37	
369.544	-55.47	
369.756	87.89	
369.969	-26.79	
370.182	61.27	
370.394	46.93	
370.607	-39.08	
370.82	124.76	
371.032	83.8	
371.245	-20.65	
371.458	-55.47	
371.67	61.27	
371.883	-32.94	
372.095	-14.51	
372.308	-37.03	
372.52	-0.17	
372.733	42.84	
372.946	-53.42	
373.158	16.21	
373.371	55.12	
373.583	38.74	
373.796	145.24	
374.008	112.47	
374.221	180.05	
374.433	77.65	
374.646	118.61	
374.858	206.67	
375.071	114.52	
375.283	159.57	
375.495	98.13	
375.708	149.33	
375.92	-0.17	
376.133	-6.31	
376.345	-8.36	
376.557	10.07	
376.77	69.46	
376.982	26.45	
377.194	59.22	
377.407	-0.17	
377.619	-59.56	
377.831	48.98	
378.044	75.6	
378.256	40.79	
378.468	5.97	
378.68	87.89	
378.893	63.32	
379.105	59.22	
379.317	32.6	
379.529	-39.08	
379.742	264.02	
379.954	173.91	
380.166	116.56	
380.378	85.84	
380.59	116.56	
380.803	83.8	
381.015	98.13	
381.227	135	
381.439	390.99	
381.651	124.76	
381.863	42.84	
382.075	128.85	
382.287	53.08	
382.499	10.07	
382.712	51.03	
382.924	51.03	
383.136	53.08	
383.348	5.97	
383.56	-34.99	
383.772	40.79	
383.984	-80.04	
384.196	48.98	
384.408	85.84	
384.62	75.6	
384.832	198.48	
385.044	-32.94	
385.255	94.04	
385.467	94.04	
385.679	167.76	
385.891	110.42	
386.103	149.33	
386.315	20.31	
386.527	85.84	
386.739	10.07	
386.951	120.66	
387.162	51.03	
387.374	16.21	
387.586	91.99	
387.798	67.41	
388.01	163.67	
388.221	55.12	
388.433	85.84	
388.645	120.66	
388.857	71.51	
389.069	-6.31	
389.28	153.43	
389.492	22.36	
389.704	59.22	
389.915	114.52	
390.127	-22.7	
390.339	24.4	
390.55	175.95	
390.762	46.93	
390.974	63.32	
391.185	94.04	
391.397	14.17	
391.609	83.8	
391.82	292.69	
392.032	28.5	
392.243	59.22	
392.455	32.6	
392.667	169.81	
392.878	48.98	
393.09	-30.89	
393.301	108.37	
393.513	128.85	
393.724	75.6	
393.936	48.98	
394.147	102.23	
394.359	112.47	
394.57	24.4	
394.782	53.08	
394.993	51.03	
395.204	-34.99	
395.416	165.71	
395.627	-14.51	
395.839	104.28	
396.05	63.32	
396.261	44.88	
396.473	71.51	
396.684	151.38	
396.896	-22.7	
397.107	91.99	
397.318	98.13	
397.529	69.46	
397.741	132.95	
397.952	94.04	
398.163	-2.22	
398.375	98.13	
398.586	38.74	
398.797	120.66	
399.008	102.23	
399.22	243.54	
399.431	188.24	
399.642	112.47	
399.853	46.93	
400.064	157.52	
400.276	153.43	
400.487	63.32	
400.698	-18.6	
400.909	51.03	
401.12	12.12	
401.331	-53.42	
401.542	122.71	
401.754	30.55	
401.965	48.98	
402.176	120.66	
402.387	-2.22	
402.598	12.12	
402.809	87.89	
403.02	53.08	
403.231	112.47	
403.442	-34.99	
403.653	83.8	
403.864	67.41	
404.075	57.17	
404.286	-34.99	
404.497	69.46	
404.708	38.74	
404.919	5.97	
405.13	75.6	
405.341	10.07	
405.551	26.45	
405.762	135	
405.973	40.79	
406.184	38.74	
406.395	118.61	
406.606	42.84	
406.817	48.98	
407.027	65.36	
407.238	34.64	
407.449	28.5	
407.66	112.47	
407.871	14.17	
408.081	77.65	
408.292	77.65	
408.503	53.08	
408.714	102.23	
408.924	184.15	
409.135	141.14	
409.346	143.19	
409.556	284.5	
409.767	206.67	
409.978	204.63	
410.188	358.22	
410.399	182.1	
410.61	122.71	
410.82	198.48	
411.031	130.9	
411.242	34.64	
411.452	5.97	
411.663	26.45	
411.873	114.52	
412.084	100.18	
412.295	42.84	
412.505	20.31	
412.716	116.56	
412.926	36.69	
413.137	5.97	
413.347	26.45	
413.558	53.08	
413.768	71.51	
413.979	85.84	
414.189	75.6	
414.399	53.08	
414.61	-43.18	
414.82	57.17	
415.031	63.32	
415.241	18.26	
415.451	114.52	
415.662	-34.99	
415.872	-22.7	
416.083	28.5	
416.293	-14.51	
416.503	157.52	
416.714	61.27	
416.924	-28.84	
417.134	120.66	
417.344	32.6	
417.555	1.88	
417.765	98.13	
417.975	40.79	
418.186	173.91	
418.396	75.6	
418.606	36.69	
418.816	67.41	
419.026	1.88	
419.237	91.99	
419.447	147.28	
419.657	116.56	
419.867	114.52	
420.077	114.52	
420.287	231.25	
420.497	-34.99	
420.708	67.41	
420.918	1.88	
421.128	53.08	
421.338	-22.7	
421.548	3.93	
421.758	61.27	
421.968	-4.27	
422.178	61.27	
422.388	-12.46	
422.598	1.88	
422.808	-26.79	
423.018	67.41	
423.228	22.36	
423.438	32.6	
423.648	91.99	
423.858	132.95	
424.068	-20.65	
424.278	-10.41	
424.488	40.79	
424.698	153.43	
424.907	63.32	
425.117	81.75	
425.327	28.5	
425.537	55.12	
425.747	188.24	
425.957	28.5	
426.167	157.52	
426.376	126.8	
426.586	-10.41	
426.796	-30.89	
427.006	135	
427.216	16.21	
427.425	-20.65	
427.635	34.64	
427.845	51.03	
428.054	16.21	
428.264	67.41	
428.474	3.93	
428.684	110.42	
428.893	22.36	
429.103	79.7	
429.313	59.22	
429.522	81.75	
429.732	12.12	
429.941	87.89	
430.151	89.94	
430.361	161.62	
430.57	124.76	
430.78	100.18	
430.989	1.88	
431.199	216.91	
431.409	26.45	
431.618	-16.55	
431.828	94.04	
432.037	34.64	
432.247	30.55	
432.456	75.6	
432.666	284.5	
432.875	423.76	
433.084	462.67	
433.294	726.86	
433.503	1011.53	
433.713	1019.72	
433.922	1093.44	
434.132	1058.63	
434.341	935.75	
434.55	919.37	
434.76	642.89	
434.969	544.59	
435.178	327.5	
435.388	272.21	
435.597	128.85	
435.806	77.65	
436.016	40.79	
436.225	20.31	
436.434	91.99	
436.643	-24.75	
436.853	71.51	
437.062	73.56	
437.271	65.36	
437.48	53.08	
437.69	-55.47	
437.899	8.02	
438.108	96.08	
438.317	-39.08	
438.526	69.46	
438.735	44.88	
438.945	1.88	
439.154	96.08	
439.363	-30.89	
439.572	42.84	
439.781	-8.36	
439.99	69.46	
440.199	104.28	
440.408	128.85	
440.617	75.6	
440.826	94.04	
441.035	46.93	
441.244	135	
441.453	71.51	
441.662	46.93	
441.871	120.66	
442.08	14.17	
442.289	-22.7	
442.498	75.6	
442.707	67.41	
442.916	173.91	
443.125	-14.51	
443.334	-47.27	
443.543	12.12	
443.752	26.45	
443.961	122.71	
444.169	169.81	
444.378	34.64	
444.587	108.37	
444.796	157.52	
445.005	130.9	
445.213	81.75	
445.422	149.33	
445.631	79.7	
445.84	110.42	
446.049	46.93	
446.257	-18.6	
446.466	32.6	
446.675	26.45	
446.883	110.42	
447.092	91.99	
447.301	180.05	
447.51	14.17	
447.718	81.75	
447.927	24.4	
448.135	149.33	
448.344	100.18	
448.553	-6.31	
448.761	22.36	
448.97	77.65	
449.179	-14.51	
449.387	-4.27	
449.596	3.93	
449.804	104.28	
450.013	194.39	
450.221	26.45	
450.43	51.03	
450.638	100.18	
450.847	96.08	
451.055	61.27	
451.264	61.27	
451.472	118.61	
451.681	36.69	
451.889	59.22	
452.097	122.71	
452.306	100.18	
452.514	-22.7	
452.723	5.97	
452.931	75.6	
453.139	57.17	
453.348	34.64	
453.556	42.84	
453.764	65.36	
453.973	1.88	
454.181	28.5	
454.389	26.45	
454.598	-8.36	
454.806	34.64	
455.014	57.17	
455.222	12.12	
455.431	14.17	
455.639	44.88	
455.847	51.03	
456.055	67.41	
456.264	-41.13	
456.472	104.28	
456.68	83.8	
456.888	42.84	
457.096	157.52	
457.304	108.37	
457.512	124.76	
457.721	94.04	
457.929	18.26	
458.137	145.24	
458.345	159.57	
458.553	112.47	
458.761	30.55	
458.969	22.36	
459.177	40.79	
459.385	24.4	
459.593	83.8	
459.801	42.84	
460.009	-43.18	
460.217	-6.31	
460.425	22.36	
460.633	75.6	
460.841	114.52	
461.049	77.65	
461.257	44.88	
461.465	-8.36	
461.673	110.42	
461.88	161.62	
462.088	98.13	
462.296	169.81	
462.504	192.34	
462.712	175.95	
462.92	135	
463.127	122.71	
463.335	65.36	
463.543	85.84	
463.751	96.08	
463.959	141.14	
464.166	114.52	
464.374	59.22	
464.582	55.12	
464.79	218.96	
464.997	81.75	
465.205	89.94	
465.413	46.93	
465.62	42.84	
465.828	63.32	
466.036	34.64	
466.243	26.45	
466.451	161.62	
466.658	104.28	
466.866	104.28	
467.074	44.88	
467.281	22.36	
467.489	34.64	
467.696	-6.31	
467.904	18.26	
468.111	65.36	
468.319	143.19	
468.527	69.46	
468.734	26.45	
468.942	32.6	
469.149	42.84	
469.356	46.93	
469.564	22.36	
469.771	102.23	
469.979	167.76	
470.186	91.99	
470.394	40.79	
470.601	59.22	
470.808	145.24	
471.016	-6.31	
471.223	46.93	
471.43	165.71	
471.638	143.19	
471.845	77.65	
472.052	81.75	
472.26	61.27	
472.467	135	
472.674	75.6	
472.882	61.27	
473.089	96.08	
473.296	53.08	
473.503	40.79	
473.711	69.46	
473.918	-47.27	
474.125	34.64	
474.332	5.97	
474.539	71.51	
474.746	221.01	
474.954	36.69	
475.161	69.46	
475.368	53.08	
475.575	53.08	
475.782	79.7	
475.989	87.89	
476.196	98.13	
476.403	48.98	
476.61	26.45	
476.817	-6.31	
477.024	38.74	
477.231	108.37	
477.438	61.27	
477.645	59.22	
477.852	126.8	
478.059	198.48	
478.266	128.85	
478.473	218.96	
478.68	194.39	
478.887	120.66	
479.094	69.46	
479.301	126.8	
479.508	63.32	
479.715	36.69	
479.922	149.33	
480.129	-2.22	
480.335	67.41	
480.542	120.66	
480.749	106.32	
480.956	151.38	
481.163	159.57	
481.369	159.57	
481.576	34.64	
481.783	85.84	
481.99	26.45	
482.196	157.52	
482.403	112.47	
482.61	67.41	
482.817	112.47	
483.023	79.7	
483.23	137.04	
483.437	34.64	
483.643	120.66	
483.85	112.47	
484.057	188.24	
484.263	223.06	
484.47	370.51	
484.676	1521.47	
484.883	4515.6	
485.09	8525.52	
485.296	12314.27	
485.503	15533.67	
485.709	16754.26	
485.916	15736.42	
486.122	13137.55	
486.329	10411.7	
486.535	8466.13	
486.742	7417.57	
486.948	6280.95	
487.155	5725.95	
487.361	5457.67	
487.567	4884.23	
487.774	3807	
487.98	3120.93	
488.187	2078.52	
488.393	1257.28	
488.599	624.46	
488.806	337.74	
489.012	169.81	
489.219	122.71	
489.425	198.48	
489.631	145.24	
489.837	118.61	
490.044	87.89	
490.25	114.52	
490.456	98.13	
490.663	153.43	
490.869	77.65	
491.075	157.52	
491.281	108.37	
491.487	206.67	
491.694	91.99	
491.9	85.84	
492.106	216.91	
492.312	141.14	
492.518	100.18	
492.724	223.06	
492.931	130.9	
493.137	161.62	
493.343	202.58	
493.549	161.62	
493.755	159.57	
493.961	135	
494.167	132.95	
494.373	112.47	
494.579	126.8	
494.785	110.42	
494.991	114.52	
495.197	143.19	
495.403	89.94	
495.609	59.22	
495.815	40.79	
496.021	122.71	
496.227	46.93	
496.433	91.99	
496.639	83.8	
496.845	165.71	
497.05	147.28	
497.256	46.93	
497.462	5.97	
497.668	114.52	
497.874	40.79	
498.08	81.75	
498.286	106.32	
498.491	87.89	
498.697	79.7	
498.903	26.45	
499.109	42.84	
499.314	71.51	
499.52	61.27	
499.726	67.41	
499.932	91.99	
500.137	108.37	
500.343	173.91	
500.549	141.14	
500.754	147.28	
500.96	231.25	
501.166	132.95	
501.371	63.32	
501.577	89.94	
501.782	83.8	
501.988	79.7	
502.194	51.03	
502.399	118.61	
502.605	139.09	
502.81	-34.99	
503.016	75.6	
503.221	61.27	
503.427	104.28	
503.632	132.95	
503.838	44.88	
504.043	73.56	
504.249	137.04	
504.454	75.6	
504.66	1.88	
504.865	151.38	
505.071	98.13	
505.276	77.65	
505.481	137.04	
505.687	38.74	
505.892	157.52	
506.097	112.47	
506.303	120.66	
506.508	16.21	
506.713	87.89	
506.919	116.56	
507.124	48.98	
507.329	141.14	
507.535	63.32	
507.74	98.13	
507.945	69.46	
508.15	63.32	
508.356	89.94	
508.561	165.71	
508.766	46.93	
508.971	53.08	
509.176	67.41	
509.381	98.13	
509.587	94.04	
509.792	79.7	
509.997	96.08	
510.202	51.03	
510.407	16.21	
510.612	126.8	
510.817	141.14	
511.022	79.7	
511.227	235.35	
511.432	53.08	
511.637	132.95	
511.842	3.93	
512.047	14.17	
512.252	87.89	
512.457	161.62	
512.662	126.8	
512.867	14.17	
513.072	83.8	
513.277	91.99	
513.482	69.46	
513.687	169.81	
513.892	118.61	
514.097	104.28	
514.302	22.36	
514.507	-0.17	
514.711	132.95	
514.916	85.84	
515.121	89.94	
515.326	91.99	
515.531	71.51	
515.735	63.32	
515.94	42.84	
516.145	20.31	
516.35	63.32	
516.554	44.88	
516.759	18.26	
516.964	73.56	
517.169	120.66	
517.373	71.51	
517.578	85.84	
517.783	75.6	
517.987	-6.31	
518.192	3.93	
518.396	87.89	
518.601	194.39	
518.806	194.39	
519.01	106.32	
519.215	48.98	
519.419	116.56	
519.624	48.98	
519.829	53.08	
520.033	55.12	
520.238	26.45	
520.442	132.95	
520.647	194.39	
520.851	38.74	
521.055	-22.7	
521.26	114.52	
521.464	137.04	
521.669	94.04	
521.873	55.12	
522.078	61.27	
522.282	-22.7	
522.486	40.79	
522.691	28.5	
522.895	-14.51	
523.099	79.7	
523.304	30.55	
523.508	20.31	
523.712	42.84	
523.917	1.88	
524.121	71.51	
524.325	75.6	
524.53	24.4	
524.734	75.6	
524.938	151.38	
525.142	-6.31	
525.346	12.12	
525.551	94.04	
525.755	87.89	
525.959	48.98	
526.163	-0.17	
526.367	34.64	
526.571	122.71	
526.776	100.18	
526.98	83.8	
527.184	30.55	
527.388	96.08	
527.592	79.7	
527.796	-4.27	
528	132.95	
528.204	28.5	
528.408	46.93	
528.612	83.8	
528.816	85.84	
529.02	42.84	
529.224	-4.27	
529.428	51.03	
529.632	108.37	
529.836	55.12	
530.04	12.12	
530.244	75.6	
530.448	81.75	
530.652	63.32	
530.855	-59.56	
531.059	67.41	
531.263	24.4	
531.467	18.26	
531.671	10.07	
531.875	-4.27	
532.078	108.37	
532.282	186.19	
532.486	163.67	
532.69	53.08	
532.893	91.99	
533.097	104.28	
533.301	53.08	
533.505	139.09	
533.708	34.64	
533.912	61.27	
534.116	-22.7	
534.319	59.22	
534.523	30.55	
534.727	135	
534.93	-12.46	
535.134	44.88	
535.338	24.4	
535.541	36.69	
535.745	53.08	
535.948	28.5	
536.152	108.37	
536.355	44.88	
536.559	30.55	
536.762	83.8	
536.966	59.22	
537.169	-22.7	
537.373	1.88	
537.576	28.5	
537.78	-22.7	
537.983	32.6	
538.187	114.52	
538.39	71.51	
538.593	91.99	
538.797	110.42	
539	108.37	
539.204	169.81	
539.407	120.66	
539.61	67.41	
539.814	212.82	
540.017	53.08	
540.22	75.6	
540.424	100.18	
540.627	59.22	
540.83	87.89	
541.033	184.15	
541.237	96.08	
541.44	67.41	
541.643	116.56	
541.846	124.76	
542.049	143.19	
542.253	141.14	
542.456	65.36	
542.659	91.99	
542.862	135	
543.065	83.8	
543.268	132.95	
543.471	178	
543.674	104.28	
543.878	126.8	
544.081	44.88	
544.284	69.46	
544.487	169.81	
544.69	122.71	
544.893	194.39	
545.096	126.8	
545.299	190.29	
545.502	77.65	
545.705	106.32	
545.908	132.95	
546.111	178	
546.314	-6.31	
546.516	57.17	
546.719	59.22	
546.922	104.28	
547.125	124.76	
547.328	137.04	
547.531	184.15	
547.734	108.37	
547.936	173.91	
548.139	22.36	
548.342	167.76	
548.545	61.27	
548.748	28.5	
548.95	89.94	
549.153	77.65	
549.356	110.42	
549.559	46.93	
549.761	24.4	
549.964	-30.89	
550.167	53.08	
550.369	85.84	
550.572	38.74	
550.775	157.52	
550.977	48.98	
551.18	-4.27	
551.383	42.84	
551.585	55.12	
551.788	20.31	
551.99	112.47	
552.193	59.22	
552.396	112.47	
552.598	94.04	
552.801	94.04	
553.003	75.6	
553.206	-41.13	
553.408	87.89	
553.611	83.8	
553.813	24.4	
554.015	40.79	
554.218	83.8	
554.42	55.12	
554.623	42.84	
554.825	20.31	
555.027	55.12	
555.23	51.03	
555.432	83.8	
555.635	10.07	
555.837	51.03	
556.039	-22.7	
556.242	1.88	
556.444	73.56	
556.646	65.36	
556.848	75.6	
557.051	63.32	
557.253	-12.46	
557.455	-22.7	
557.657	59.22	
557.86	44.88	
558.062	98.13	
558.264	139.09	
558.466	18.26	
558.668	-10.41	
558.87	-12.46	
559.073	102.23	
559.275	24.4	
559.477	55.12	
559.679	51.03	
559.881	106.32	
560.083	102.23	
560.285	-26.79	
560.487	14.17	
560.689	108.37	
560.891	3.93	
561.093	126.8	
561.295	5.97	
561.497	55.12	
561.699	102.23	
561.901	120.66	
562.103	59.22	
562.305	18.26	
562.507	51.03	
562.709	12.12	
562.911	91.99	
563.113	77.65	
563.314	161.62	
563.516	32.6	
563.718	53.08	
563.92	40.79	
564.122	96.08	
564.323	-63.66	
564.525	75.6	
564.727	42.84	
564.929	94.04	
565.131	38.74	
565.332	216.91	
565.534	114.52	
565.736	81.75	
565.937	5.97	
566.139	137.04	
566.341	137.04	
566.542	98.13	
566.744	77.65	
566.946	83.8	
567.147	239.44	
567.349	59.22	
567.551	118.61	
567.752	173.91	
567.954	167.76	
568.155	251.73	
568.357	178	
568.558	110.42	
568.76	214.87	
568.961	245.59	
569.163	57.17	
569.364	188.24	
569.566	200.53	
569.767	216.91	
569.969	165.71	
570.17	180.05	
570.372	118.61	
570.573	182.1	
570.774	173.91	
570.976	106.32	
571.177	81.75	
571.378	204.63	
571.58	178	
571.781	173.91	
571.982	268.11	
572.184	251.73	
572.385	202.58	
572.586	307.02	
572.788	292.69	
572.989	218.96	
573.19	221.01	
573.391	206.67	
573.592	198.48	
573.794	249.68	
573.995	132.95	
574.196	171.86	
574.397	151.38	
574.598	153.43	
574.799	147.28	
575.001	206.67	
575.202	261.97	
575.403	237.39	
575.604	159.57	
575.805	225.11	
576.006	137.04	
576.207	165.71	
576.408	237.39	
576.609	167.76	
576.81	231.25	
577.011	184.15	
577.212	370.51	
577.413	257.87	
577.614	300.88	
577.815	225.11	
578.016	216.91	
578.217	395.09	
578.418	272.21	
578.619	268.11	
578.819	274.26	
579.02	261.97	
579.221	347.98	
579.422	243.54	
579.623	360.27	
579.824	296.78	
580.024	362.32	
580.225	356.18	
580.426	597.84	
580.627	638.8	
580.827	505.68	
581.028	546.64	
581.229	479.05	
581.43	472.91	
581.63	368.46	
581.831	345.94	
582.032	405.33	
582.232	309.07	
582.433	304.98	
582.634	317.26	
582.834	321.36	
583.035	382.8	
583.235	225.11	
583.436	233.3	
583.636	143.19	
583.837	206.67	
584.038	243.54	
584.238	264.02	
584.439	210.77	
584.639	227.15	
584.84	182.1	
585.04	161.62	
585.241	227.15	
585.441	165.71	
585.641	190.29	
585.842	145.24	
586.042	231.25	
586.243	261.97	
586.443	311.12	
586.643	284.5	
586.844	292.69	
587.044	212.82	
587.244	227.15	
587.445	309.07	
587.645	331.6	
587.845	266.07	
588.046	298.83	
588.246	339.79	
588.446	372.56	
588.646	341.84	
588.847	237.39	
589.047	221.01	
589.247	173.91	
589.447	157.52	
589.647	132.95	
589.847	175.95	
590.048	124.76	
590.248	132.95	
590.448	284.5	
590.648	149.33	
590.848	153.43	
591.048	124.76	
591.248	214.87	
591.448	253.78	
591.648	300.88	
591.848	231.25	
592.048	339.79	
592.248	309.07	
592.448	182.1	
592.648	374.61	
592.848	415.57	
593.048	382.8	
593.248	333.65	
593.448	341.84	
593.648	370.51	
593.848	360.27	
594.048	261.97	
594.248	329.55	
594.447	239.44	
594.647	214.87	
594.847	276.31	
595.047	280.4	
595.247	223.06	
595.447	216.91	
595.646	280.4	
595.846	221.01	
596.046	284.5	
596.246	395.09	
596.445	313.17	
596.645	268.11	
596.845	380.75	
597.044	323.41	
597.244	300.88	
597.444	397.14	
597.643	294.74	
597.843	167.76	
598.043	198.48	
598.242	202.58	
598.442	249.68	
598.641	223.06	
598.841	180.05	
599.041	280.4	
599.24	210.77	
599.44	266.07	
599.639	89.94	
599.839	264.02	
600.038	114.52	
600.238	313.17	
600.437	165.71	
600.637	231.25	
600.836	339.79	
601.035	329.55	
601.235	323.41	
601.434	337.74	
601.634	388.94	
601.833	360.27	
602.032	513.87	
602.232	407.38	
602.431	536.4	
602.63	382.8	
602.83	395.09	
603.029	321.36	
603.228	225.11	
603.427	296.78	
603.627	239.44	
603.826	362.32	
604.025	221.01	
604.224	225.11	
604.424	280.4	
604.623	235.35	
604.822	243.54	
605.021	108.37	
605.22	194.39	
605.419	184.15	
605.618	247.63	
605.818	243.54	
606.017	257.87	
606.216	208.72	
606.415	161.62	
606.614	362.32	
606.813	284.5	
607.012	182.1	
607.211	223.06	
607.41	126.8	
607.609	266.07	
607.808	194.39	
608.007	296.78	
608.206	243.54	
608.405	214.87	
608.604	190.29	
608.802	216.91	
609.001	292.69	
609.2	206.67	
609.399	270.16	
609.598	108.37	
609.797	63.32	
609.996	210.77	
610.194	175.95	
610.393	194.39	
610.592	264.02	
610.791	218.96	
610.99	243.54	
611.188	288.59	
611.387	294.74	
611.586	370.51	
611.784	317.26	
611.983	266.07	
612.182	278.35	
612.38	300.88	
612.579	317.26	
612.778	368.46	
612.976	309.07	
613.175	272.21	
613.374	188.24	
613.572	194.39	
613.771	167.76	
613.969	235.35	
614.168	329.55	
614.366	145.24	
614.565	175.95	
614.763	202.58	
614.962	221.01	
615.16	317.26	
615.359	266.07	
615.557	243.54	
615.756	182.1	
615.954	159.57	
616.153	233.3	
616.351	192.34	
616.549	218.96	
616.748	153.43	
616.946	225.11	
617.144	155.47	
617.343	192.34	
617.541	206.67	
617.739	163.67	
617.938	12.12	
618.136	147.28	
618.334	26.45	
618.532	106.32	
618.731	118.61	
618.929	208.72	
619.127	235.35	
619.325	65.36	
619.523	153.43	
619.722	116.56	
619.92	124.76	
620.118	149.33	
620.316	89.94	
620.514	20.31	
620.712	143.19	
620.91	122.71	
621.108	141.14	
621.306	251.73	
621.505	182.1	
621.703	135	
621.901	112.47	
622.099	178	
622.297	216.91	
622.495	188.24	
622.693	75.6	
622.89	149.33	
623.088	216.91	
623.286	200.53	
623.484	157.52	
623.682	188.24	
623.88	108.37	
624.078	22.36	
624.276	69.46	
624.474	55.12	
624.671	118.61	
624.869	83.8	
625.067	38.74	
625.265	141.14	
625.463	51.03	
625.66	130.9	
625.858	59.22	
626.056	190.29	
626.254	79.7	
626.451	147.28	
626.649	96.08	
626.847	184.15	
627.044	173.91	
627.242	112.47	
627.44	198.48	
627.637	190.29	
627.835	20.31	
628.032	28.5	
628.23	167.76	
628.428	124.76	
628.625	231.25	
628.823	46.93	
629.02	290.64	
629.218	98.13	
629.415	255.83	
629.613	180.05	
629.81	98.13	
630.008	118.61	
630.205	212.82	
630.403	94.04	
630.6	67.41	
630.797	116.56	
630.995	46.93	
631.192	208.72	
631.39	198.48	
631.587	132.95	
631.784	137.04	
631.982	225.11	
632.179	120.66	
632.376	231.25	
632.574	132.95	
632.771	69.46	
632.968	159.57	
633.165	135	
633.363	85.84	
633.56	42.84	
633.757	73.56	
633.954	38.74	
634.151	192.34	
634.349	145.24	
634.546	186.19	
634.743	46.93	
634.94	163.67	
635.137	71.51	
635.334	128.85	
635.531	40.79	
635.728	106.32	
635.925	89.94	
636.122	98.13	
636.319	106.32	
636.516	186.19	
636.713	22.36	
636.91	108.37	
637.107	137.04	
637.304	178	
637.501	239.44	
637.698	116.56	
637.895	38.74	
638.092	163.67	
638.289	94.04	
638.486	135	
638.683	141.14	
638.88	51.03	
639.076	124.76	
639.273	132.95	
639.47	118.61	
639.667	182.1	
639.864	96.08	
640.06	171.86	
640.257	116.56	
640.454	221.01	
640.651	96.08	
640.847	165.71	
641.044	112.47	
641.241	214.87	
641.437	98.13	
641.634	196.43	
641.831	132.95	
642.027	132.95	
642.224	98.13	
642.421	161.62	
642.617	128.85	
642.814	141.14	
643.01	153.43	
643.207	110.42	
643.403	112.47	
643.6	290.64	
643.796	126.8	
643.993	214.87	
644.189	139.09	
644.386	218.96	
644.582	100.18	
644.779	143.19	
644.975	132.95	
645.172	116.56	
645.368	206.67	
645.564	59.22	
645.761	194.39	
645.957	200.53	
646.153	42.84	
646.35	184.15	
646.546	153.43	
646.742	34.64	
646.939	34.64	
647.135	100.18	
647.331	48.98	
647.527	91.99	
647.724	94.04	
647.92	83.8	
648.116	147.28	
648.312	67.41	
648.509	3.93	
648.705	85.84	
648.901	184.15	
649.097	96.08	
649.293	198.48	
649.489	132.95	
649.685	210.77	
649.881	239.44	
650.077	481.1	
650.274	599.88	
650.47	577.36	
650.666	700.23	
650.862	722.76	
651.058	675.66	
651.254	530.25	
651.45	507.73	
651.645	436.05	
651.841	497.49	
652.037	442.19	
652.233	468.81	
652.429	210.77	
652.625	411.47	
652.821	298.83	
653.017	368.46	
653.213	481.1	
653.408	456.53	
653.604	395.09	
653.8	601.93	
653.996	640.84	
654.192	849.74	
654.387	1656.64	
654.583	6530.8	
654.779	29709.71	
654.975	64320.38	
655.17	64320.38	
655.366	64320.38	
655.562	64320.38	
655.757	64320.38	
655.953	64320.38	
656.149	64320.38	
656.344	64320.38	
656.54	64320.38	
656.735	64320.38	
656.931	64320.38	
657.127	64320.38	
657.322	64320.38	
657.518	64320.38	
657.713	64320.38	
657.909	64320.38	
658.104	64320.38	
658.3	64320.38	
658.495	64320.38	
658.691	64320.38	
658.886	28280.23	
659.082	3839.77	
659.277	898.89	
659.472	708.43	
659.668	601.93	
659.863	378.7	
660.059	333.65	
660.254	266.07	
660.449	239.44	
660.644	288.59	
660.84	227.15	
661.035	159.57	
661.23	333.65	
661.426	110.42	
661.621	282.45	
661.816	167.76	
662.011	178	
662.207	120.66	
662.402	155.47	
662.597	243.54	
662.792	149.33	
662.987	120.66	
663.182	116.56	
663.377	108.37	
663.573	124.76	
663.768	112.47	
663.963	139.09	
664.158	69.46	
664.353	57.17	
664.548	151.38	
664.743	137.04	
664.938	100.18	
665.133	141.14	
665.328	81.75	
665.523	-12.46	
665.718	30.55	
665.913	130.9	
666.108	173.91	
666.303	-37.03	
666.498	157.52	
666.692	104.28	
666.887	116.56	
667.082	-20.65	
667.277	3.93	
667.472	42.84	
667.667	116.56	
667.861	-2.22	
668.056	34.64	
668.251	106.32	
668.446	198.48	
668.64	161.62	
668.835	108.37	
669.03	106.32	
669.225	69.46	
669.419	44.88	
669.614	61.27	
669.809	126.8	
670.003	71.51	
670.198	79.7	
670.393	61.27	
670.587	155.47	
670.782	42.84	
670.976	165.71	
671.171	102.23	
671.365	81.75	
671.56	161.62	
671.754	75.6	
671.949	20.31	
672.143	153.43	
672.338	104.28	
672.532	38.74	
672.727	-18.6	
672.921	-20.65	
673.116	128.85	
673.31	124.76	
673.504	63.32	
673.699	61.27	
673.893	28.5	
674.088	44.88	
674.282	30.55	
674.476	40.79	
674.67	130.9	
674.865	12.12	
675.059	34.64	
675.253	-24.75	
675.448	42.84	
675.642	8.02	
675.836	5.97	
676.03	-20.65	
676.224	59.22	
676.419	65.36	
676.613	83.8	
676.807	-30.89	
677.001	63.32	
677.195	83.8	
677.389	94.04	
677.583	-55.47	
677.777	59.22	
677.972	-12.46	
678.166	30.55	
678.36	20.31	
678.554	40.79	
678.748	-12.46	
678.942	-57.51	
679.136	89.94	
679.33	87.89	
679.524	14.17	
679.717	20.31	
679.911	57.17	
680.105	51.03	
680.299	-4.27	
680.493	8.02	
680.687	96.08	
680.881	24.4	
681.075	42.84	
681.268	28.5	
681.462	98.13	
681.656	-18.6	
681.85	118.61	
682.044	-90.28	
682.237	55.12	
682.431	42.84	
682.625	55.12	
682.819	59.22	
683.012	89.94	
683.206	8.02	
683.4	26.45	
683.593	87.89	
683.787	87.89	
683.981	53.08	
684.174	57.17	
684.368	18.26	
684.561	12.12	
684.755	20.31	
684.948	-37.03	
685.142	149.33	
685.335	-4.27	
685.529	44.88	
685.722	38.74	
685.916	-43.18	
686.109	32.6	
686.303	46.93	
686.496	59.22	
686.69	69.46	
686.883	18.26	
687.077	51.03	
687.27	42.84	
687.463	-41.13	
687.657	34.64	
687.85	-22.7	
688.043	-73.9	
688.237	30.55	
688.43	102.23	
688.623	-37.03	
688.816	18.26	
689.01	42.84	
689.203	40.79	
689.396	14.17	
689.589	65.36	
689.783	-28.84	
689.976	20.31	
690.169	77.65	
690.362	-53.42	
690.555	-80.04	
690.748	65.36	
690.941	5.97	
691.135	-28.84	
691.328	-37.03	
691.521	-28.84	
691.714	73.56	
691.907	73.56	
692.1	5.97	
692.293	51.03	
692.486	-51.37	
692.679	3.93	
692.872	12.12	
693.065	-47.27	
693.258	34.64	
693.451	38.74	
693.644	-80.04	
693.836	10.07	
694.029	38.74	
694.222	-55.47	
694.415	22.36	
694.608	14.17	
694.801	34.64	
694.993	10.07	
695.186	-34.99	
695.379	61.27	
695.572	59.22	
695.765	-69.8	
695.957	135	
696.15	-39.08	
696.343	8.02	
696.535	38.74	
696.728	-34.99	
696.921	-102.57	
697.113	46.93	
697.306	3.93	
697.499	42.84	
697.691	-8.36	
697.884	67.41	
698.076	38.74	
698.269	-94.38	
698.462	339.79	
698.654	-63.66	
698.847	-45.23	
699.039	24.4	
699.232	-6.31	
699.424	-80.04	
699.617	61.27	
699.809	-12.46	
700.001	-8.36	
700.194	32.6	
700.386	-30.89	
700.579	-39.08	
700.771	-71.85	
700.963	20.31	
701.156	-59.56	
701.348	-45.23	
701.54	63.32	
701.733	-20.65	
701.925	-14.51	
702.117	-14.51	
702.309	-116.9	
702.502	100.18	
702.694	5.97	
702.886	-67.75	
703.078	-22.7	
703.271	-32.94	
703.463	-2.22	
703.655	36.69	
703.847	32.6	
704.039	-37.03	
704.231	135	
704.423	63.32	
704.615	-4.27	
704.808	73.56	
705	-20.65	
705.192	114.52	
705.384	-45.23	
705.576	-8.36	
705.768	36.69	
705.96	-55.47	
706.152	-0.17	
706.344	-12.46	
706.536	71.51	
706.727	1.88	
706.919	46.93	
707.111	-34.99	
707.303	79.7	
707.495	94.04	
707.687	-16.55	
707.879	-14.51	
708.071	-20.65	
708.262	65.36	
708.454	-6.31	
708.646	28.5	
708.838	42.84	
709.029	116.56	
709.221	-39.08	
709.413	55.12	
709.605	-63.66	
709.796	32.6	
709.988	24.4	
710.18	-12.46	
710.371	-22.7	
710.563	-63.66	
710.755	-4.27	
710.946	-8.36	
711.138	1.88	
711.329	94.04	
711.521	-22.7	
711.712	-61.61	
711.904	-59.56	
712.095	-30.89	
712.287	-69.8	
712.478	65.36	
712.67	26.45	
712.861	-16.55	
713.053	-45.23	
713.244	-39.08	
713.436	-4.27	
713.627	-20.65	
713.818	16.21	
714.01	38.74	
714.201	48.98	
714.393	-96.43	
714.584	48.98	
714.775	-16.55	
714.966	12.12	
715.158	-30.89	
715.349	-34.99	
715.54	-104.62	
715.732	53.08	
715.923	-4.27	
716.114	65.36	
716.305	1.88	
716.496	-41.13	
716.688	-92.33	
716.879	40.79	
717.07	77.65	
717.261	20.31	
717.452	42.84	
717.643	-45.23	
717.834	48.98	
718.025	132.95	
718.216	-10.41	
718.407	42.84	
718.598	53.08	
718.789	-2.22	
718.98	102.23	
719.171	-8.36	
719.362	-0.17	
719.553	-49.32	
719.744	-4.27	
719.935	38.74	
720.126	-65.71	
720.317	-57.51	
720.508	83.8	
720.699	-10.41	
720.889	40.79	
721.08	57.17	
721.271	-18.6	
721.462	34.64	
721.653	-43.18	
721.843	53.08	
722.034	83.8	
722.225	-77.99	
722.416	122.71	
722.606	59.22	
722.797	83.8	
722.988	-4.27	
723.178	28.5	
723.369	10.07	
723.56	20.31	
723.75	-4.27	
723.941	5.97	
724.132	-12.46	
724.322	-18.6	
724.513	26.45	
724.703	5.97	
724.894	67.41	
725.084	20.31	
725.275	20.31	
725.465	20.31	
725.656	118.61	
725.846	-28.84	
726.037	96.08	
726.227	-51.37	
726.417	59.22	
726.608	-10.41	
726.798	26.45	
726.989	16.21	
727.179	40.79	
727.369	3.93	
727.56	-16.55	
727.75	5.97	
727.94	-55.47	
728.131	48.98	
728.321	3.93	
728.511	73.56	
728.701	63.32	
728.892	12.12	
729.082	-0.17	
729.272	1.88	
729.462	44.88	
729.652	-55.47	
729.842	-69.8	
730.033	1.88	
730.223	5.97	
730.413	-12.46	
730.603	22.36	
730.793	61.27	
730.983	36.69	
731.173	51.03	
731.363	1.88	
731.553	26.45	
731.743	59.22	
731.933	-12.46	
732.123	85.84	
732.313	-12.46	
732.503	73.56	
732.693	26.45	
732.883	34.64	
733.073	-67.75	
733.263	-32.94	
733.452	44.88	
733.642	-22.7	
733.832	130.9	
734.022	55.12	
734.212	-77.99	
734.402	14.17	
734.591	55.12	
734.781	130.9	
734.971	36.69	
735.161	-30.89	
735.35	83.8	
735.54	223.06	
735.73	51.03	
735.919	38.74	
736.109	-34.99	
736.299	-18.6	
736.488	20.31	
736.678	32.6	
736.867	75.6	
737.057	100.18	
737.247	22.36	
737.436	5.97	
737.626	-26.79	
737.815	-6.31	
738.005	-53.42	
738.194	104.28	
738.384	1.88	
738.573	42.84	
738.763	10.07	
738.952	-39.08	
739.141	-80.04	
739.331	3.93	
739.52	-12.46	
739.71	91.99	
739.899	81.75	
740.088	18.26	
740.278	-96.43	
740.467	-61.61	
740.656	-34.99	
740.846	96.08	
741.035	10.07	
741.224	18.26	
741.413	46.93	
741.603	-14.51	
741.792	-94.38	
741.981	55.12	
742.17	1.88	
742.359	-41.13	
742.548	-2.22	
742.738	-51.37	
742.927	59.22	
743.116	10.07	
743.305	71.51	
743.494	69.46	
743.683	63.32	
743.872	151.38	
744.061	-57.51	
744.25	116.56	
744.439	178	
744.628	44.88	
744.817	30.55	
745.006	-8.36	
745.195	51.03	
745.384	38.74	
745.573	91.99	
745.762	79.7	
745.951	157.52	
746.139	132.95	
746.328	102.23	
746.517	141.14	
746.706	91.99	
746.895	8.02	
747.084	-10.41	
747.272	94.04	
747.461	51.03	
747.65	51.03	
747.839	63.32	
748.027	-14.51	
748.216	67.41	
748.405	100.18	
748.593	-73.9	
748.782	-47.27	
748.971	-16.55	
749.159	53.08	
749.348	30.55	
749.536	12.12	
749.725	30.55	
749.914	44.88	
750.102	8.02	
750.291	12.12	
750.479	-84.14	
750.668	77.65	
750.856	-8.36	
751.045	32.6	
751.233	110.42	
751.421	26.45	
751.61	100.18	
751.798	-41.13	
751.987	59.22	
752.175	12.12	
752.363	-20.65	
752.552	20.31	
752.74	53.08	
752.928	46.93	
753.117	22.36	
753.305	67.41	
753.493	-30.89	
753.682	-47.27	
753.87	24.4	
754.058	57.17	
754.246	-14.51	
754.434	63.32	
754.623	124.76	
754.811	8.02	
754.999	44.88	
755.187	32.6	
755.375	38.74	
755.563	-0.17	
755.751	-6.31	
755.94	-39.08	
756.128	-2.22	
756.316	1.88	
756.504	12.12	
756.692	26.45	
756.88	-59.56	
757.068	91.99	
757.256	16.21	
757.444	-26.79	
757.632	-67.75	
757.819	-4.27	
758.007	-43.18	
758.195	83.8	
758.383	-20.65	
758.571	51.03	
758.759	48.98	
758.947	26.45	
759.135	-47.27	
759.322	108.37	
759.51	-6.31	
759.698	22.36	
759.886	1.88	
760.073	10.07	
760.261	34.64	
760.449	28.5	
760.637	18.26	
760.824	-39.08	
761.012	-51.37	
761.2	-53.42	
761.387	-14.51	
761.575	85.84	
761.762	26.45	
761.95	20.31	
762.138	-73.9	
762.325	16.21	
762.513	44.88	
762.7	10.07	
762.888	-20.65	
763.075	32.6	
763.263	104.28	
763.45	44.88	
763.638	-30.89	
763.825	-34.99	
764.012	-34.99	
764.2	-4.27	
764.387	-80.04	
764.575	-4.27	
764.762	-28.84	
764.949	-53.42	
765.137	83.8	
765.324	30.55	
765.511	75.6	
765.699	-59.56	
765.886	-12.46	
766.073	32.6	
766.26	59.22	
766.448	28.5	
766.635	-37.03	
766.822	12.12	
767.009	-22.7	
767.196	-82.09	
767.383	81.75	
767.571	-2.22	
767.758	-22.7	
767.945	-20.65	
768.132	36.69	
768.319	65.36	
768.506	-28.84	
768.693	-16.55	
768.88	-2.22	
769.067	5.97	
769.254	-63.66	
769.441	194.39	
769.628	98.13	
769.815	-37.03	
770.002	-49.32	
770.189	-53.42	
770.376	79.7	
770.563	-65.71	
770.75	83.8	
770.936	-41.13	
771.123	-12.46	
771.31	10.07	
771.497	-118.95	
771.684	34.64	
771.87	71.51	
772.057	24.4	
772.244	20.31	
772.431	57.17	
772.617	36.69	
772.804	38.74	
772.991	18.26	
773.177	-67.75	
773.364	18.26	
773.551	-55.47	
773.737	77.65	
773.924	-30.89	
774.111	40.79	
774.297	-41.13	
774.484	-18.6	
774.67	1.88	
774.857	-71.85	
775.043	-32.94	
775.23	48.98	
775.416	-10.41	
775.603	112.47	
775.789	384.85	
775.976	665.42	
776.162	1214.27	
776.349	1568.57	
776.535	2017.08	
776.721	1963.83	
776.908	1883.96	
777.094	1492.8	
777.28	1230.66	
777.467	1070.92	
777.653	749.39	
777.839	646.99	
778.025	503.63	
778.212	454.48	
778.398	429.9	
778.584	399.18	
778.77	321.36	
778.957	239.44	
779.143	141.14	
779.329	100.18	
779.515	91.99	
779.701	57.17	
779.887	83.8	
780.073	34.64	
780.26	32.6	
780.446	132.95	
780.632	73.56	
780.818	59.22	
781.004	55.12	
781.19	10.07	
781.376	20.31	
781.562	5.97	
781.748	-63.66	
781.934	-71.85	
782.12	94.04	
782.305	-14.51	
782.491	-28.84	
782.677	-24.75	
782.863	65.36	
783.049	59.22	
783.235	-45.23	
783.421	-80.04	
783.606	-30.89	
783.792	1.88	
783.978	-37.03	
784.164	-2.22	
784.349	10.07	
784.535	-30.89	
784.721	8.02	
784.907	120.66	
785.092	48.98	
785.278	-10.41	
785.464	-18.6	
785.649	-45.23	
785.835	38.74	
786.02	-90.28	
786.206	-57.51	
786.392	-20.65	
786.577	44.88	
786.763	1.88	
786.948	-94.38	
787.134	-39.08	
787.319	44.88	
787.505	30.55	
787.69	8.02	
787.876	28.5	
788.061	18.26	
788.246	-26.79	
788.432	-88.23	
788.617	12.12	
788.803	-18.6	
788.988	-84.14	
789.173	-37.03	
789.359	30.55	
789.544	53.08	
789.729	75.6	
789.915	-77.99	
790.1	-18.6	
790.285	-30.89	
790.47	-14.51	
790.655	-75.95	
790.841	-6.31	
791.026	-2.22	
791.211	-20.65	
791.396	-141.48	
791.581	-18.6	
791.766	40.79	
791.952	-12.46	
792.137	-63.66	
792.322	-98.47	
792.507	59.22	
792.692	-51.37	
792.877	-22.7	
793.062	-67.75	
793.247	-37.03	
793.432	40.79	
793.617	-129.19	
793.802	77.65	
793.987	30.55	
794.172	-67.75	
794.356	42.84	
794.541	-34.99	
794.726	-108.71	
794.911	24.4	
795.096	1.88	
795.281	-77.99	
795.466	36.69	
795.65	-10.41	
795.835	34.64	
796.02	71.51	
796.205	30.55	
796.389	3.93	
796.574	-12.46	
796.759	-28.84	
796.943	-100.52	
797.128	-55.47	
797.313	-77.99	
797.497	61.27	
797.682	-0.17	
797.867	-30.89	
798.051	-71.85	
798.236	-53.42	
798.42	-49.32	
798.605	-28.84	
798.789	12.12	
798.974	-112.81	
799.158	-55.47	
799.343	-39.08	
799.527	14.17	
799.712	-51.37	
799.896	-55.47	
800.081	34.64	
800.265	-22.7	
800.449	1.88	
800.634	-82.09	
800.818	-6.31	
801.002	83.8	
801.187	-10.41	
801.371	18.26	
801.555	-10.41	
801.74	-94.38	
801.924	3.93	
802.108	-125.1	
802.292	-8.36	
802.477	-12.46	
802.661	51.03	
802.845	53.08	
803.029	-18.6	
803.213	-57.51	
803.397	-4.27	
803.581	-71.85	
803.766	-110.76	
803.95	83.8	
804.134	-20.65	
804.318	-108.71	
804.502	-55.47	
804.686	26.45	
804.87	57.17	
805.054	-28.84	
805.238	-88.23	
805.422	-108.71	
805.606	-112.81	
805.79	-59.56	
805.973	-12.46	
806.157	10.07	
806.341	16.21	
806.525	-59.56	
806.709	-73.9	
806.893	32.6	
807.077	12.12	
807.26	65.36	
807.444	-118.95	
807.628	10.07	
807.812	-28.84	
807.995	61.27	
808.179	-65.71	
808.363	-45.23	
808.546	-53.42	
808.73	-32.94	
808.914	-65.71	
809.097	106.32	
809.281	-53.42	
809.465	36.69	
809.648	53.08	
809.832	-82.09	
810.015	55.12	
810.199	-28.84	
810.382	-39.08	
810.566	-61.61	
810.749	-26.79	
810.933	12.12	
811.116	20.31	
811.3	-6.31	
811.483	-125.1	
811.667	40.79	
811.85	51.03	
812.034	-20.65	
812.217	-22.7	
812.4	65.36	
812.584	-69.8	
812.767	10.07	
812.95	-59.56	
813.133	10.07	
813.317	-22.7	
813.5	-41.13	
813.683	-55.47	
813.866	-77.99	
814.05	-47.27	
814.233	-65.71	
814.416	-4.27	
814.599	63.32	
814.782	-30.89	
814.965	-41.13	
815.149	-104.62	
815.332	-6.31	
815.515	-55.47	
815.698	-8.36	
815.881	-37.03	
816.064	-34.99	
816.247	-55.47	
816.43	57.17	
816.613	65.36	
816.796	1.88	
816.979	12.12	
817.162	-10.41	
817.345	81.75	
817.528	-57.51	
817.711	-43.18	
817.893	10.07	
818.076	-22.7	
818.259	10.07	
818.442	24.4	
818.625	-30.89	
818.808	-32.94	
818.99	-30.89	
819.173	-41.13	
819.356	-14.51	
819.539	-45.23	
819.721	-14.51	
819.904	-4.27	
820.087	-32.94	
820.269	-30.89	
820.452	-55.47	
820.635	-39.08	
820.817	-20.65	
821	55.12	
821.182	34.64	
821.365	-14.51	
821.548	-61.61	
821.73	3.93	
821.913	-28.84	
822.095	-37.03	
822.278	-86.19	
822.46	-6.31	
822.642	51.03	
822.825	-71.85	
823.007	3.93	
823.19	-57.51	
823.372	100.18	
823.555	-49.32	
823.737	18.26	
823.919	10.07	
824.102	-30.89	
824.284	-59.56	
824.466	-18.6	
824.648	-47.27	
824.831	-90.28	
825.013	-59.56	
825.195	-6.31	
825.377	-20.65	
825.56	12.12	
825.742	26.45	
825.924	-69.8	
826.106	122.71	
826.288	-34.99	
826.47	-6.31	
826.652	10.07	
826.835	-34.99	
827.017	71.51	
827.199	1.88	
827.381	-28.84	
827.563	-67.75	
827.745	102.23	
827.927	-26.79	
828.109	-61.61	
828.291	-24.75	
828.473	3.93	
828.655	46.93	
828.836	-49.32	
829.018	46.93	
829.2	3.93	
829.382	-47.27	
829.564	-151.72	
829.746	-16.55	
829.928	-22.7	
830.109	-14.51	
830.291	5.97	
830.473	-80.04	
830.655	3.93	
830.836	-6.31	
831.018	-51.37	
831.2	-75.95	
831.382	-41.13	
831.563	-12.46	
831.745	44.88	
831.926	-6.31	
832.108	30.55	
832.29	-55.47	
832.471	-114.86	
832.653	-16.55	
832.834	18.26	
833.016	-28.84	
833.197	-49.32	
833.379	-65.71	
833.56	69.46	
833.742	-47.27	
833.923	-43.18	
834.105	-45.23	
834.286	46.93	
834.468	-10.41	
834.649	-26.79	
834.83	-2.22	
835.012	-141.48	
835.193	-104.62	
835.374	-8.36	
835.556	59.22	
835.737	-6.31	
835.918	-57.51	
836.1	40.79	
836.281	-55.47	
836.462	-14.51	
836.643	53.08	
836.824	38.74	
837.006	10.07	
837.187	5.97	
837.368	-10.41	
837.549	-55.47	
837.73	51.03	
837.911	5.97	
838.092	12.12	
838.273	-55.47	
838.455	-77.99	
838.636	48.98	
838.817	-92.33	
838.998	-53.42	
839.179	18.26	
839.36	-28.84	
839.54	14.17	
839.721	-71.85	
839.902	46.93	
840.083	-28.84	
840.264	1.88	
840.445	-12.46	
840.626	-98.47	
840.807	-59.56	
840.988	36.69	
841.168	-8.36	
841.349	26.45	
841.53	-30.89	
841.711	59.22	
841.891	-63.66	
842.072	-32.94	
842.253	-22.7	
842.434	-69.8	
842.614	10.07	
842.795	3.93	
842.976	-14.51	
843.156	229.2	
843.337	517.97	
843.517	730.95	
843.698	1066.82	
843.878	1126.21	
844.059	1152.84	
844.24	1079.11	
844.42	835.4	
844.601	608.08	
844.781	454.48	
844.962	419.66	
845.142	288.59	
845.322	282.45	
845.503	182.1	
845.683	292.69	
845.864	137.04	
846.044	196.43	
846.224	114.52	
846.405	67.41	
846.585	155.47	
846.765	159.57	
846.946	53.08	
847.126	-18.6	
847.306	-6.31	
847.486	-18.6	
847.667	34.64	
847.847	-30.89	
848.027	143.19	
848.207	-47.27	
848.387	-8.36	
848.567	-28.84	
848.747	-12.46	
848.928	-112.81	
849.108	20.31	
849.288	-71.85	
849.468	-4.27	
849.648	-90.28	
849.828	-55.47	
850.008	14.17	
850.188	-20.65	
850.368	-59.56	
850.548	-61.61	
850.728	130.9	
850.908	28.5	
851.088	42.84	
851.267	34.64	
851.447	20.31	
851.627	5.97	
851.807	-2.22	
851.987	24.4	
852.167	-34.99	
852.346	-2.22	
852.526	-14.51	
852.706	98.13	
852.886	3.93	
853.065	-47.27	
853.245	-45.23	
853.425	24.4	
853.605	-53.42	
853.784	22.36	
853.964	118.61	
854.143	10.07	
854.323	59.22	
854.503	1.88	
854.682	-55.47	
854.862	-20.65	
855.041	-47.27	
855.221	-112.81	
855.4	-20.65	
855.58	-45.23	
855.759	22.36	
855.939	-47.27	
856.118	-67.75	
856.298	-45.23	
856.477	-71.85	
856.657	-59.56	
856.836	-61.61	
857.015	-34.99	
857.195	34.64	
857.374	-51.37	
857.553	8.02	
857.733	-20.65	
857.912	-65.71	
858.091	-37.03	
858.27	-26.79	
858.45	-77.99	
858.629	20.31	
858.808	61.27	
858.987	-61.61	
859.166	75.6	
859.345	-71.85	
859.525	79.7	
859.704	-20.65	
859.883	-4.27	
860.062	-28.84	
860.241	-92.33	
860.42	-110.76	
860.599	48.98	
860.778	-30.89	
860.957	20.31	
861.136	59.22	
861.315	51.03	
861.494	-49.32	
861.673	40.79	
861.852	18.26	
862.031	10.07	
862.21	67.41	
862.388	83.8	
862.567	16.21	
862.746	-32.94	
862.925	-96.43	
863.104	-55.47	
863.283	44.88	
863.461	-4.27	
863.64	-2.22	
863.819	114.52	
863.997	69.46	
864.176	-59.56	
864.355	-71.85	
864.534	-55.47	
864.712	-37.03	
864.891	42.84	
865.069	-41.13	
865.248	-51.37	
865.427	34.64	
865.605	-30.89	
865.784	20.31	
865.962	-73.9	
866.141	-104.62	
866.319	-59.56	
866.498	-116.9	
866.676	16.21	
866.855	-32.94	
867.033	-18.6	
867.212	59.22	
867.39	65.36	
867.568	44.88	
867.747	34.64	
867.925	91.99	
868.103	141.14	
868.282	-28.84	
868.46	-59.56	
868.638	-22.7	
868.817	16.21	
868.995	-22.7	
869.173	-14.51	
869.351	-67.75	
869.529	-20.65	
869.708	-2.22	
869.886	-102.57	
870.064	-41.13	
870.242	-18.6	
870.42	-88.23	
870.598	-63.66	
870.776	59.22	
870.954	-30.89	
871.133	-80.04	
871.311	94.04	
871.489	3.93	
871.667	-51.37	
871.845	-80.04	
872.023	-24.75	
872.2	-12.46	
872.378	38.74	
872.556	-41.13	
872.734	-30.89	
872.912	-34.99	
873.09	-12.46	
873.268	-37.03	
873.446	-59.56	
873.623	110.42	
873.801	-88.23	
873.979	-125.1	
874.157	-73.9	
874.335	-20.65	
874.512	10.07	
874.69	5.97	
874.868	-47.27	
875.045	-6.31	
875.223	-82.09	
875.401	-39.08	
875.578	-86.19	
875.756	-94.38	
875.934	20.31	
876.111	-80.04	
876.289	-22.7	
876.466	3.93	
876.644	-65.71	
876.821	-26.79	
876.999	-28.84	
877.176	-8.36	
877.354	-86.19	
877.531	-18.6	
877.709	-51.37	
877.886	-100.52	
878.063	-26.79	
878.241	-59.56	
878.418	16.21	
878.596	-8.36	
878.773	-6.31	
878.95	44.88	
879.127	-114.86	
879.305	-71.85	
879.482	-6.31	
879.659	-2.22	
879.836	-98.47	
880.014	-30.89	
880.191	32.6	
880.368	14.17	
880.545	-18.6	
880.722	1.88	
880.9	-37.03	
881.077	28.5	
881.254	-34.99	
881.431	-6.31	
881.608	-82.09	
881.785	-16.55	
881.962	-61.61	
882.139	-18.6	
882.316	-30.89	
882.493	-0.17	
882.67	-49.32	
882.847	-96.43	
883.024	42.84	
883.201	-39.08	
883.378	-47.27	
883.554	3.93	
883.731	18.26	
883.908	-4.27	
884.085	-55.47	
884.262	-47.27	
884.439	-82.09	
884.615	-67.75	
884.792	14.17	
884.969	-84.14	
885.146	153.43	
885.322	-82.09	
885.499	-73.9	
885.676	-4.27	
885.852	-20.65	
886.029	-71.85	
886.205	-45.23	
886.382	18.26	
886.559	-24.75	
886.735	26.45	
886.912	-51.37	
887.088	-22.7	
887.265	-51.37	
887.441	-67.75	
887.618	-28.84	
887.794	-22.7	
887.971	-65.71	
888.147	20.31	
888.324	-39.08	
888.5	36.69	
888.676	34.64	
888.853	-4.27	
889.029	-34.99	
889.205	-6.31	
889.382	-18.6	
889.558	26.45	
889.734	-49.32	
889.911	-51.37	
890.087	14.17	
890.263	-39.08	
890.439	-16.55	
890.616	-151.72	
890.792	-37.03	
890.968	18.26	
891.144	16.21	
891.32	-77.99	
891.496	-102.57	
891.672	-57.51	
891.848	-84.14	
892.025	-16.55	
892.201	-2.22	
892.377	-24.75	
892.553	18.26	
892.729	-4.27	
892.905	36.69	
893.081	-26.79	
893.256	-61.61	
893.432	-59.56	
893.608	67.41	
893.784	-98.47	
893.96	-57.51	
894.136	-34.99	
894.312	-43.18	
894.488	3.93	
894.663	12.12	
894.839	-34.99	
895.015	51.03	
895.191	-63.66	
895.366	-22.7	
895.542	-53.42	
895.718	-2.22	
895.894	36.69	
896.069	-20.65	
896.245	59.22	
896.421	-34.99	
896.596	-65.71	
896.772	-39.08	
896.947	-30.89	
897.123	-57.51	
897.298	-57.51	
897.474	-24.75	
897.649	-37.03	
897.825	53.08	
898	-34.99	
898.176	-75.95	
898.351	12.12	
898.527	26.45	
898.702	-84.14	
898.878	-34.99	
899.053	26.45	
899.228	-28.84	
899.404	-49.32	
899.579	18.26	
899.754	-26.79	
899.93	18.26	
900.105	-20.65	
900.28	-34.99	
900.455	-96.43	
900.631	24.4	
900.806	-6.31	
900.981	-63.66	
901.156	-14.51	
901.331	-4.27	
901.507	-30.89	
901.682	-168.1	
901.857	-28.84	
902.032	-6.31	
902.207	-43.18	
902.382	-6.31	
902.557	55.12	
902.732	22.36	
902.907	-98.47	
903.082	3.93	
903.257	-34.99	
903.432	145.24	
903.607	-47.27	
903.782	-26.79	
903.957	-53.42	
904.132	-6.31	
904.306	-55.47	
904.481	-12.46	
904.656	-82.09	
904.831	-14.51	
905.006	-47.27	
905.181	1.88	
905.355	-96.43	
905.53	5.97	
905.705	-137.38	
905.879	1.88	
906.054	-112.81	
906.229	-86.19	
906.404	-47.27	
906.578	51.03	
906.753	-30.89	
906.927	14.17	
907.102	-69.8	
907.277	-20.65	
907.451	-18.6	
907.626	-24.75	
907.8	-137.38	
907.975	-20.65	
908.149	-53.42	
908.324	-65.71	
908.498	-26.79	
908.673	-57.51	
908.847	24.4	
909.021	-47.27	
909.196	-30.89	
909.37	10.07	
909.544	38.74	
909.719	18.26	
909.893	-110.76	
910.067	12.12	
910.242	12.12	
910.416	55.12	
910.59	-108.71	
910.764	-55.47	
910.939	-24.75	
911.113	-71.85	
911.287	-30.89	
911.461	91.99	
911.635	-80.04	
911.809	-55.47	
911.984	-30.89	
912.158	-80.04	
912.332	8.02	
912.506	-34.99	
912.68	-108.71	
912.854	-6.31	
913.028	51.03	
913.202	10.07	
913.376	-53.42	
913.55	-20.65	
913.724	65.36	
913.898	34.64	
914.071	10.07	
914.245	20.31	
914.419	-30.89	
914.593	30.55	
914.767	-102.57	
914.941	-34.99	
915.115	-57.51	
915.288	-2.22	
915.462	-51.37	
915.636	-0.17	
915.81	-53.42	
915.983	20.31	
916.157	1.88	
916.331	30.55	
916.504	-65.71	
916.678	8.02	
916.852	-80.04	
917.025	-55.47	
917.199	46.93	
917.372	14.17	
917.546	-8.36	
917.719	-63.66	
917.893	-53.42	
918.066	-71.85	
918.24	-94.38	
918.413	14.17	
918.587	-0.17	
918.76	-39.08	
918.934	-116.9	
919.107	34.64	
919.28	-24.75	
919.454	-24.75	
919.627	-45.23	
919.8	5.97	
919.974	-45.23	
920.147	-108.71	
920.32	-24.75	
920.494	-65.71	
920.667	-18.6	
920.84	-6.31	
921.013	-30.89	
921.186	-28.84	
921.36	-67.75	
921.533	-69.8	
921.706	-55.47	
921.879	16.21	
922.052	-14.51	
922.225	32.6	
922.398	-34.99	
922.571	22.36	
922.744	-14.51	
922.917	-10.41	
923.09	18.26	
923.263	-49.32	
923.436	-104.62	
923.609	-88.23	
923.782	-28.84	
923.955	-10.41	
924.128	-28.84	
924.301	36.69	
924.474	-49.32	
924.647	46.93	
924.819	126.8	
924.992	34.64	
925.165	75.6	
925.338	42.84	
925.511	106.32	
925.683	69.46	
925.856	53.08	
926.029	16.21	
926.201	63.32	
926.374	59.22	
926.547	59.22	
926.719	85.84	
926.892	-26.79	
927.065	96.08	
927.237	5.97	
927.41	71.51	
927.582	-34.99	
927.755	-12.46	
927.927	44.88	
928.1	-34.99	
928.272	-55.47	
928.445	-32.94	
928.617	-92.33	
928.79	-34.99	
928.962	-77.99	
929.134	-22.7	
929.307	-69.8	
929.479	-30.89	
929.651	-65.71	
929.824	55.12	
929.996	46.93	
930.168	30.55	
930.341	-67.75	
930.513	-47.27	
930.685	8.02	
930.857	-22.7	
931.029	-94.38	
931.202	-139.43	
931.374	-92.33	
931.546	-43.18	
931.718	-32.94	
931.89	-55.47	
932.062	16.21	
932.234	94.04	
932.406	-86.19	
932.578	-118.95	
932.75	-45.23	
932.922	-86.19	
933.094	-16.55	
933.266	-2.22	
933.438	-63.66	
933.61	1.88	
933.782	18.26	
933.954	18.26	
934.126	-37.03	
934.298	5.97	
934.47	-2.22	
934.641	-34.99	
934.813	-92.33	
934.985	42.84	
935.157	-90.28	
935.329	16.21	
935.5	-57.51	
935.672	83.8	
935.844	-61.61	
936.015	30.55	
936.187	14.17	
936.359	-22.7	
936.53	-57.51	
936.702	51.03	
936.874	-26.79	
937.045	-49.32	
937.217	18.26	
937.388	-39.08	
937.56	104.28	
937.731	1.88	
937.903	10.07	
938.074	-34.99	
938.246	-65.71	
938.417	-59.56	
938.588	3.93	
938.76	85.84	
938.931	-73.9	
939.103	-96.43	
939.274	-88.23	
939.445	-45.23	
939.617	-55.47	
939.788	-30.89	
939.959	-121	
940.13	67.41	
940.302	3.93	
940.473	-24.75	
940.644	-39.08	
940.815	30.55	
940.987	-88.23	
941.158	-6.31	
941.329	-104.62	
941.5	32.6	
941.671	3.93	
941.842	-4.27	
942.013	-84.14	
942.184	-63.66	
942.355	-37.03	
942.526	-39.08	
942.697	-10.41	
942.868	-20.65	
943.039	-6.31	
943.21	-59.56	
943.381	-30.89	
943.552	75.6	
943.723	-6.31	
943.894	-84.14	
944.065	-55.47	
944.235	-32.94	
944.406	-63.66	
944.577	-20.65	
944.748	77.65	
944.919	-39.08	
945.089	-67.75	
945.26	83.8	
945.431	-61.61	
945.601	-92.33	
945.772	-45.23	
945.943	-90.28	
946.113	5.97	
946.284	-37.03	
946.455	-2.22	
946.625	-94.38	
946.796	-59.56	
946.966	-59.56	
947.137	12.12	
947.307	-59.56	
947.478	-39.08	
947.648	51.03	
947.819	-45.23	
947.989	-53.42	
948.16	3.93	
948.33	-28.84	
948.5	16.21	
948.671	5.97	
948.841	-26.79	
949.012	1.88	
949.182	-6.31	
949.352	-26.79	
949.522	-30.89	
949.693	-10.41	
949.863	-28.84	
950.033	-43.18	
950.203	-51.37	
950.374	34.64	
950.544	57.17	
950.714	57.17	
950.884	-86.19	
951.054	-41.13	
951.224	-0.17	
951.394	51.03	
951.564	-75.95	
951.735	36.69	
951.905	-67.75	
952.075	-65.71	
952.245	5.97	
952.415	-43.18	
952.585	-12.46	
952.754	-41.13	
952.924	-47.27	
953.094	-43.18	
953.264	-71.85	
953.434	-53.42	
953.604	-108.71	
953.774	-22.7	
953.944	3.93	
954.113	-92.33	
954.283	12.12	
954.453	-51.37	
954.623	-55.47	
954.792	5.97	
954.962	30.55	
955.132	-51.37	
955.302	-127.14	
955.471	-28.84	
955.641	1.88	
955.81	-41.13	
955.98	-30.89	
956.15	36.69	
956.319	83.8	
956.489	-43.18	
956.658	-108.71	
956.828	-10.41	
956.997	34.64	
957.167	-67.75	
957.336	26.45	
957.506	-75.95	
957.675	-41.13	
957.845	-96.43	
958.014	-39.08	
958.183	-20.65	
958.353	-20.65	
958.522	-51.37	
958.691	18.26	
958.861	-104.62	
959.03	-12.46	
959.199	-116.9	
959.368	-168.1	
959.538	36.69	
959.707	-26.79	
959.876	48.98	
960.045	-45.23	
960.214	-16.55	
960.383	61.27	
960.553	-2.22	
960.722	46.93	
960.891	-47.27	
961.06	59.22	
961.229	-100.52	
961.398	-43.18	
961.567	-14.51	
961.736	-53.42	
961.905	-26.79	
962.074	5.97	
962.243	-20.65	
962.412	26.45	
962.581	34.64	
962.75	-2.22	
962.918	42.84	
963.087	61.27	
963.256	51.03	
963.425	-43.18	
963.594	-51.37	
963.763	-10.41	
963.931	1.88	
964.1	-45.23	
964.269	-90.28	
964.437	-94.38	
964.606	-77.99	
964.775	-63.66	
964.943	69.46	
965.112	65.36	
965.281	10.07	
965.449	-96.43	
965.618	-47.27	
965.786	-0.17	
965.955	-59.56	
966.124	-94.38	
966.292	-73.9	
966.461	-80.04	
966.629	1.88	
966.797	-110.76	
966.966	-16.55	
967.134	42.84	
967.303	-100.52	
967.471	-57.51	
967.639	16.21	
967.808	-39.08	
967.976	-26.79	
968.144	-10.41	
968.313	24.4	
968.481	59.22	
968.649	55.12	
968.817	-26.79	
968.986	26.45	
969.154	-96.43	
969.322	-71.85	
969.49	-45.23	
969.658	-45.23	
969.827	-116.9	
969.995	-57.51	
970.163	75.6	
970.331	-32.94	
970.499	-34.99	
970.667	132.95	
970.835	-47.27	
971.003	-71.85	
971.171	-10.41	
971.339	38.74	
971.507	-14.51	
971.675	-43.18	
971.843	-65.71	
972.011	-4.27	
972.178	-12.46	
972.346	77.65	
972.514	12.12	
972.682	-22.7	
972.85	-96.43	
973.018	-20.65	
973.185	-75.95	
973.353	-6.31	
973.521	-71.85	
973.689	8.02	
973.856	-28.84	
974.024	-43.18	
974.192	-28.84	
974.359	-41.13	
974.527	63.32	
974.694	-67.75	
974.862	-45.23	
975.03	42.84	
975.197	14.17	
975.365	-34.99	
975.532	12.12	
975.7	-2.22	
975.867	16.21	
976.035	-16.55	
976.202	-108.71	
976.369	-86.19	
976.537	-47.27	
976.704	-75.95	
976.872	20.31	
977.039	44.88	
977.206	3.93	
977.374	-51.37	
977.541	-67.75	
977.708	30.55	
977.875	57.17	
978.043	-121	
978.21	-77.99	
978.377	16.21	
978.544	-10.41	
978.711	-22.7	
978.879	-10.41	
979.046	28.5	
979.213	-39.08	
979.38	8.02	
979.547	-14.51	
979.714	-59.56	
979.881	94.04	
980.048	10.07	
980.215	-20.65	
980.382	-59.56	
980.549	18.26	
980.716	44.88	
980.883	-34.99	
981.05	18.26	
981.217	-14.51	
981.384	-90.28	
981.55	-12.46	
981.717	100.18	
981.884	-47.27	
982.051	-77.99	
982.218	-116.9	
982.384	-51.37	
982.551	-22.7	
982.718	5.97	
982.885	-59.56	
983.051	-80.04	
983.218	10.07	
983.385	53.08	
983.551	1.88	
983.718	-32.94	
983.885	-20.65	
984.051	26.45	
984.218	-55.47	
984.384	14.17	
984.551	-92.33	
984.717	14.17	
984.884	5.97	
985.05	20.31	
985.217	-57.51	
985.383	8.02	
985.55	-51.37	
985.716	-102.57	
985.882	-6.31	
986.049	-57.51	
986.215	3.93	
986.381	36.69	
986.548	-2.22	
986.714	22.36	
986.88	1.88	
987.046	-55.47	
987.213	-73.9	
987.379	-37.03	
987.545	-39.08	
987.711	-16.55	
987.877	-6.31	
988.044	100.18	
988.21	22.36	
988.376	-2.22	
988.542	14.17	
988.708	126.8	
988.874	-82.09	
989.04	12.12	
989.206	-59.56	
989.372	16.21	
989.538	-137.38	
989.704	-32.94	
989.87	-6.31	
990.036	-24.75	
990.202	-10.41	
990.368	-96.43	
990.534	-18.6	
990.699	-71.85	
990.865	-100.52	
991.031	36.69	
991.197	22.36	
991.363	-37.03	
991.528	-170.15	
991.694	-18.6	
991.86	-131.24	
992.025	-47.27	
992.191	24.4	
992.357	1.88	
992.522	-6.31	
992.688	-55.47	
992.854	-75.95	
993.019	-55.47	
993.185	77.65	
993.35	-8.36	
993.516	-88.23	
993.681	-129.19	
993.847	67.41	
994.012	-71.85	
994.178	20.31	
994.343	26.45	
994.509	-20.65	
994.674	-51.37	
994.84	-20.65	
995.005	34.64	
995.17	-84.14	
995.336	-14.51	
995.501	-20.65	
995.666	-16.55	
995.831	-22.7	
995.997	26.45	
996.162	-61.61	
996.327	229.2	
996.492	34.64	
996.658	16.21	
996.823	-82.09	
996.988	-61.61	
997.153	59.22	
997.318	-131.24	
997.483	-34.99	
997.648	-118.95	
997.813	-88.23	
997.978	22.36	
998.143	-65.71	
998.308	-12.46	
998.473	-34.99	
998.638	36.69	
998.803	-20.65	
998.968	-39.08	
999.133	-174.25	
999.298	22.36	
999.463	12.12	
999.628	-51.37	
999.793	-12.46	
999.957	-43.18	
1000.122	-24.75	
1000.287	-53.42	
1000.452	-39.08	
1000.616	30.55	
1000.781	55.12	
1000.946	-88.23	
1001.111	-45.23	
1001.275	79.7	
1001.44	-51.37	
1001.604	-6.31	
1001.769	-8.36	
1001.934	-63.66	
1002.098	-110.76	
1002.263	-55.47	
1002.427	-34.99	
1002.592	57.17	
1002.756	-55.47	
1002.921	-75.95	
1003.085	-51.37	
1003.25	-147.62	
1003.414	22.36	
1003.579	-8.36	
1003.743	-16.55	
1003.907	-65.71	
1004.072	-88.23	
1004.236	110.42	
1004.4	-18.6	
1004.565	-71.85	
1004.729	-90.28	
1004.893	-0.17	
1005.057	-6.31	
1005.222	-59.56	
1005.386	-18.6	
1005.55	-39.08	
1005.714	-84.14	
1005.878	-4.27	
1006.042	-47.27	
1006.206	-86.19	
1006.371	14.17	
1006.535	73.56	
1006.699	-88.23	
1006.863	3.93	
1007.027	-18.6	
1007.191	28.5	
1007.355	-8.36	
1007.519	42.84	
1007.683	73.56	
1007.847	-90.28	
1008.01	40.79	
1008.174	-22.7	
1008.338	-22.7	
1008.502	46.93	
1008.666	-30.89	
1008.83	-22.7	
1008.993	-63.66	
1009.157	-116.9	
1009.321	-12.46	
1009.485	-67.75	
1009.648	-37.03	
1009.812	-53.42	
1009.976	-88.23	
1010.139	-84.14	
1010.303	102.23	
1010.467	-63.66	
1010.63	-22.7	
1010.794	18.26	
1010.957	10.07	
1011.121	137.04	
1011.285	-16.55	
1011.448	-24.75	
1011.612	-57.51	
1011.775	18.26	
1011.938	14.17	
1012.102	-94.38	
1012.265	-0.17	
1012.429	-71.85	
1012.592	-57.51	
1012.755	-108.71	
1012.919	44.88	
1013.082	44.88	
1013.245	79.7	
1013.409	-41.13	
1013.572	-28.84	
1013.735	-61.61	
1013.898	44.88	
1014.062	-110.76	
1014.225	85.84	
1014.388	-49.32	
1014.551	-92.33	
1014.714	22.36	
1014.877	3.93	
1015.041	30.55	
1015.204	-39.08	
1015.367	-65.71	
1015.53	1.88	
1015.693	-6.31	
1015.856	-39.08	
1016.019	-59.56	
1016.182	-71.85	
1016.345	-61.61	
1016.508	12.12	
1016.67	-59.56	
1016.833	3.93	
1016.996	16.21	
1017.159	-106.67	
1017.322	20.31	
1017.485	-59.56	
1017.648	-45.23	
1017.81	22.36	
1017.973	-65.71	
1018.136	-16.55	
1018.298	-59.56	
1018.461	-88.23	
1018.624	-43.18	
1018.787	1.88	
1018.949	-22.7	
1019.112	-47.27	
1019.274	38.74	
1019.437	-41.13	
1019.6	-47.27	
1019.762	-80.04	
1019.925	-34.99	
1020.087	12.12	
1020.25	-22.7	
1020.412	-26.79	
1020.575	-110.76	
1020.737	-88.23	
1020.899	-73.9	
1021.062	-51.37	
1021.224	-73.9	
1021.387	-14.51	
1021.549	18.26	
1021.711	-51.37	
1021.874	22.36	
1022.036	75.6	
1022.198	-10.41	
1022.36	-116.9	
1022.523	-94.38	
1022.685	42.84	
1022.847	38.74	
1023.009	1.88	
1023.171	55.12	
1023.333	-77.99	
1023.496	-149.67	
1023.658	42.84	
1023.82	128.85	
1023.982	14.17	
1024.144	-61.61	
1024.306	-96.43	
1024.468	-14.51	
1024.63	-100.52	
1024.792	-59.56	
1024.954	-110.76	
1025.116	-47.27	
1025.278	28.5	
1025.44	-32.94	
1025.601	-80.04	
1025.763	-57.51	
1025.925	8.02	
1026.087	-37.03	
1026.249	3.93	
1026.41	-92.33	
1026.572	77.65	
1026.734	106.32	
1026.896	-8.36	
1027.057	-135.34	
1027.219	-2.22	
1027.381	-94.38	
1027.542	-61.61	
1027.704	-57.51	
1027.866	-55.47	
1028.027	-84.14	
1028.189	-53.42	
1028.35	14.17	
1028.512	51.03	
1028.673	-24.75	
1028.835	-53.42	
1028.996	32.6	
1029.158	-43.18	
1029.319	-73.9	
1029.481	-53.42	
1029.642	-63.66	
1029.803	40.79	
1029.965	77.65	
1030.126	-88.23	
1030.287	-88.23	
1030.449	-39.08	
1030.61	-26.79	
1030.771	-47.27	
1030.933	42.84	
1031.094	-41.13	
1031.255	-80.04	
1031.416	-102.57	
1031.577	-6.31	
1031.738	18.26	
1031.9	42.84	
1032.061	-51.37	
1032.222	-43.18	
1032.383	-14.51	
1032.544	67.41	
1032.705	42.84	
1032.866	12.12	
1033.027	-49.32	
1033.188	-2.22	
1033.349	-67.75	
1033.51	-65.71	
1033.671	32.6	
1033.832	14.17	
1033.993	-114.86	
1034.153	3.93	
1034.314	-43.18	
1034.475	89.94	
1034.636	-75.95	
1034.797	-61.61	
1034.957	-73.9	
1035.118	-41.13	
1035.279	18.26	
1035.44	-30.89	
1035.6	-14.51	
1035.761	22.36	
1035.922	-71.85	
1036.082	-55.47	
1036.243	42.84	
1036.404	10.07	
1036.564	-30.89	
1036.725	36.69	
1036.885	-55.47	
1037.046	-80.04	
1037.206	-39.08	
1037.367	12.12	
1037.527	-71.85	
1037.688	55.12	
1037.848	-28.84	
1038.008	65.36	
1038.169	-16.55	
