#NAME	Angle	Color Index
#VAR	\theta	C
#UNIT	deg	none
0   0
14.248031901676542      1
29.48791690346222       1
47.59189949088359       1
79.89242945148948       1
15.093798046133411      2
31.385929226829496      2
51.370577954259936      2
16.95736396549142       3
35.68439417052509       3
61.042608723435436      3
23.189907486192162      4
51.95807080191753       4
-14.248031901676542      1
-29.48791690346222       1
-47.59189949088359       1
-79.89242945148948       1
-15.093798046133411      2
-31.385929226829496      2
-51.370577954259936      2
-16.95736396549142       3
-35.68439417052509       3
-61.042608723435436      3
-23.189907486192162      4
-51.95807080191753       4