USB4E00404_1:101		
345.868	-49.66	
346.082	-49.66	
346.296	-49.66	
346.51	-180.73	
346.724	-113.15	
346.937	-16.9	
347.151	69.12	
347.365	-18.94	
347.579	44.54	
347.793	-39.42	
348.006	26.11	
348.22	65.02	
348.434	11.78	
348.648	-16.9	
348.861	-53.76	
349.075	-49.66	
349.289	-20.99	
349.502	26.11	
349.716	30.21	
349.93	-39.42	
350.143	-23.04	
350.357	15.87	
350.571	7.68	
350.784	40.45	
350.998	-39.42	
351.212	15.87	
351.425	-25.09	
351.639	24.06	
351.852	-16.9	
352.066	28.16	
352.28	-33.28	
352.493	95.74	
352.707	-33.28	
352.92	-61.95	
353.134	42.5	
353.347	-96.77	
353.561	17.92	
353.774	19.97	
353.988	73.21	
354.201	15.87	
354.415	-23.04	
354.628	-18.94	
354.841	1.54	
355.055	-18.94	
355.268	-6.66	
355.482	-23.04	
355.695	69.12	
355.908	-43.52	
356.122	36.35	
356.335	77.31	
356.549	34.3	
356.762	-80.38	
356.975	-16.9	
357.189	17.92	
357.402	-10.75	
357.615	-53.76	
357.828	-14.85	
358.042	-64	
358.255	15.87	
358.468	-16.9	
358.682	-39.42	
358.895	-33.28	
359.108	-49.66	
359.321	-12.8	
359.534	40.45	
359.748	36.35	
359.961	52.74	
360.174	65.02	
360.387	44.54	
360.6	77.31	
360.813	-49.66	
361.027	7.68	
361.24	-80.38	
361.453	99.84	
361.666	40.45	
361.879	-55.81	
362.092	28.16	
362.305	-31.23	
362.518	1.54	
362.731	65.02	
362.944	-16.9	
363.157	7.68	
363.37	-37.38	
363.583	-59.9	
363.796	-25.09	
364.009	-39.42	
364.222	34.3	
364.435	-66.05	
364.648	105.98	
364.861	-8.7	
365.074	-68.09	
365.287	17.92	
365.5	24.06	
365.713	-25.09	
365.926	48.64	
366.139	56.83	
366.352	-145.92	
366.564	-14.85	
366.777	7.68	
366.99	11.78	
367.203	9.73	
367.416	-37.38	
367.629	-43.52	
367.841	32.26	
368.054	108.03	
368.267	-12.8	
368.48	-68.09	
368.693	-27.14	
368.905	28.16	
369.118	3.58	
369.331	-16.9	
369.544	-102.91	
369.756	40.45	
369.969	-33.28	
370.182	15.87	
370.394	-6.66	
370.607	-86.53	
370.82	-43.52	
371.032	-27.14	
371.245	-25.09	
371.458	-94.72	
371.67	7.68	
371.883	22.02	
372.095	-115.2	
372.308	9.73	
372.52	-57.86	
372.733	1.54	
372.946	-49.66	
373.158	-8.7	
373.371	11.78	
373.583	1.54	
373.796	-8.7	
374.008	77.31	
374.221	-55.81	
374.433	38.4	
374.646	15.87	
374.858	48.64	
375.071	9.73	
375.283	-41.47	
375.495	9.73	
375.708	-25.09	
375.92	19.97	
376.133	-8.7	
376.345	1.54	
376.557	-10.75	
376.77	67.07	
376.982	-14.85	
377.194	40.45	
377.407	-49.66	
377.619	-33.28	
377.831	32.26	
378.044	19.97	
378.256	44.54	
378.468	-31.23	
378.68	-25.09	
378.893	-64	
379.105	48.64	
379.317	-41.47	
379.529	-115.2	
379.742	73.21	
379.954	-12.8	
380.166	7.68	
380.378	65.02	
380.59	-8.7	
380.803	36.35	
381.015	-12.8	
381.227	97.79	
381.439	138.75	
381.651	65.02	
381.863	60.93	
382.075	28.16	
382.287	-4.61	
382.499	28.16	
382.712	24.06	
382.924	26.11	
383.136	24.06	
383.348	-37.38	
383.56	-90.62	
383.772	-8.7	
383.984	-88.57	
384.196	28.16	
384.408	-31.23	
384.62	-16.9	
384.832	122.37	
385.044	17.92	
385.255	-25.09	
385.467	-6.66	
385.679	105.98	
385.891	3.58	
386.103	34.3	
386.315	7.68	
386.527	101.89	
386.739	177.66	
386.951	243.2	
387.162	517.62	
387.374	1048.05	
387.586	1867.24	
387.798	2426.33	
388.01	2874.84	
388.221	2805.21	
388.433	2729.43	
388.645	2448.86	
388.857	2053.6	
389.069	1611.24	
389.28	1353.2	
389.492	957.94	
389.704	544.25	
389.915	265.72	
390.127	112.13	
390.339	75.26	
390.55	-16.9	
390.762	28.16	
390.974	-53.76	
391.185	-20.99	
391.397	-6.66	
391.609	-4.61	
391.82	67.07	
392.032	-39.42	
392.243	-12.8	
392.455	19.97	
392.667	-14.85	
392.878	44.54	
393.09	-18.94	
393.301	15.87	
393.513	13.82	
393.724	-8.7	
393.936	-12.8	
394.147	65.02	
394.359	9.73	
394.57	32.26	
394.782	-14.85	
394.993	22.02	
395.204	11.78	
395.416	97.79	
395.627	-25.09	
395.839	56.83	
396.05	75.26	
396.261	24.06	
396.473	40.45	
396.684	9.73	
396.896	1.54	
397.107	-20.99	
397.318	40.45	
397.529	-31.23	
397.741	19.97	
397.952	-86.53	
398.163	60.93	
398.375	-0.51	
398.586	-25.09	
398.797	28.16	
399.008	11.78	
399.22	7.68	
399.431	-6.66	
399.642	50.69	
399.853	-74.24	
400.064	36.35	
400.276	60.93	
400.487	1.54	
400.698	32.26	
400.909	-12.8	
401.12	3.58	
401.331	-16.9	
401.542	128.51	
401.754	157.18	
401.965	112.13	
402.176	67.07	
402.387	146.94	
402.598	7.68	
402.809	124.41	
403.02	105.98	
403.231	65.02	
403.442	-16.9	
403.653	-49.66	
403.864	-33.28	
404.075	-76.29	
404.286	-49.66	
404.497	24.06	
404.708	48.64	
404.919	26.11	
405.13	7.68	
405.341	-66.05	
405.551	30.21	
405.762	-16.9	
405.973	-49.66	
406.184	24.06	
406.395	-33.28	
406.606	19.97	
406.817	-45.57	
407.027	-37.38	
407.238	-78.33	
407.449	40.45	
407.66	-51.71	
407.871	-45.57	
408.081	34.3	
408.292	36.35	
408.503	-43.52	
408.714	3.58	
408.924	17.92	
409.135	1.54	
409.346	-16.9	
409.556	48.64	
409.767	-25.09	
409.978	-0.51	
410.188	3.58	
410.399	-20.99	
410.61	-0.51	
410.82	-49.66	
411.031	-0.51	
411.242	56.83	
411.452	9.73	
411.663	67.07	
411.873	28.16	
412.084	46.59	
412.295	7.68	
412.505	-74.24	
412.716	48.64	
412.926	97.79	
413.137	-57.86	
413.347	-10.75	
413.558	26.11	
413.768	-66.05	
413.979	-41.47	
414.189	17.92	
414.399	30.21	
414.61	-33.28	
414.82	32.26	
415.031	-27.14	
415.241	-64	
415.451	-53.76	
415.662	-12.8	
415.872	-25.09	
416.083	62.98	
416.293	-20.99	
416.503	44.54	
416.714	-25.09	
416.924	-61.95	
417.134	-6.66	
417.344	-0.51	
417.555	-53.76	
417.765	7.68	
417.975	77.31	
418.186	46.59	
418.396	-8.7	
418.606	-82.43	
418.816	56.83	
419.026	-25.09	
419.237	-49.66	
419.447	11.78	
419.657	32.26	
419.867	32.26	
420.077	-27.14	
420.287	32.26	
420.497	-47.62	
420.708	-31.23	
420.918	22.02	
421.128	-23.04	
421.338	15.87	
421.548	-55.81	
421.758	40.45	
421.968	-2.56	
422.178	15.87	
422.388	28.16	
422.598	-64	
422.808	-64	
423.018	-0.51	
423.228	-29.18	
423.438	11.78	
423.648	-0.51	
423.858	1.54	
424.068	-57.86	
424.278	-25.09	
424.488	-0.51	
424.698	-29.18	
424.907	-72.19	
425.117	-57.86	
425.327	-33.28	
425.537	52.74	
425.747	-0.51	
425.957	-80.38	
426.167	42.5	
426.376	24.06	
426.586	17.92	
426.796	-41.47	
427.006	48.64	
427.216	-29.18	
427.425	-37.38	
427.635	-135.68	
427.845	32.26	
428.054	5.63	
428.264	-31.23	
428.474	-86.53	
428.684	85.5	
428.893	7.68	
429.103	-23.04	
429.313	19.97	
429.522	-8.7	
429.732	60.93	
429.941	56.83	
430.151	-37.38	
430.361	-8.7	
430.57	9.73	
430.78	-66.05	
430.989	28.16	
431.199	73.21	
431.409	-45.57	
431.618	-68.09	
431.828	-31.23	
432.037	-82.43	
432.247	-117.25	
432.456	-41.47	
432.666	-33.28	
432.875	19.97	
433.084	-33.28	
433.294	-6.66	
433.503	-74.24	
433.713	-49.66	
433.922	26.11	
434.132	-55.81	
434.341	69.12	
434.55	5.63	
434.76	-12.8	
434.969	-14.85	
435.178	73.21	
435.388	69.12	
435.597	-6.66	
435.806	9.73	
436.016	-51.71	
436.225	-90.62	
436.434	-0.51	
436.643	24.06	
436.853	-57.86	
437.062	-25.09	
437.271	-29.18	
437.48	97.79	
437.69	1.54	
437.899	7.68	
438.108	108.03	
438.317	-66.05	
438.526	7.68	
438.735	9.73	
438.945	7.68	
439.154	-23.04	
439.363	58.88	
439.572	52.74	
439.781	-18.94	
439.99	-20.99	
440.199	-47.62	
440.408	73.21	
440.617	-14.85	
440.826	-16.9	
441.035	40.45	
441.244	-2.56	
441.453	-47.62	
441.662	19.97	
441.871	1.54	
442.08	-25.09	
442.289	-18.94	
442.498	40.45	
442.707	-27.14	
442.916	46.59	
443.125	-8.7	
443.334	-25.09	
443.543	99.84	
443.752	-39.42	
443.961	-53.76	
444.169	40.45	
444.378	65.02	
444.587	32.26	
444.796	77.31	
445.005	15.87	
445.213	50.69	
445.422	130.56	
445.631	105.98	
445.84	388.6	
446.049	937.46	
446.257	1277.42	
446.466	1490.41	
446.675	1613.29	
446.883	1521.13	
447.092	1281.52	
447.301	1082.86	
447.51	724.47	
447.718	550.39	
447.927	318.97	
448.135	192	
448.344	118.27	
448.553	5.63	
448.761	-23.04	
448.97	19.97	
449.179	-96.77	
449.387	-25.09	
449.596	-8.7	
449.804	-27.14	
450.013	99.84	
450.221	-31.23	
450.43	24.06	
450.638	48.64	
450.847	22.02	
451.055	-45.57	
451.264	19.97	
451.472	15.87	
451.681	-0.51	
451.889	30.21	
452.097	67.07	
452.306	26.11	
452.514	-8.7	
452.723	-45.57	
452.931	-37.38	
453.139	19.97	
453.348	19.97	
453.556	-4.61	
453.764	-47.62	
453.973	7.68	
454.181	-33.28	
454.389	1.54	
454.598	26.11	
454.806	7.68	
455.014	40.45	
455.222	-0.51	
455.431	-74.24	
455.639	15.87	
455.847	1.54	
456.055	-6.66	
456.264	13.82	
456.472	-0.51	
456.68	-16.9	
456.888	-47.62	
457.096	-64	
457.304	-41.47	
457.512	-70.14	
457.721	-57.86	
457.929	40.45	
458.137	-37.38	
458.345	-0.51	
458.553	42.5	
458.761	52.74	
458.969	-55.81	
459.177	7.68	
459.385	-53.76	
459.593	15.87	
459.801	-16.9	
460.009	-82.43	
460.217	-39.42	
460.425	34.3	
460.633	44.54	
460.841	7.68	
461.049	-109.05	
461.257	34.3	
461.465	-41.47	
461.673	-0.51	
461.88	15.87	
462.088	-33.28	
462.296	28.16	
462.504	22.02	
462.712	83.45	
462.92	28.16	
463.127	-6.66	
463.335	-16.9	
463.543	-49.66	
463.751	-14.85	
463.959	28.16	
464.166	-12.8	
464.374	19.97	
464.582	-29.18	
464.79	34.3	
464.997	34.3	
465.205	-16.9	
465.413	-55.81	
465.62	118.27	
465.828	-33.28	
466.036	-0.51	
466.243	26.11	
466.451	15.87	
466.658	-51.71	
466.866	44.54	
467.074	-49.66	
467.281	-25.09	
467.489	89.6	
467.696	17.92	
467.904	3.58	
468.111	56.83	
468.319	73.21	
468.527	28.16	
468.734	-55.81	
468.942	-51.71	
469.149	3.58	
469.356	11.78	
469.564	-25.09	
469.771	-8.7	
469.979	81.41	
470.186	327.16	
470.394	286.2	
470.601	454.14	
470.808	525.82	
471.016	474.62	
471.223	482.81	
471.43	364.03	
471.638	212.48	
471.845	112.13	
472.052	171.52	
472.26	116.22	
472.467	157.18	
472.674	60.93	
472.882	58.88	
473.089	-82.43	
473.296	40.45	
473.503	15.87	
473.711	-98.81	
473.918	1.54	
474.125	24.06	
474.332	-0.51	
474.539	24.06	
474.746	97.79	
474.954	-41.47	
475.161	-33.28	
475.368	-41.47	
475.575	-23.04	
475.782	15.87	
475.989	24.06	
476.196	32.26	
476.403	65.02	
476.61	-57.86	
476.817	-102.91	
477.024	-47.62	
477.231	-10.75	
477.438	-4.61	
477.645	-10.75	
477.852	24.06	
478.059	19.97	
478.266	65.02	
478.473	-47.62	
478.68	-29.18	
478.887	-25.09	
479.094	-14.85	
479.301	11.78	
479.508	-0.51	
479.715	7.68	
479.922	36.35	
480.129	-23.04	
480.335	-33.28	
480.542	36.35	
480.749	-33.28	
480.956	30.21	
481.163	-33.28	
481.369	81.41	
481.576	-41.47	
481.783	52.74	
481.99	5.63	
482.196	15.87	
482.403	-53.76	
482.61	-4.61	
482.817	3.58	
483.023	13.82	
483.23	-25.09	
483.437	-31.23	
483.643	-25.09	
483.85	1.54	
484.057	-16.9	
484.263	75.26	
484.47	83.45	
484.676	1.54	
484.883	19.97	
485.09	48.64	
485.296	-4.61	
485.503	26.11	
485.709	62.98	
485.916	52.74	
486.122	24.06	
486.329	67.07	
486.535	-8.7	
486.742	56.83	
486.948	-10.75	
487.155	-18.94	
487.361	22.02	
487.567	-57.86	
487.774	-107.01	
487.98	-47.62	
488.187	77.31	
488.393	126.46	
488.599	26.11	
488.806	-0.51	
489.012	32.26	
489.219	1.54	
489.425	-8.7	
489.631	9.73	
489.837	24.06	
490.044	50.69	
490.25	-20.99	
490.456	56.83	
490.663	56.83	
490.869	34.3	
491.075	392.7	
491.281	773.62	
491.487	1011.18	
491.694	1154.54	
491.9	1117.68	
492.106	1123.82	
492.312	855.54	
492.518	581.11	
492.724	380.41	
492.931	306.68	
493.137	228.86	
493.343	232.96	
493.549	196.09	
493.755	148.99	
493.961	91.65	
494.167	87.55	
494.373	48.64	
494.579	7.68	
494.785	-25.09	
494.991	36.35	
495.197	9.73	
495.403	-45.57	
495.609	-23.04	
495.815	-6.66	
496.021	48.64	
496.227	44.54	
496.433	7.68	
496.639	1.54	
496.845	22.02	
497.05	36.35	
497.256	-8.7	
497.462	5.63	
497.668	-20.99	
497.874	52.74	
498.08	73.21	
498.286	26.11	
498.491	-6.66	
498.697	-49.66	
498.903	36.35	
499.109	58.88	
499.314	30.21	
499.52	46.59	
499.726	97.79	
499.932	97.79	
500.137	261.63	
500.343	921.07	
500.549	1936.87	
500.754	3433.93	
500.96	4040.13	
501.166	4320.7	
501.371	4431.29	
501.577	3671.5	
501.782	2711	
501.988	1609.19	
502.194	1164.78	
502.399	1099.25	
502.605	1105.39	
502.81	810.48	
503.016	720.37	
503.221	552.44	
503.427	331.26	
503.632	312.83	
503.838	245.24	
504.043	155.13	
504.249	222.72	
504.454	261.63	
504.66	148.99	
504.865	126.46	
505.071	171.52	
505.276	24.06	
505.481	108.03	
505.687	-6.66	
505.892	58.88	
506.097	81.41	
506.303	50.69	
506.508	38.4	
506.713	36.35	
506.919	32.26	
507.124	-18.94	
507.329	26.11	
507.535	-33.28	
507.74	-14.85	
507.945	-74.24	
508.15	-0.51	
508.356	-78.33	
508.561	-25.09	
508.766	15.87	
508.971	22.02	
509.176	-29.18	
509.381	56.83	
509.587	-0.51	
509.792	-14.85	
509.997	-25.09	
510.202	-23.04	
510.407	7.68	
510.612	-45.57	
510.817	-45.57	
511.022	19.97	
511.227	15.87	
511.432	-96.77	
511.637	48.64	
511.842	-74.24	
512.047	-64	
512.252	-90.62	
512.457	-59.9	
512.662	22.02	
512.867	-59.9	
513.072	5.63	
513.277	52.74	
513.482	-4.61	
513.687	73.21	
513.892	15.87	
514.097	11.78	
514.302	-43.52	
514.507	24.06	
514.711	-29.18	
514.916	1.54	
515.121	-16.9	
515.326	-20.99	
515.531	-72.19	
515.735	13.82	
515.94	-4.61	
516.145	-39.42	
516.35	-6.66	
516.554	-72.19	
516.759	-59.9	
516.964	-43.52	
517.169	-31.23	
517.373	67.07	
517.578	-18.94	
517.783	-12.8	
517.987	-14.85	
518.192	32.26	
518.396	-16.9	
518.601	122.37	
518.806	40.45	
519.01	30.21	
519.215	-82.43	
519.419	13.82	
519.624	112.13	
519.829	-16.9	
520.033	34.3	
520.238	52.74	
520.442	-66.05	
520.647	79.36	
520.851	22.02	
521.055	-57.86	
521.26	-20.99	
521.464	36.35	
521.669	13.82	
521.873	-49.66	
522.078	34.3	
522.282	-39.42	
522.486	-66.05	
522.691	1.54	
522.895	15.87	
523.099	-23.04	
523.304	48.64	
523.508	-33.28	
523.712	-37.38	
523.917	-25.09	
524.121	-96.77	
524.325	-61.95	
524.53	-23.04	
524.734	-25.09	
524.938	89.6	
525.142	-6.66	
525.346	-127.49	
525.551	-45.57	
525.755	-25.09	
525.959	-25.09	
526.163	44.54	
526.367	-59.9	
526.571	-20.99	
526.776	-23.04	
526.98	-45.57	
527.184	-35.33	
527.388	5.63	
527.592	-8.7	
527.796	-82.43	
528	40.45	
528.204	-37.38	
528.408	-53.76	
528.612	7.68	
528.816	-31.23	
529.02	-14.85	
529.224	26.11	
529.428	1.54	
529.632	42.5	
529.836	34.3	
530.04	-8.7	
530.244	-25.09	
530.448	-29.18	
530.652	-57.86	
530.855	-78.33	
531.059	-0.51	
531.263	-29.18	
531.467	-25.09	
531.671	44.54	
531.875	30.21	
532.078	-45.57	
532.282	38.4	
532.486	42.5	
532.69	-68.09	
532.893	-23.04	
533.097	73.21	
533.301	-16.9	
533.505	-16.9	
533.708	-66.05	
533.912	-29.18	
534.116	-10.75	
534.319	-47.62	
534.523	19.97	
534.727	-18.94	
534.93	-6.66	
535.134	-25.09	
535.338	-2.56	
535.541	-16.9	
535.745	-78.33	
535.948	58.88	
536.152	15.87	
536.355	-41.47	
536.559	1.54	
536.762	-23.04	
536.966	73.21	
537.169	-18.94	
537.373	-16.9	
537.576	-41.47	
537.78	26.11	
537.983	7.68	
538.187	-80.38	
538.39	-6.66	
538.593	24.06	
538.797	65.02	
539	1.54	
539.204	91.65	
539.407	-31.23	
539.61	48.64	
539.814	-12.8	
540.017	22.02	
540.22	1.54	
540.424	-43.52	
540.627	17.92	
540.83	81.41	
541.033	7.68	
541.237	48.64	
541.44	40.45	
541.643	24.06	
541.846	42.5	
542.049	34.3	
542.253	5.63	
542.456	67.07	
542.659	-41.47	
542.862	15.87	
543.065	165.37	
543.268	116.22	
543.471	136.7	
543.674	81.41	
543.878	99.84	
544.081	19.97	
544.284	15.87	
544.487	13.82	
544.69	81.41	
544.893	116.22	
545.096	58.88	
545.299	126.46	
545.502	89.6	
545.705	56.83	
545.908	1.54	
546.111	73.21	
546.314	15.87	
546.516	73.21	
546.719	-53.76	
546.922	65.02	
547.125	7.68	
547.328	144.89	
547.531	89.6	
547.734	26.11	
547.936	44.54	
548.139	26.11	
548.342	75.26	
548.545	56.83	
548.748	-35.33	
548.95	-23.04	
549.153	48.64	
549.356	7.68	
549.559	36.35	
549.761	28.16	
549.964	-0.51	
550.167	46.59	
550.369	-8.7	
550.572	17.92	
550.775	40.45	
550.977	36.35	
551.18	7.68	
551.383	9.73	
551.585	-0.51	
551.788	40.45	
551.99	56.83	
552.193	46.59	
552.396	-6.66	
552.598	38.4	
552.801	81.41	
553.003	-14.85	
553.206	67.07	
553.408	89.6	
553.611	-0.51	
553.813	-68.09	
554.015	32.26	
554.218	-10.75	
554.42	-74.24	
554.623	-6.66	
554.825	24.06	
555.027	24.06	
555.23	-78.33	
555.432	-49.66	
555.635	-49.66	
555.837	44.54	
556.039	15.87	
556.242	87.55	
556.444	5.63	
556.646	-6.66	
556.848	11.78	
557.051	17.92	
557.253	52.74	
557.455	-41.47	
557.657	-45.57	
557.86	-14.85	
558.062	97.79	
558.264	73.21	
558.466	3.58	
558.668	15.87	
558.87	-49.66	
559.073	-0.51	
559.275	-39.42	
559.477	-16.9	
559.679	-6.66	
559.881	48.64	
560.083	26.11	
560.285	9.73	
560.487	-16.9	
560.689	17.92	
560.891	42.5	
561.093	17.92	
561.295	36.35	
561.497	-4.61	
561.699	-16.9	
561.901	56.83	
562.103	-2.56	
562.305	7.68	
562.507	58.88	
562.709	93.69	
562.911	32.26	
563.113	-8.7	
563.314	58.88	
563.516	28.16	
563.718	36.35	
563.92	-14.85	
564.122	65.02	
564.323	-49.66	
564.525	-80.38	
564.727	-2.56	
564.929	3.58	
565.131	-90.62	
565.332	26.11	
565.534	-6.66	
565.736	-20.99	
565.937	9.73	
566.139	40.45	
566.341	24.06	
566.542	56.83	
566.744	67.07	
566.946	99.84	
567.147	34.3	
567.349	-16.9	
567.551	44.54	
567.752	-64	
567.954	24.06	
568.155	-6.66	
568.357	22.02	
568.558	7.68	
568.76	-0.51	
568.961	69.12	
569.163	24.06	
569.364	19.97	
569.566	19.97	
569.767	9.73	
569.969	65.02	
570.17	24.06	
570.372	44.54	
570.573	7.68	
570.774	7.68	
570.976	44.54	
571.177	7.68	
571.378	9.73	
571.58	71.17	
571.781	40.45	
571.982	50.69	
572.184	-47.62	
572.385	-6.66	
572.586	34.3	
572.788	122.37	
572.989	83.45	
573.19	-12.8	
573.391	62.98	
573.592	44.54	
573.794	89.6	
573.995	48.64	
574.196	42.5	
574.397	7.68	
574.598	24.06	
574.799	-4.61	
575.001	65.02	
575.202	36.35	
575.403	24.06	
575.604	-14.85	
575.805	140.8	
576.006	1.54	
576.207	-25.09	
576.408	67.07	
576.609	58.88	
576.81	114.17	
577.011	15.87	
577.212	65.02	
577.413	-8.7	
577.614	32.26	
577.815	36.35	
578.016	28.16	
578.217	32.26	
578.418	24.06	
578.619	73.21	
578.819	56.83	
579.02	67.07	
579.221	97.79	
579.422	19.97	
579.623	-29.18	
579.824	85.5	
580.024	167.42	
580.225	183.81	
580.426	148.99	
580.627	206.33	
580.827	179.71	
581.028	271.87	
581.229	339.45	
581.43	278.01	
581.63	218.62	
581.831	181.76	
582.032	159.23	
582.232	237.05	
582.433	124.41	
582.634	177.66	
582.834	196.09	
583.035	134.65	
583.235	185.85	
583.436	114.17	
583.636	214.52	
583.837	216.57	
584.038	253.44	
584.238	239.1	
584.439	245.24	
584.639	237.05	
584.84	263.68	
585.04	361.98	
585.241	402.94	
585.441	566.78	
585.641	693.75	
585.842	941.55	
586.042	3411.4	
586.243	11615.57	
586.443	20870.34	
586.643	32148.5	
586.844	43789.16	
587.044	54864.57	
587.244	62775.87	
587.445	63402.55	
587.645	59535.99	
587.845	48853.78	
588.046	36250.58	
588.246	23968.91	
588.446	16676.1	
588.646	13057.34	
588.847	10816.86	
589.047	8627.58	
589.247	6659.48	
589.447	4365.76	
589.647	2819.54	
589.847	1646.05	
590.048	1132.01	
590.248	736.76	
590.448	493.05	
590.648	376.31	
590.848	353.79	
591.048	269.82	
591.248	259.58	
591.448	232.96	
591.648	216.57	
591.848	146.94	
592.048	171.52	
592.248	204.28	
592.448	138.75	
592.648	181.76	
592.848	169.47	
593.048	110.08	
593.248	165.37	
593.448	97.79	
593.648	138.75	
593.848	50.69	
594.048	58.88	
594.248	122.37	
594.447	101.89	
594.647	173.57	
594.847	15.87	
595.047	3.58	
595.247	130.56	
595.447	-16.9	
595.646	122.37	
595.846	13.82	
596.046	48.64	
596.246	126.46	
596.445	42.5	
596.645	97.79	
596.845	-4.61	
597.044	73.21	
597.244	48.64	
597.444	87.55	
597.643	7.68	
597.843	36.35	
598.043	36.35	
598.242	52.74	
598.442	34.3	
598.641	85.5	
598.841	130.56	
599.041	97.79	
599.24	114.17	
599.44	44.54	
599.639	-33.28	
599.839	65.02	
600.038	34.3	
600.238	40.45	
600.437	3.58	
600.637	36.35	
600.836	85.5	
601.035	48.64	
601.235	-4.61	
601.434	17.92	
601.634	30.21	
601.833	-16.9	
602.032	48.64	
602.232	36.35	
602.431	67.07	
602.63	40.45	
602.83	52.74	
603.029	19.97	
603.228	28.16	
603.427	50.69	
603.627	-33.28	
603.826	30.21	
604.025	56.83	
604.224	-16.9	
604.424	42.5	
604.623	26.11	
604.822	-51.71	
605.021	44.54	
605.22	15.87	
605.419	-66.05	
605.618	77.31	
605.818	-8.7	
606.017	87.55	
606.216	3.58	
606.415	-0.51	
606.614	40.45	
606.813	17.92	
607.012	-6.66	
607.211	-41.47	
607.41	-0.51	
607.609	-16.9	
607.808	-25.09	
608.007	71.17	
608.206	-53.76	
608.405	-37.38	
608.604	-8.7	
608.802	30.21	
609.001	24.06	
609.2	9.73	
609.399	81.41	
609.598	15.87	
609.797	48.64	
609.996	7.68	
610.194	32.26	
610.393	73.21	
610.592	91.65	
610.791	140.8	
610.99	200.19	
611.188	97.79	
611.387	110.08	
611.586	163.33	
611.784	132.61	
611.983	17.92	
612.182	146.94	
612.38	130.56	
612.579	24.06	
612.778	105.98	
612.976	42.5	
613.175	22.02	
613.374	89.6	
613.572	15.87	
613.771	97.79	
613.969	114.17	
614.168	89.6	
614.366	77.31	
614.565	40.45	
614.763	101.89	
614.962	-49.66	
615.16	9.73	
615.359	52.74	
615.557	19.97	
615.756	24.06	
615.954	36.35	
616.153	89.6	
616.351	32.26	
616.549	28.16	
616.748	60.93	
616.946	-25.09	
617.144	7.68	
617.343	-16.9	
617.541	26.11	
617.739	11.78	
617.938	-4.61	
618.136	60.93	
618.334	34.3	
618.532	-10.75	
618.731	-20.99	
618.929	-49.66	
619.127	-10.75	
619.325	-33.28	
619.523	26.11	
619.722	-0.51	
619.92	17.92	
620.118	32.26	
620.316	26.11	
620.514	-12.8	
620.712	108.03	
620.91	-0.51	
621.108	1.54	
621.306	9.73	
621.505	7.68	
621.703	-4.61	
621.901	48.64	
622.099	24.06	
622.297	30.21	
622.495	-55.81	
622.693	-25.09	
622.89	93.69	
623.088	11.78	
623.286	-41.47	
623.484	48.64	
623.682	-27.14	
623.88	60.93	
624.078	-66.05	
624.276	19.97	
624.474	-23.04	
624.671	28.16	
624.869	97.79	
625.067	22.02	
625.265	114.17	
625.463	19.97	
625.66	-8.7	
625.858	60.93	
626.056	-8.7	
626.254	19.97	
626.451	-8.7	
626.649	-39.42	
626.847	3.58	
627.044	65.02	
627.242	62.98	
627.44	42.5	
627.637	-14.85	
627.835	81.41	
628.032	-33.28	
628.23	65.02	
628.428	-49.66	
628.625	32.26	
628.823	36.35	
629.02	83.45	
629.218	17.92	
629.415	32.26	
629.613	-29.18	
629.81	-86.53	
630.008	65.02	
630.205	44.54	
630.403	-74.24	
630.6	11.78	
630.797	-8.7	
630.995	7.68	
631.192	7.68	
631.39	50.69	
631.587	-23.04	
631.784	22.02	
631.982	-0.51	
632.179	15.87	
632.376	15.87	
632.574	-0.51	
632.771	-74.24	
632.968	28.16	
633.165	69.12	
633.363	48.64	
633.56	3.58	
633.757	22.02	
633.954	-20.99	
634.151	-20.99	
634.349	42.5	
634.546	85.5	
634.743	7.68	
634.94	-25.09	
635.137	-47.62	
635.334	-18.94	
635.531	-4.61	
635.728	71.17	
635.925	-33.28	
636.122	28.16	
636.319	-25.09	
636.516	54.78	
636.713	3.58	
636.91	1.54	
637.107	-31.23	
637.304	15.87	
637.501	11.78	
637.698	28.16	
637.895	-29.18	
638.092	-16.9	
638.289	-16.9	
638.486	-41.47	
638.683	7.68	
638.88	5.63	
639.076	-0.51	
639.273	30.21	
639.47	-8.7	
639.667	32.26	
639.864	73.21	
640.06	1.54	
640.257	48.64	
640.454	128.51	
640.651	34.3	
640.847	7.68	
641.044	-61.95	
641.241	105.98	
641.437	13.82	
641.634	32.26	
641.831	-25.09	
642.027	-20.99	
642.224	-23.04	
642.421	-6.66	
642.617	32.26	
642.814	-33.28	
643.01	-39.42	
643.207	-20.99	
643.403	3.58	
643.6	54.78	
643.796	-0.51	
643.993	58.88	
644.189	75.26	
644.386	32.26	
644.582	38.4	
644.779	-4.61	
644.975	67.07	
645.172	60.93	
645.368	15.87	
645.564	-55.81	
645.761	56.83	
645.957	-12.8	
646.153	15.87	
646.35	62.98	
646.546	7.68	
646.742	-74.24	
646.939	-16.9	
647.135	-39.42	
647.331	9.73	
647.527	65.02	
647.724	-8.7	
647.92	-8.7	
648.116	-25.09	
648.312	24.06	
648.509	38.4	
648.705	-18.94	
648.901	52.74	
649.097	13.82	
649.293	87.55	
649.489	-4.61	
649.685	28.16	
649.881	24.06	
650.077	-49.66	
650.274	62.98	
650.47	24.06	
650.666	40.45	
650.862	11.78	
651.058	44.54	
651.254	65.02	
651.45	42.5	
651.645	52.74	
651.841	15.87	
652.037	-8.7	
652.233	67.07	
652.429	-33.28	
652.625	28.16	
652.821	-39.42	
653.017	1.54	
653.213	42.5	
653.408	9.73	
653.604	-16.9	
653.8	-39.42	
653.996	-4.61	
654.192	-31.23	
654.387	-29.18	
654.583	19.97	
654.779	28.16	
654.975	48.64	
655.17	-113.15	
655.366	-25.09	
655.562	-16.9	
655.757	42.5	
655.953	11.78	
656.149	116.22	
656.344	30.21	
656.54	-8.7	
656.735	85.5	
656.931	-20.99	
657.127	-8.7	
657.322	40.45	
657.518	-23.04	
657.713	-16.9	
657.909	-98.81	
658.104	-8.7	
658.3	32.26	
658.495	-70.14	
658.691	-18.94	
658.886	58.88	
659.082	-8.7	
659.277	67.07	
659.472	-0.51	
659.668	7.68	
659.863	19.97	
660.059	19.97	
660.254	19.97	
660.449	3.58	
660.644	40.45	
660.84	17.92	
661.035	9.73	
661.23	79.36	
661.426	-61.95	
661.621	108.03	
661.816	52.74	
662.011	1.54	
662.207	9.73	
662.402	126.46	
662.597	114.17	
662.792	189.95	
662.987	34.3	
663.182	93.69	
663.377	-41.47	
663.573	15.87	
663.768	71.17	
663.963	48.64	
664.158	97.79	
664.353	71.17	
664.548	13.82	
664.743	7.68	
664.938	38.4	
665.133	24.06	
665.328	146.94	
665.523	48.64	
665.718	65.02	
665.913	148.99	
666.108	413.18	
666.303	1678.82	
666.498	3714.5	
666.692	5408.17	
666.887	7679.37	
667.082	9551.21	
667.277	11885.9	
667.472	13923.63	
667.667	14558.5	
667.861	14701.86	
668.056	12893.5	
668.251	11488.59	
668.446	9426.29	
668.64	7146.9	
668.835	5332.4	
669.03	3892.68	
669.225	2778.58	
669.419	1934.82	
669.614	1310.19	
669.809	728.56	
670.003	517.62	
670.198	417.27	
670.393	245.24	
670.587	165.37	
670.782	155.13	
670.976	130.56	
671.171	22.02	
671.365	34.3	
671.56	130.56	
671.754	144.89	
671.949	67.07	
672.143	99.84	
672.338	75.26	
672.532	30.21	
672.727	28.16	
672.921	75.26	
673.116	124.41	
673.31	99.84	
673.504	24.06	
673.699	36.35	
673.893	1.54	
674.088	-0.51	
674.282	32.26	
674.476	28.16	
674.67	67.07	
674.865	17.92	
675.059	-23.04	
675.253	40.45	
675.448	-0.51	
675.642	-33.28	
675.836	-31.23	
676.03	-2.56	
676.224	44.54	
676.419	28.16	
676.613	46.59	
676.807	-23.04	
677.001	56.83	
677.195	30.21	
677.389	105.98	
677.583	-45.57	
677.777	3.58	
677.972	11.78	
678.166	-82.43	
678.36	32.26	
678.554	36.35	
678.748	9.73	
678.942	60.93	
679.136	50.69	
679.33	93.69	
679.524	40.45	
679.717	15.87	
679.911	-0.51	
680.105	3.58	
680.299	-47.62	
680.493	-49.66	
680.687	-10.75	
680.881	52.74	
681.075	15.87	
681.268	-12.8	
681.462	-57.86	
681.656	3.58	
681.85	-23.04	
682.044	-47.62	
682.237	30.21	
682.431	-72.19	
682.625	-25.09	
682.819	44.54	
683.012	1.54	
683.206	32.26	
683.4	-37.38	
683.593	7.68	
683.787	34.3	
683.981	-23.04	
684.174	-12.8	
684.368	15.87	
684.561	-12.8	
684.755	42.5	
684.948	19.97	
685.142	24.06	
685.335	-4.61	
685.529	-20.99	
685.722	-14.85	
685.916	-10.75	
686.109	34.3	
686.303	-25.09	
686.496	3.58	
686.69	42.5	
686.883	40.45	
687.077	-25.09	
687.27	-66.05	
687.463	73.21	
687.657	-33.28	
687.85	15.87	
688.043	-45.57	
688.237	11.78	
688.43	17.92	
688.623	32.26	
688.816	17.92	
689.01	56.83	
689.203	65.02	
689.396	-25.09	
689.589	19.97	
689.783	-6.66	
689.976	19.97	
690.169	-8.7	
690.362	11.78	
690.555	-31.23	
690.748	-33.28	
690.941	48.64	
691.135	-23.04	
691.328	-41.47	
691.521	-37.38	
691.714	-25.09	
691.907	48.64	
692.1	46.59	
692.293	40.45	
692.486	-25.09	
692.679	24.06	
692.872	54.78	
693.065	-20.99	
693.258	105.98	
693.451	-29.18	
693.644	-41.47	
693.836	3.58	
694.029	-0.51	
694.222	50.69	
694.415	5.63	
694.608	-0.51	
694.801	56.83	
694.993	130.56	
695.186	7.68	
695.379	67.07	
695.572	26.11	
695.765	-39.42	
695.957	3.58	
696.15	34.3	
696.343	58.88	
696.535	-8.7	
696.728	-4.61	
696.921	56.83	
697.113	81.41	
697.306	26.11	
697.499	-16.9	
697.691	26.11	
697.884	91.65	
698.076	50.69	
698.269	11.78	
698.462	105.98	
698.654	19.97	
698.847	7.68	
699.039	1.54	
699.232	-16.9	
699.424	42.5	
699.617	67.07	
699.809	-16.9	
700.001	46.59	
700.194	48.64	
700.386	24.06	
700.579	-8.7	
700.771	-8.7	
700.963	114.17	
701.156	138.75	
701.348	138.75	
701.54	212.48	
701.733	169.47	
701.925	165.37	
702.117	114.17	
702.309	52.74	
702.502	187.9	
702.694	81.41	
702.886	122.37	
703.078	15.87	
703.271	9.73	
703.463	157.18	
703.655	253.44	
703.847	73.21	
704.039	126.46	
704.231	230.91	
704.423	189.95	
704.615	314.88	
704.808	882.16	
705	3093.97	
705.192	6092.2	
705.384	8793.47	
705.576	12064.07	
705.768	14925.08	
705.96	18140.4	
706.152	21025.98	
706.344	21894.32	
706.536	22693.03	
706.727	20962.5	
706.919	19000.54	
707.111	16497.92	
707.303	13518.13	
707.495	10853.72	
707.687	8064.39	
707.879	5688.75	
708.071	4357.57	
708.262	2780.63	
708.454	1857	
708.646	1183.21	
708.838	783.86	
709.029	632.31	
709.221	384.51	
709.413	343.55	
709.605	202.24	
709.796	249.34	
709.988	196.09	
710.18	165.37	
710.371	204.28	
710.563	83.45	
710.755	136.7	
710.946	60.93	
711.138	77.31	
711.329	65.02	
711.521	71.17	
711.712	73.21	
711.904	24.06	
712.095	40.45	
712.287	30.21	
712.478	69.12	
712.67	19.97	
712.861	-0.51	
713.053	56.83	
713.244	-0.51	
713.436	3.58	
713.627	-39.42	
713.818	-0.51	
714.01	-45.57	
714.201	-8.7	
714.393	3.58	
714.584	56.83	
714.775	-66.05	
714.966	-49.66	
715.158	-0.51	
715.349	-6.66	
715.54	3.58	
715.732	-82.43	
715.923	-25.09	
716.114	-2.56	
716.305	-16.9	
716.496	-41.47	
716.688	-25.09	
716.879	60.93	
717.07	11.78	
717.261	60.93	
717.452	-74.24	
717.643	28.16	
717.834	54.78	
718.025	-20.99	
718.216	-53.76	
718.407	7.68	
718.598	-98.81	
718.789	30.21	
718.98	40.45	
719.171	32.26	
719.362	-64	
719.553	9.73	
719.744	28.16	
719.935	65.02	
720.126	-12.8	
720.317	-8.7	
720.508	1.54	
720.699	-6.66	
720.889	-16.9	
721.08	-20.99	
721.271	11.78	
721.462	13.82	
721.653	34.3	
721.843	-6.66	
722.034	5.63	
722.225	-20.99	
722.416	26.11	
722.606	52.74	
722.797	11.78	
722.988	19.97	
723.178	3.58	
723.369	42.5	
723.56	73.21	
723.75	-6.66	
723.941	-23.04	
724.132	-2.56	
724.322	-16.9	
724.513	75.26	
724.703	-49.66	
724.894	-53.76	
725.084	48.64	
725.275	-29.18	
725.465	56.83	
725.656	17.92	
725.846	9.73	
726.037	3.58	
726.227	-31.23	
726.417	85.5	
726.608	318.97	
726.798	703.99	
726.989	900.59	
727.179	1080.82	
727.369	1435.11	
727.56	1871.33	
727.75	2000.35	
727.94	2178.53	
728.131	2092.51	
728.321	2055.65	
728.511	1811.94	
728.701	1652.2	
728.892	1437.16	
729.082	1209.84	
729.272	835.06	
729.462	638.45	
729.652	417.27	
729.842	404.99	
730.033	179.71	
730.223	114.17	
730.413	77.31	
730.603	114.17	
730.793	93.69	
730.983	-41.47	
731.173	54.78	
731.363	-10.75	
731.553	24.06	
731.743	67.07	
731.933	40.45	
732.123	17.92	
732.313	-49.66	
732.503	56.83	
732.693	15.87	
732.883	-37.38	
733.073	-31.23	
733.263	11.78	
733.452	-6.66	
733.642	-8.7	
733.832	-55.81	
734.022	32.26	
734.212	-23.04	
734.402	73.21	
734.591	-41.47	
734.781	48.64	
734.971	50.69	
735.161	3.58	
735.35	-72.19	
735.54	-41.47	
735.73	60.93	
735.919	-49.66	
736.109	-88.57	
736.299	36.35	
736.488	-8.7	
736.678	-37.38	
736.867	34.3	
737.057	91.65	
737.247	-31.23	
737.436	-25.09	
737.626	-39.42	
737.815	-33.28	
738.005	-107.01	
738.194	32.26	
738.384	-0.51	
738.573	-25.09	
738.763	-33.28	
738.952	-4.61	
739.141	-90.62	
739.331	30.21	
739.52	7.68	
739.71	7.68	
739.899	44.54	
740.088	9.73	
740.278	-88.57	
740.467	-18.94	
740.656	-57.86	
740.846	38.4	
741.035	-53.76	
741.224	116.22	
741.413	-23.04	
741.603	-37.38	
741.792	-57.86	
741.981	-16.9	
742.17	-8.7	
742.359	19.97	
742.548	-86.53	
742.738	-39.42	
742.927	-49.66	
743.116	-16.9	
743.305	-47.62	
743.494	38.4	
743.683	19.97	
743.872	38.4	
744.061	-94.72	
744.25	73.21	
744.439	-41.47	
744.628	-49.66	
744.817	-57.86	
745.006	-18.94	
745.195	-47.62	
745.384	-33.28	
745.573	-29.18	
745.762	-35.33	
745.951	5.63	
746.139	32.26	
746.328	-16.9	
746.517	-45.57	
746.706	15.87	
746.895	-51.71	
747.084	-35.33	
747.272	30.21	
747.461	-23.04	
747.65	9.73	
747.839	-8.7	
748.027	34.3	
748.216	17.92	
748.405	-0.51	
748.593	-25.09	
748.782	-49.66	
748.971	-16.9	
749.159	-6.66	
749.348	-80.38	
749.536	26.11	
749.725	-41.47	
749.914	22.02	
750.102	-61.95	
750.291	36.35	
750.479	-8.7	
750.668	44.54	
750.856	-29.18	
751.045	-14.85	
751.233	15.87	
751.421	-39.42	
751.61	34.3	
751.798	17.92	
751.987	-53.76	
752.175	65.02	
752.363	-14.85	
752.552	-80.38	
752.74	93.69	
752.928	48.64	
753.117	-70.14	
753.305	17.92	
753.493	-23.04	
753.682	-72.19	
753.87	9.73	
754.058	26.11	
754.246	-33.28	
754.434	54.78	
754.623	9.73	
754.811	-0.51	
754.999	-33.28	
755.187	118.27	
755.375	-25.09	
755.563	-25.09	
755.751	-8.7	
755.94	24.06	
756.128	-33.28	
756.316	-90.62	
756.504	17.92	
756.692	26.11	
756.88	-14.85	
757.068	-43.52	
757.256	-10.75	
757.444	-57.86	
757.632	-29.18	
757.819	24.06	
758.007	-12.8	
758.195	15.87	
758.383	-33.28	
758.571	48.64	
758.759	15.87	
758.947	-33.28	
759.135	-74.24	
759.322	-20.99	
759.51	-39.42	
759.698	34.3	
759.886	32.26	
760.073	7.68	
760.261	-25.09	
760.449	-45.57	
760.637	-16.9	
760.824	-39.42	
761.012	-8.7	
761.2	-107.01	
761.387	-39.42	
761.575	24.06	
761.762	-53.76	
761.95	-55.81	
762.138	3.58	
762.325	-8.7	
762.513	-41.47	
762.7	56.83	
762.888	-25.09	
763.075	28.16	
763.263	30.21	
763.45	5.63	
763.638	-8.7	
763.825	-14.85	
764.012	-70.14	
764.2	-43.52	
764.387	-70.14	
764.575	-14.85	
764.762	-76.29	
764.949	-45.57	
765.137	26.11	
765.324	-0.51	
765.511	28.16	
765.699	-37.38	
765.886	-86.53	
766.073	7.68	
766.26	-6.66	
766.448	-0.51	
766.635	-47.62	
766.822	-6.66	
767.009	-25.09	
767.196	9.73	
767.383	-6.66	
767.571	7.68	
767.758	9.73	
767.945	-29.18	
768.132	-18.94	
768.319	15.87	
768.506	-88.57	
768.693	-57.86	
768.88	77.31	
769.067	-74.24	
769.254	-43.52	
769.441	32.26	
769.628	26.11	
769.815	-35.33	
770.002	-25.09	
770.189	5.63	
770.376	60.93	
770.563	-125.44	
770.75	26.11	
770.936	32.26	
771.123	-35.33	
771.31	-6.66	
771.497	-12.8	
771.684	-27.14	
771.87	17.92	
772.057	36.35	
772.244	-31.23	
772.431	-4.61	
772.617	-18.94	
772.804	-43.52	
772.991	-55.81	
773.177	13.82	
773.364	-8.7	
773.551	-16.9	
773.737	9.73	
773.924	-66.05	
774.111	-16.9	
774.297	-39.42	
774.484	-57.86	
774.67	11.78	
774.857	-131.58	
775.043	-49.66	
775.23	7.68	
775.416	-0.51	
775.603	30.21	
775.789	-66.05	
775.976	-74.24	
776.162	-41.47	
776.349	-31.23	
776.535	24.06	
776.721	-20.99	
776.908	34.3	
777.094	30.21	
777.28	-29.18	
777.467	50.69	
777.653	-0.51	
777.839	48.64	
778.025	-20.99	
778.212	77.31	
778.398	15.87	
778.584	36.35	
778.77	-12.8	
778.957	3.58	
779.143	54.78	
779.329	-66.05	
779.515	-4.61	
779.701	24.06	
779.887	-16.9	
780.073	-66.05	
780.26	-47.62	
780.446	26.11	
780.632	-16.9	
780.818	-39.42	
781.004	-16.9	
781.19	-8.7	
781.376	-39.42	
781.562	60.93	
781.748	-29.18	
781.934	-16.9	
782.12	-2.56	
782.305	-10.75	
782.491	13.82	
782.677	-51.71	
782.863	56.83	
783.049	-98.81	
783.235	9.73	
783.421	-2.56	
783.606	-107.01	
783.792	-23.04	
783.978	-47.62	
784.164	-6.66	
784.349	-33.28	
784.535	-45.57	
784.721	44.54	
784.907	3.58	
785.092	-37.38	
785.278	-45.57	
785.464	-82.43	
785.649	-4.61	
785.835	56.83	
786.02	-25.09	
786.206	3.58	
786.392	42.5	
786.577	-45.57	
786.763	-2.56	
786.948	-8.7	
787.134	-6.66	
787.319	40.45	
787.505	-25.09	
787.69	-8.7	
787.876	-41.47	
788.061	-49.66	
788.246	-78.33	
788.432	-33.28	
788.617	65.02	
788.803	-55.81	
788.988	-37.38	
789.173	-125.44	
789.359	7.68	
789.544	69.12	
789.729	-0.51	
789.915	-68.09	
790.1	-49.66	
790.285	-4.61	
790.47	-14.85	
790.655	-39.42	
790.841	-64	
791.026	-16.9	
791.211	15.87	
791.396	-66.05	
791.581	-6.66	
791.766	-49.66	
791.952	-8.7	
792.137	-43.52	
792.322	-2.56	
792.507	-66.05	
792.692	-88.57	
792.877	-2.56	
793.062	-12.8	
793.247	-86.53	
793.432	26.11	
793.617	-27.14	
793.802	56.83	
793.987	-23.04	
794.172	-57.86	
794.356	-16.9	
794.541	-16.9	
794.726	-80.38	
794.911	56.83	
795.096	-39.42	
795.281	-41.47	
795.466	-31.23	
795.65	-29.18	
795.835	-16.9	
796.02	7.68	
796.205	-18.94	
796.389	-0.51	
796.574	-113.15	
796.759	-20.99	
796.943	-80.38	
797.128	-68.09	
797.313	-45.57	
797.497	15.87	
797.682	9.73	
797.867	-39.42	
798.051	-8.7	
798.236	-86.53	
798.42	5.63	
798.605	-25.09	
798.789	-14.85	
798.974	-49.66	
799.158	-53.76	
799.343	-37.38	
799.527	-31.23	
799.712	-16.9	
799.896	-6.66	
800.081	42.5	
800.265	28.16	
800.449	-45.57	
800.634	-8.7	
800.818	7.68	
801.002	-25.09	
801.187	-82.43	
801.371	32.26	
801.555	75.26	
801.74	-41.47	
801.924	15.87	
802.108	-27.14	
802.292	7.68	
802.477	-23.04	
802.661	7.68	
802.845	60.93	
803.029	-0.51	
803.213	-94.72	
803.397	-6.66	
803.581	15.87	
803.766	-70.14	
803.95	36.35	
804.134	-70.14	
804.318	17.92	
804.502	36.35	
804.686	-53.76	
804.87	38.4	
805.054	73.21	
805.238	-25.09	
805.422	-86.53	
805.606	40.45	
805.79	-64	
805.973	71.17	
806.157	24.06	
806.341	15.87	
806.525	-53.76	
806.709	-51.71	
806.893	69.12	
807.077	-8.7	
807.26	-4.61	
807.444	19.97	
807.628	-10.75	
807.812	-31.23	
807.995	26.11	
808.179	-20.99	
808.363	-37.38	
808.546	48.64	
808.73	17.92	
808.914	-57.86	
809.097	-12.8	
809.281	7.68	
809.465	-0.51	
809.648	48.64	
809.832	-57.86	
810.015	-8.7	
810.199	34.3	
810.382	-53.76	
810.566	-80.38	
810.749	-4.61	
810.933	34.3	
811.116	-37.38	
811.3	-94.72	
811.483	26.11	
811.667	48.64	
811.85	-31.23	
812.034	-55.81	
812.217	-39.42	
812.4	-84.48	
812.584	-33.28	
812.767	13.82	
812.95	-59.9	
813.133	34.3	
813.317	7.68	
813.5	34.3	
813.683	-33.28	
813.866	-64	
814.05	-57.86	
814.233	34.3	
814.416	-57.86	
814.599	32.26	
814.782	-37.38	
814.965	-0.51	
815.149	-55.81	
815.332	-53.76	
815.515	-41.47	
815.698	-74.24	
815.881	-16.9	
816.064	48.64	
816.247	15.87	
816.43	34.3	
816.613	32.26	
816.796	-16.9	
816.979	-68.09	
817.162	17.92	
817.345	-68.09	
817.528	42.5	
817.711	1.54	
817.893	-49.66	
818.076	-33.28	
818.259	28.16	
818.442	-25.09	
818.625	1.54	
818.808	-23.04	
818.99	-16.9	
819.173	28.16	
819.356	-55.81	
819.539	-12.8	
819.721	-39.42	
819.904	24.06	
820.087	-6.66	
820.269	-16.9	
820.452	-37.38	
820.635	-31.23	
820.817	56.83	
821	7.68	
821.182	28.16	
821.365	-12.8	
821.548	7.68	
821.73	-72.19	
821.913	40.45	
822.095	-31.23	
822.278	44.54	
822.46	-25.09	
822.642	38.4	
822.825	22.02	
823.007	67.07	
823.19	7.68	
823.372	-10.75	
823.555	-12.8	
823.737	-31.23	
823.919	5.63	
824.102	-25.09	
824.284	-57.86	
824.466	52.74	
824.648	1.54	
824.831	-25.09	
825.013	3.58	
825.195	-86.53	
825.377	-78.33	
825.56	-41.47	
825.742	-45.57	
825.924	15.87	
826.106	-25.09	
826.288	-27.14	
826.47	-53.76	
826.652	65.02	
826.835	-51.71	
827.017	-14.85	
827.199	-55.81	
827.381	-23.04	
827.563	-33.28	
827.745	52.74	
827.927	-20.99	
828.109	1.54	
828.291	-0.51	
828.473	-12.8	
828.655	-20.99	
828.836	28.16	
829.018	-14.85	
829.2	-49.66	
829.382	-33.28	
829.564	28.16	
829.746	26.11	
829.928	11.78	
830.109	-49.66	
830.291	-8.7	
830.473	-29.18	
830.655	9.73	
830.836	-41.47	
831.018	-14.85	
831.2	-4.61	
831.382	3.58	
831.563	-49.66	
831.745	-35.33	
831.926	-18.94	
832.108	-80.38	
832.29	-49.66	
832.471	3.58	
832.653	24.06	
832.834	26.11	
833.016	-49.66	
833.197	-53.76	
833.379	-70.14	
833.56	77.31	
833.742	-10.75	
833.923	40.45	
834.105	-41.47	
834.286	-6.66	
834.468	40.45	
834.649	-27.14	
834.83	-41.47	
835.012	-31.23	
835.193	-57.86	
835.374	-41.47	
835.556	48.64	
835.737	-0.51	
835.918	-29.18	
836.1	9.73	
836.281	-23.04	
836.462	56.83	
836.643	-18.94	
836.824	7.68	
837.006	19.97	
837.187	-37.38	
837.368	-57.86	
837.549	-37.38	
837.73	50.69	
837.911	-6.66	
838.092	-12.8	
838.273	-45.57	
838.455	-20.99	
838.636	-23.04	
838.817	-16.9	
838.998	-53.76	
839.179	-20.99	
839.36	-27.14	
839.54	-8.7	
839.721	7.68	
839.902	24.06	
840.083	32.26	
840.264	28.16	
840.445	28.16	
840.626	-23.04	
840.807	-14.85	
840.988	-4.61	
841.168	-14.85	
841.349	28.16	
841.53	-20.99	
841.711	-33.28	
841.891	-39.42	
842.072	13.82	
842.253	-82.43	
842.434	-74.24	
842.614	-31.23	
842.795	-55.81	
842.976	54.78	
843.156	-57.86	
843.337	7.68	
843.517	-31.23	
843.698	1.54	
843.878	-16.9	
844.059	-31.23	
844.24	73.21	
844.42	-74.24	
844.601	-25.09	
844.781	-23.04	
844.962	1.54	
845.142	-57.86	
845.322	-23.04	
845.503	26.11	
845.683	-0.51	
845.864	7.68	
846.044	-33.28	
846.224	-96.77	
846.405	-6.66	
846.585	-16.9	
846.765	15.87	
846.946	-27.14	
847.126	-0.51	
847.306	-23.04	
847.486	-18.94	
847.667	3.58	
847.847	-20.99	
848.027	32.26	
848.207	-47.62	
848.387	-16.9	
848.567	65.02	
848.747	-57.86	
848.928	-37.38	
849.108	32.26	
849.288	89.6	
849.468	-61.95	
849.648	-0.51	
849.828	-74.24	
850.008	-49.66	
850.188	15.87	
850.368	7.68	
850.548	-51.71	
850.728	9.73	
850.908	48.64	
851.088	-33.28	
851.267	-39.42	
851.447	-107.01	
851.627	-8.7	
851.807	-6.66	
851.987	26.11	
852.167	-25.09	
852.346	7.68	
852.526	-39.42	
852.706	15.87	
852.886	-23.04	
853.065	-16.9	
853.245	-25.09	
853.425	-64	
853.605	-66.05	
853.784	-16.9	
853.964	58.88	
854.143	-82.43	
854.323	-8.7	
854.503	34.3	
854.682	-8.7	
854.862	56.83	
855.041	7.68	
855.221	-23.04	
855.4	-49.66	
855.58	-33.28	
855.759	-27.14	
855.939	-25.09	
856.118	17.92	
856.298	-8.7	
856.477	-35.33	
856.657	24.06	
856.836	-33.28	
857.015	-16.9	
857.195	-115.2	
857.374	-23.04	
857.553	3.58	
857.733	-45.57	
857.912	-27.14	
858.091	-2.56	
858.27	-131.58	
858.45	-41.47	
858.629	15.87	
858.808	50.69	
858.987	-10.75	
859.166	-23.04	
859.345	-31.23	
859.525	-0.51	
859.704	24.06	
859.883	46.59	
860.062	-29.18	
860.241	-43.52	
860.42	-45.57	
860.599	42.5	
860.778	-41.47	
860.957	-12.8	
861.136	-12.8	
861.315	-59.9	
861.494	-39.42	
861.673	42.5	
861.852	-4.61	
862.031	7.68	
862.21	-41.47	
862.388	-8.7	
862.567	-12.8	
862.746	-0.51	
862.925	9.73	
863.104	34.3	
863.283	26.11	
863.461	-41.47	
863.64	-6.66	
863.819	-25.09	
863.997	7.68	
864.176	-31.23	
864.355	-33.28	
864.534	15.87	
864.712	-35.33	
864.891	-74.24	
865.069	3.58	
865.248	-74.24	
865.427	-16.9	
865.605	24.06	
865.784	-0.51	
865.962	-61.95	
866.141	-72.19	
866.319	-39.42	
866.498	44.54	
866.676	24.06	
866.855	-31.23	
867.033	-0.51	
867.212	-123.39	
867.39	3.58	
867.568	-8.7	
867.747	36.35	
867.925	118.27	
868.103	42.5	
868.282	-16.9	
868.46	-55.81	
868.638	-25.09	
868.817	48.64	
868.995	-31.23	
869.173	-12.8	
869.351	-0.51	
869.529	15.87	
869.708	-55.81	
869.886	-0.51	
870.064	-82.43	
870.242	-31.23	
870.42	-29.18	
870.598	-25.09	
870.776	3.58	
870.954	22.02	
871.133	-57.86	
871.311	-53.76	
871.489	-39.42	
871.667	3.58	
871.845	22.02	
872.023	-70.14	
872.2	11.78	
872.378	-10.75	
872.556	-66.05	
872.734	7.68	
872.912	-76.29	
873.09	-29.18	
873.268	-51.71	
873.446	-39.42	
873.623	-74.24	
873.801	-66.05	
873.979	-12.8	
874.157	-98.81	
874.335	69.12	
874.512	1.54	
874.69	24.06	
874.868	-72.19	
875.045	-72.19	
875.223	-39.42	
875.401	-64	
875.578	-45.57	
875.756	-41.47	
875.934	11.78	
876.111	19.97	
876.289	-0.51	
876.466	-57.86	
876.644	-49.66	
876.821	-39.42	
876.999	-0.51	
877.176	-53.76	
877.354	-6.66	
877.531	22.02	
877.709	28.16	
877.886	-80.38	
878.063	-98.81	
878.241	-107.01	
878.418	-76.29	
878.596	44.54	
878.773	5.63	
878.95	-6.66	
879.127	-33.28	
879.305	-25.09	
879.482	17.92	
879.659	-8.7	
879.836	7.68	
880.014	-23.04	
880.191	9.73	
880.368	1.54	
880.545	-33.28	
880.722	-25.09	
880.9	-25.09	
881.077	-53.76	
881.254	75.26	
881.431	-20.99	
881.608	-90.62	
881.785	32.26	
881.962	-129.53	
882.139	7.68	
882.316	11.78	
882.493	-25.09	
882.67	-31.23	
882.847	-59.9	
883.024	65.02	
883.201	-74.24	
883.378	-39.42	
883.554	-80.38	
883.731	-0.51	
883.908	54.78	
884.085	-25.09	
884.262	-51.71	
884.439	-41.47	
884.615	-33.28	
884.792	56.83	
884.969	-59.9	
885.146	60.93	
885.322	-33.28	
885.499	-100.86	
885.676	3.58	
885.852	-0.51	
886.029	-74.24	
886.205	-39.42	
886.382	-6.66	
886.559	34.3	
886.735	-4.61	
886.912	5.63	
887.088	-43.52	
887.265	-43.52	
887.441	-23.04	
887.618	-35.33	
887.794	-72.19	
887.971	-64	
888.147	65.02	
888.324	42.5	
888.5	52.74	
888.676	-20.99	
888.853	-82.43	
889.029	32.26	
889.205	-4.61	
889.382	3.58	
889.558	17.92	
889.734	-53.76	
889.911	-41.47	
890.087	15.87	
890.263	-66.05	
890.439	-8.7	
890.616	-53.76	
890.792	-64	
890.968	-8.7	
891.144	-16.9	
891.32	26.11	
891.496	-29.18	
891.672	-2.56	
891.848	17.92	
892.025	-27.14	
892.201	9.73	
892.377	-31.23	
892.553	-16.9	
892.729	-55.81	
892.905	15.87	
893.081	-86.53	
893.256	-8.7	
893.432	-37.38	
893.608	-76.29	
893.784	-33.28	
893.96	-35.33	
894.136	-41.47	
894.312	26.11	
894.488	-49.66	
894.663	-16.9	
894.839	-18.94	
895.015	-33.28	
895.191	-2.56	
895.366	-76.29	
895.542	7.68	
895.718	-61.95	
895.894	-33.28	
896.069	-64	
896.245	32.26	
896.421	-70.14	
896.596	-0.51	
896.772	-27.14	
896.947	-12.8	
897.123	19.97	
897.298	3.58	
897.474	-8.7	
897.649	-41.47	
897.825	19.97	
898	-29.18	
898.176	-12.8	
898.351	-41.47	
898.527	-6.66	
898.702	15.87	
898.878	-31.23	
899.053	-8.7	
899.228	-8.7	
899.404	1.54	
899.579	-94.72	
899.754	52.74	
899.93	-23.04	
900.105	-18.94	
900.28	9.73	
900.455	-4.61	
900.631	-88.57	
900.806	-123.39	
900.981	-41.47	
901.156	5.63	
901.331	-41.47	
901.507	-6.66	
901.682	-27.14	
901.857	-41.47	
902.032	-14.85	
902.207	1.54	
902.382	-55.81	
902.557	-78.33	
902.732	48.64	
902.907	-41.47	
903.082	44.54	
903.257	-53.76	
903.432	1.54	
903.607	-29.18	
903.782	-4.61	
903.957	73.21	
904.132	-25.09	
904.306	-74.24	
904.481	-4.61	
904.656	3.58	
904.831	28.16	
905.006	-16.9	
905.181	36.35	
905.355	-121.34	
905.53	-16.9	
905.705	32.26	
905.879	-12.8	
906.054	-88.57	
906.229	11.78	
906.404	-64	
906.578	93.69	
906.753	-16.9	
906.927	-31.23	
907.102	-64	
907.277	-51.71	
907.451	24.06	
907.626	-39.42	
907.8	-80.38	
907.975	-107.01	
908.149	-23.04	
908.324	-29.18	
908.498	-23.04	
908.673	-64	
908.847	7.68	
909.021	15.87	
909.196	26.11	
909.37	7.68	
909.544	-35.33	
909.719	-23.04	
909.893	-55.81	
910.067	-72.19	
910.242	11.78	
910.416	-2.56	
910.59	-8.7	
910.764	48.64	
910.939	1.54	
911.113	11.78	
911.287	-25.09	
911.461	-25.09	
911.635	-45.57	
911.809	-18.94	
911.984	5.63	
912.158	-37.38	
912.332	-33.28	
912.506	-41.47	
912.68	-41.47	
912.854	-74.24	
913.028	-53.76	
913.202	24.06	
913.376	-70.14	
913.55	24.06	
913.724	44.54	
913.898	-8.7	
914.071	-39.42	
914.245	-14.85	
914.419	-41.47	
914.593	-72.19	
914.767	-61.95	
914.941	-8.7	
915.115	-70.14	
915.288	1.54	
915.462	24.06	
915.636	1.54	
915.81	3.58	
915.983	-12.8	
916.157	42.5	
916.331	44.54	
916.504	-2.56	
916.678	-4.61	
916.852	-16.9	
917.025	-14.85	
917.199	22.02	
917.372	-59.9	
917.546	-80.38	
917.719	-0.51	
917.893	-49.66	
918.066	3.58	
918.24	-74.24	
918.413	40.45	
918.587	-72.19	
918.76	-4.61	
918.934	-61.95	
919.107	-80.38	
919.28	-4.61	
919.454	17.92	
919.627	-72.19	
919.8	-37.38	
919.974	-16.9	
920.147	-55.81	
920.32	-68.09	
920.494	-14.85	
920.667	-8.7	
920.84	-25.09	
921.013	30.21	
921.186	-25.09	
921.36	-43.52	
921.533	-45.57	
921.706	17.92	
921.879	24.06	
922.052	-29.18	
922.225	48.64	
922.398	-78.33	
922.571	36.35	
922.744	-41.47	
922.917	-96.77	
923.09	-119.29	
923.263	-6.66	
923.436	24.06	
923.609	-45.57	
923.782	-70.14	
923.955	-31.23	
924.128	-82.43	
924.301	60.93	
924.474	-29.18	
924.647	28.16	
924.819	32.26	
924.992	-51.71	
925.165	-41.47	
925.338	54.78	
925.511	-55.81	
925.683	-6.66	
925.856	-86.53	
926.029	11.78	
926.201	-66.05	
926.374	44.54	
926.547	19.97	
926.719	-47.62	
926.892	19.97	
927.065	15.87	
927.237	36.35	
927.41	17.92	
927.582	1.54	
927.755	-12.8	
927.927	-6.66	
928.1	-12.8	
928.272	-8.7	
928.445	-51.71	
928.617	9.73	
928.79	-16.9	
928.962	-25.09	
929.134	1.54	
929.307	-80.38	
929.479	-27.14	
929.651	-27.14	
929.824	-33.28	
929.996	73.21	
930.168	48.64	
930.341	-45.57	
930.513	-25.09	
930.685	15.87	
930.857	-100.86	
931.029	-20.99	
931.202	17.92	
931.374	-121.34	
931.546	-16.9	
931.718	-37.38	
931.89	-8.7	
932.062	-25.09	
932.234	38.4	
932.406	-33.28	
932.578	-41.47	
932.75	-53.76	
932.922	-41.47	
933.094	-23.04	
933.266	-18.94	
933.438	-94.72	
933.61	69.12	
933.782	3.58	
933.954	-16.9	
934.126	26.11	
934.298	-31.23	
934.47	48.64	
934.641	-84.48	
934.813	-82.43	
934.985	-59.9	
935.157	19.97	
935.329	-37.38	
935.5	-41.47	
935.672	-39.42	
935.844	-29.18	
936.015	-72.19	
936.187	-33.28	
936.359	-49.66	
936.53	-57.86	
936.702	19.97	
936.874	-45.57	
937.045	-0.51	
937.217	-16.9	
937.388	-66.05	
937.56	58.88	
937.731	-66.05	
937.903	1.54	
938.074	-49.66	
938.246	-29.18	
938.417	-57.86	
938.588	32.26	
938.76	26.11	
938.931	-39.42	
939.103	-59.9	
939.274	-29.18	
939.445	-33.28	
939.617	-70.14	
939.788	-90.62	
939.959	67.07	
940.13	-4.61	
940.302	-6.66	
940.473	-115.2	
940.644	7.68	
940.815	28.16	
940.987	-6.66	
941.158	-25.09	
941.329	5.63	
941.5	24.06	
941.671	19.97	
941.842	-55.81	
942.013	-33.28	
942.184	58.88	
942.355	24.06	
942.526	-25.09	
942.697	7.68	
942.868	-25.09	
943.039	-8.7	
943.21	-18.94	
943.381	-35.33	
943.552	83.45	
943.723	1.54	
943.894	-8.7	
944.065	7.68	
944.235	-43.52	
944.406	-98.81	
944.577	-16.9	
944.748	81.41	
944.919	-66.05	
945.089	-8.7	
945.26	116.22	
945.431	-107.01	
945.601	-45.57	
945.772	81.41	
945.943	22.02	
946.113	3.58	
946.284	3.58	
946.455	17.92	
946.625	-27.14	
946.796	-12.8	
946.966	-57.86	
947.137	-37.38	
947.307	24.06	
947.478	67.07	
947.648	-39.42	
947.819	-8.7	
947.989	-29.18	
948.16	40.45	
948.33	-80.38	
948.5	-33.28	
948.671	-14.85	
948.841	-14.85	
949.012	13.82	
949.182	85.5	
949.352	-35.33	
949.522	9.73	
949.693	15.87	
949.863	-16.9	
950.033	28.16	
950.203	-39.42	
950.374	-8.7	
950.544	-14.85	
950.714	-12.8	
950.884	-29.18	
951.054	17.92	
951.224	-12.8	
951.394	-76.29	
951.564	40.45	
951.735	-53.76	
951.905	-53.76	
952.075	40.45	
952.245	-74.24	
952.415	-8.7	
952.585	-57.86	
952.754	-70.14	
952.924	60.93	
953.094	-45.57	
953.264	-86.53	
953.434	-2.56	
953.604	-49.66	
953.774	40.45	
953.944	-33.28	
954.113	-0.51	
954.283	-18.94	
954.453	7.68	
954.623	-49.66	
954.792	-88.57	
954.962	28.16	
955.132	97.79	
955.302	-78.33	
955.471	-8.7	
955.641	15.87	
955.81	-8.7	
955.98	-74.24	
956.15	34.3	
956.319	-16.9	
956.489	-12.8	
956.658	-88.57	
956.828	11.78	
956.997	-25.09	
957.167	-20.99	
957.336	15.87	
957.506	17.92	
957.675	40.45	
957.845	-74.24	
958.014	15.87	
958.183	34.3	
958.353	-39.42	
958.522	7.68	
958.691	-8.7	
958.861	-16.9	
959.03	-39.42	
959.199	-33.28	
959.368	7.68	
959.538	56.83	
959.707	-41.47	
959.876	73.21	
960.045	-41.47	
960.214	-0.51	
960.383	-0.51	
960.553	-37.38	
960.722	9.73	
960.891	-31.23	
961.06	-20.99	
961.229	-47.62	
961.398	24.06	
961.567	15.87	
961.736	-31.23	
961.905	-31.23	
962.074	-0.51	
962.243	32.26	
962.412	42.5	
962.581	-82.43	
962.75	1.54	
962.918	9.73	
963.087	24.06	
963.256	42.5	
963.425	36.35	
963.594	19.97	
963.763	34.3	
963.931	-53.76	
964.1	-25.09	
964.269	-4.61	
964.437	-129.53	
964.606	112.13	
964.775	-14.85	
964.943	60.93	
965.112	60.93	
965.281	19.97	
965.449	-27.14	
965.618	-55.81	
965.786	42.5	
965.955	-14.85	
966.124	9.73	
966.292	-23.04	
966.461	15.87	
966.629	26.11	
966.797	-61.95	
966.966	7.68	
967.134	-14.85	
967.303	-57.86	
967.471	-90.62	
967.639	-31.23	
967.808	97.79	
967.976	-31.23	
968.144	-49.66	
968.313	32.26	
968.481	15.87	
968.649	91.65	
968.817	7.68	
968.986	32.26	
969.154	32.26	
969.322	-41.47	
969.49	-33.28	
969.658	-41.47	
969.827	-82.43	
969.995	34.3	
970.163	28.16	
970.331	32.26	
970.499	83.45	
970.667	-27.14	
970.835	56.83	
971.003	44.54	
971.171	-31.23	
971.339	9.73	
971.507	32.26	
971.675	7.68	
971.843	-86.53	
972.011	65.02	
972.178	40.45	
972.346	-4.61	
972.514	-123.39	
972.682	24.06	
972.85	-0.51	
973.018	-14.85	
973.185	-41.47	
973.353	-2.56	
973.521	-39.42	
973.689	-66.05	
973.856	28.16	
974.024	56.83	
974.192	48.64	
974.359	-16.9	
974.527	81.41	
974.694	-6.66	
974.862	-47.62	
975.03	15.87	
975.197	-23.04	
975.365	34.3	
975.532	15.87	
975.7	9.73	
975.867	48.64	
976.035	-74.24	
976.202	-33.28	
976.369	48.64	
976.537	-41.47	
976.704	15.87	
976.872	19.97	
977.039	17.92	
977.206	-39.42	
977.374	-16.9	
977.541	-29.18	
977.708	34.3	
977.875	1.54	
978.043	-6.66	
978.21	56.83	
978.377	-0.51	
978.544	-8.7	
978.711	7.68	
978.879	-90.62	
979.046	-53.76	
979.213	-25.09	
979.38	48.64	
979.547	-0.51	
979.714	-39.42	
979.881	-55.81	
980.048	42.5	
980.215	32.26	
980.382	-33.28	
980.549	28.16	
980.716	-68.09	
980.883	15.87	
981.05	79.36	
981.217	42.5	
981.384	-90.62	
981.55	-45.57	
981.717	89.6	
981.884	-74.24	
982.051	-88.57	
982.218	-45.57	
982.384	-74.24	
982.551	-25.09	
982.718	-33.28	
982.885	34.3	
983.051	-45.57	
983.218	-0.51	
983.385	-90.62	
983.551	-59.9	
983.718	-41.47	
983.885	-10.75	
984.051	-64	
984.218	-53.76	
984.384	36.35	
984.551	38.4	
984.717	7.68	
984.884	-18.94	
985.05	-47.62	
985.217	3.58	
985.383	-8.7	
985.55	-78.33	
985.716	19.97	
985.882	-31.23	
986.049	-8.7	
986.215	-6.66	
986.381	28.16	
986.548	-55.81	
986.714	56.83	
986.88	91.65	
987.046	-41.47	
987.213	17.92	
987.379	26.11	
987.545	11.78	
987.711	3.58	
987.877	24.06	
988.044	40.45	
988.21	-16.9	
988.376	24.06	
988.542	5.63	
988.708	112.13	
988.874	-20.99	
989.04	26.11	
989.206	9.73	
989.372	-29.18	
989.538	3.58	
989.704	36.35	
989.87	11.78	
990.036	28.16	
990.202	17.92	
990.368	-57.86	
990.534	7.68	
990.699	3.58	
990.865	9.73	
991.031	-27.14	
991.197	-33.28	
991.363	40.45	
991.528	-45.57	
991.694	-18.94	
991.86	11.78	
992.025	-8.7	
992.191	36.35	
992.357	17.92	
992.522	-98.81	
992.688	-16.9	
992.854	-49.66	
993.019	38.4	
993.185	-39.42	
993.35	-49.66	
993.516	-12.8	
993.681	-70.14	
993.847	91.65	
994.012	-29.18	
994.178	-57.86	
994.343	-53.76	
994.509	-8.7	
994.674	-107.01	
994.84	-59.9	
995.005	-37.38	
995.17	-8.7	
995.336	-72.19	
995.501	5.63	
995.666	-2.56	
995.831	-45.57	
995.997	50.69	
996.162	-20.99	
996.327	126.46	
996.492	9.73	
996.658	3.58	
996.823	-33.28	
996.988	-35.33	
997.153	-31.23	
997.318	-4.61	
997.483	48.64	
997.648	-35.33	
997.813	-61.95	
997.978	-72.19	
998.143	-90.62	
998.308	-113.15	
998.473	-16.9	
998.638	-8.7	
998.803	17.92	
998.968	-41.47	
999.133	-23.04	
999.298	-27.14	
999.463	-4.61	
999.628	-66.05	
999.793	15.87	
999.957	19.97	
1000.122	-41.47	
1000.287	-74.24	
1000.452	-76.29	
1000.616	-23.04	
1000.781	44.54	
1000.946	91.65	
1001.111	44.54	
1001.275	-51.71	
1001.44	-31.23	
1001.604	-98.81	
1001.769	11.78	
1001.934	-20.99	
1002.098	-57.86	
1002.263	-25.09	
1002.427	-6.66	
1002.592	77.31	
1002.756	-100.86	
1002.921	-72.19	
1003.085	-78.33	
1003.25	-6.66	
1003.414	-0.51	
1003.579	-43.52	
1003.743	-70.14	
1003.907	-53.76	
1004.072	-53.76	
1004.236	62.98	
1004.4	7.68	
1004.565	44.54	
1004.729	-74.24	
1004.893	-25.09	
1005.057	-8.7	
1005.222	-82.43	
1005.386	-0.51	
1005.55	15.87	
1005.714	-37.38	
1005.878	-31.23	
1006.042	-33.28	
1006.206	-53.76	
1006.371	-0.51	
1006.535	26.11	
1006.699	-4.61	
1006.863	-8.7	
1007.027	40.45	
1007.191	48.64	
1007.355	-25.09	
1007.519	9.73	
1007.683	34.3	
1007.847	38.4	
1008.01	1.54	
1008.174	-23.04	
1008.338	28.16	
1008.502	-47.62	
1008.666	-8.7	
1008.83	42.5	
1008.993	-16.9	
1009.157	-43.52	
1009.321	24.06	
1009.485	13.82	
1009.648	-2.56	
1009.812	-98.81	
1009.976	-82.43	
1010.139	-66.05	
1010.303	62.98	
1010.467	-49.66	
1010.63	11.78	
1010.794	-37.38	
1010.957	-45.57	
1011.121	77.31	
1011.285	26.11	
1011.448	-16.9	
1011.612	73.21	
1011.775	77.31	
1011.938	19.97	
1012.102	-57.86	
1012.265	22.02	
1012.429	-47.62	
1012.592	26.11	
1012.755	-8.7	
1012.919	-23.04	
1013.082	-0.51	
1013.245	-74.24	
1013.409	73.21	
1013.572	24.06	
1013.735	-72.19	
1013.898	65.02	
1014.062	-57.86	
1014.225	-16.9	
1014.388	34.3	
1014.551	-96.77	
1014.714	-8.7	
1014.877	-0.51	
1015.041	-0.51	
1015.204	-31.23	
1015.367	-64	
1015.53	-41.47	
1015.693	28.16	
1015.856	-16.9	
1016.019	-113.15	
1016.182	-12.8	
1016.345	-23.04	
1016.508	-8.7	
1016.67	-49.66	
1016.833	-8.7	
1016.996	56.83	
1017.159	-10.75	
1017.322	-6.66	
1017.485	-23.04	
1017.648	24.06	
1017.81	34.3	
1017.973	9.73	
1018.136	-47.62	
1018.298	5.63	
1018.461	3.58	
1018.624	-68.09	
1018.787	-57.86	
1018.949	-47.62	
1019.112	-8.7	
1019.274	-23.04	
1019.437	15.87	
1019.6	122.37	
1019.762	28.16	
1019.925	-55.81	
1020.087	40.45	
1020.25	-2.56	
1020.412	-33.28	
1020.575	-2.56	
1020.737	-25.09	
1020.899	-41.47	
1021.062	-68.09	
1021.224	-23.04	
1021.387	-0.51	
1021.549	-41.47	
1021.711	42.5	
1021.874	32.26	
1022.036	116.22	
1022.198	-43.52	
1022.36	-39.42	
1022.523	56.83	
1022.685	-33.28	
1022.847	-66.05	
1023.009	-39.42	
1023.171	56.83	
1023.333	-27.14	
1023.496	-23.04	
1023.658	89.6	
1023.82	200.19	
1023.982	-74.24	
1024.144	26.11	
1024.306	9.73	
1024.468	-115.2	
1024.63	28.16	
1024.792	-94.72	
1024.954	1.54	
1025.116	105.98	
1025.278	34.3	
1025.44	-8.7	
1025.601	-16.9	
1025.763	-96.77	
1025.925	60.93	
1026.087	-49.66	
1026.249	40.45	
1026.41	-6.66	
1026.572	24.06	
1026.734	3.58	
1026.896	-33.28	
1027.057	-16.9	
1027.219	17.92	
1027.381	-57.86	
1027.542	24.06	
1027.704	-18.94	
1027.866	-0.51	
1028.027	-90.62	
1028.189	-49.66	
1028.35	15.87	
1028.512	-61.95	
1028.673	-27.14	
1028.835	-23.04	
1028.996	-0.51	
1029.158	62.98	
1029.319	1.54	
1029.481	1.54	
1029.642	54.78	
1029.803	-6.66	
1029.965	22.02	
1030.126	-29.18	
1030.287	9.73	
1030.449	-61.95	
1030.61	-6.66	
1030.771	-39.42	
1030.933	-76.29	
1031.094	24.06	
1031.255	-49.66	
1031.416	-31.23	
1031.577	-59.9	
1031.738	32.26	
1031.9	-10.75	
1032.061	-6.66	
1032.222	91.65	
1032.383	77.31	
1032.544	15.87	
1032.705	32.26	
1032.866	-41.47	
1033.027	-25.09	
1033.188	1.54	
1033.349	3.58	
1033.51	-47.62	
1033.671	34.3	
1033.832	-8.7	
1033.993	-8.7	
1034.153	48.64	
1034.314	24.06	
1034.475	26.11	
1034.636	40.45	
1034.797	3.58	
1034.957	-96.77	
1035.118	1.54	
1035.279	-88.57	
1035.44	3.58	
1035.6	-47.62	
1035.761	-0.51	
1035.922	-41.47	
1036.082	-25.09	
1036.243	-45.57	
1036.404	-25.09	
1036.564	-70.14	
1036.725	17.92	
1036.885	-10.75	
1037.046	-20.99	
1037.206	-10.75	
1037.367	17.92	
1037.527	-80.38	
1037.688	65.02	
1037.848	-12.8	
1038.008	-35.33	
1038.169	-107.01	
