USB4E00404_1:101		
345.868	-170.83	
346.082	-170.83	
346.296	-170.83	
346.51	-183.12	
346.724	-121.68	
346.937	-76.63	
347.151	-23.38	
347.365	17.58	
347.579	-19.29	
347.793	44.2	
348.006	19.63	
348.22	56.49	
348.434	17.58	
348.648	-33.62	
348.861	3.24	
349.075	-2.9	
349.289	-2.9	
349.502	-80.72	
349.716	38.06	
349.93	224.42	
350.143	240.81	
350.357	64.68	
350.571	122.02	
350.784	50.35	
350.998	46.25	
351.212	54.44	
351.425	87.21	
351.639	48.3	
351.852	165.03	
352.066	177.32	
352.28	105.64	
352.493	298.15	
352.707	236.71	
352.92	203.94	
353.134	365.73	
353.347	212.14	
353.561	287.91	
353.774	203.94	
353.988	208.04	
354.201	111.78	
354.415	238.76	
354.628	173.22	
354.841	109.74	
355.055	144.55	
355.268	128.17	
355.482	128.17	
355.695	126.12	
355.908	193.7	
356.122	332.97	
356.335	292.01	
356.549	414.88	
356.762	322.73	
356.975	388.26	
357.189	517.28	
357.402	353.45	
357.615	294.05	
357.828	349.35	
358.042	257.19	
358.255	302.25	
358.468	175.27	
358.682	-17.24	
358.895	64.68	
359.108	-27.48	
359.321	-9.05	
359.534	107.69	
359.748	-2.9	
359.961	99.5	
360.174	46.25	
360.387	5.29	
360.6	103.59	
360.813	54.44	
361.027	171.18	
361.24	-62.29	
361.453	93.35	
361.666	-76.63	
361.879	31.91	
362.092	17.58	
362.305	29.87	
362.518	52.39	
362.731	72.87	
362.944	56.49	
363.157	-4.95	
363.37	115.88	
363.583	91.31	
363.796	81.07	
364.009	50.35	
364.222	36.01	
364.435	25.77	
364.648	95.4	
364.861	132.26	
365.074	-45.91	
365.287	83.11	
365.5	38.06	
365.713	52.39	
365.926	249	
366.139	91.31	
366.352	89.26	
366.564	97.45	
366.777	132.26	
366.99	193.7	
367.203	54.44	
367.416	-19.29	
367.629	7.34	
367.841	70.83	
368.054	146.6	
368.267	79.02	
368.48	36.01	
368.693	31.91	
368.905	79.02	
369.118	210.09	
369.331	103.59	
369.544	91.31	
369.756	226.47	
369.969	62.63	
370.182	193.7	
370.394	238.76	
370.607	54.44	
370.82	208.04	
371.032	214.18	
371.245	105.64	
371.458	162.98	
371.67	95.4	
371.883	54.44	
372.095	27.82	
372.308	-35.67	
372.52	113.83	
372.733	99.5	
372.946	81.07	
373.158	85.16	
373.371	167.08	
373.583	175.27	
373.796	226.47	
374.008	240.81	
374.221	238.76	
374.433	193.7	
374.646	267.43	
374.858	332.97	
375.071	324.77	
375.283	259.24	
375.495	203.94	
375.708	242.85	
375.92	150.7	
376.133	130.22	
376.345	95.4	
376.557	23.72	
376.77	156.84	
376.982	44.2	
377.194	42.15	
377.407	3.24	
377.619	70.83	
377.831	144.55	
378.044	220.33	
378.256	70.83	
378.468	85.16	
378.68	203.94	
378.893	197.8	
379.105	181.42	
379.317	296.1	
379.529	193.7	
379.742	406.69	
379.954	296.1	
380.166	283.81	
380.378	294.05	
380.59	148.65	
380.803	158.89	
381.015	132.26	
381.227	224.42	
381.439	394.4	
381.651	142.5	
381.863	87.21	
382.075	177.32	
382.287	70.83	
382.499	44.2	
382.712	38.06	
382.924	76.97	
383.136	193.7	
383.348	62.63	
383.56	122.02	
383.772	83.11	
383.984	-39.76	
384.196	72.87	
384.408	87.21	
384.62	42.15	
384.832	95.4	
385.044	103.59	
385.255	48.3	
385.467	93.35	
385.679	226.47	
385.891	68.78	
386.103	66.73	
386.315	103.59	
386.527	54.44	
386.739	62.63	
386.951	175.27	
387.162	81.07	
387.374	95.4	
387.586	162.98	
387.798	122.02	
388.01	359.59	
388.221	99.5	
388.433	234.66	
388.645	228.52	
388.857	107.69	
389.069	242.85	
389.28	304.29	
389.492	244.9	
389.704	185.51	
389.915	214.18	
390.127	68.78	
390.339	130.22	
390.55	15.53	
390.762	-35.67	
390.974	62.63	
391.185	50.35	
391.397	3.24	
391.609	70.83	
391.82	312.49	
392.032	160.94	
392.243	199.85	
392.455	54.44	
392.667	210.09	
392.878	130.22	
393.09	48.3	
393.301	199.85	
393.513	177.32	
393.724	130.22	
393.936	144.55	
394.147	218.28	
394.359	183.46	
394.57	95.4	
394.782	-2.9	
394.993	68.78	
395.204	97.45	
395.416	158.89	
395.627	68.78	
395.839	74.92	
396.05	132.26	
396.261	222.38	
396.473	165.03	
396.684	263.33	
396.896	246.95	
397.107	203.94	
397.318	285.86	
397.529	255.14	
397.741	152.74	
397.952	136.36	
398.163	132.26	
398.375	283.81	
398.586	181.42	
398.797	154.79	
399.008	185.51	
399.22	300.2	
399.431	275.62	
399.642	265.38	
399.853	251.05	
400.064	212.14	
400.276	228.52	
400.487	130.22	
400.698	-17.24	
400.909	74.92	
401.12	13.48	
401.331	-27.48	
401.542	117.93	
401.754	29.87	
401.965	124.07	
402.176	70.83	
402.387	99.5	
402.598	31.91	
402.809	119.98	
403.02	46.25	
403.231	31.91	
403.442	113.83	
403.653	99.5	
403.864	136.36	
404.075	56.49	
404.286	158.89	
404.497	187.56	
404.708	169.13	
404.919	95.4	
405.13	136.36	
405.341	101.55	
405.551	158.89	
405.762	226.47	
405.973	103.59	
406.184	122.02	
406.395	238.76	
406.606	183.46	
406.817	240.81	
407.027	119.98	
407.238	126.12	
407.449	107.69	
407.66	103.59	
407.871	119.98	
408.081	236.71	
408.292	105.64	
408.503	185.51	
408.714	234.66	
408.924	289.96	
409.135	234.66	
409.346	332.97	
409.556	461.99	
409.767	701.6	
409.978	703.65	
410.188	793.76	
410.399	603.3	
410.61	582.82	
410.82	468.13	
411.031	300.2	
411.242	187.56	
411.452	126.12	
411.663	136.36	
411.873	171.18	
412.084	156.84	
412.295	48.3	
412.505	107.69	
412.716	156.84	
412.926	167.08	
413.137	111.78	
413.347	64.68	
413.558	212.14	
413.768	56.49	
413.979	173.22	
414.189	169.13	
414.399	58.54	
414.61	85.16	
414.82	95.4	
415.031	99.5	
415.241	38.06	
415.451	19.63	
415.662	103.59	
415.872	79.02	
416.083	56.49	
416.293	68.78	
416.503	132.26	
416.714	165.03	
416.924	83.11	
417.134	97.45	
417.344	119.98	
417.555	128.17	
417.765	128.17	
417.975	150.7	
418.186	251.05	
418.396	91.31	
418.606	99.5	
418.816	185.51	
419.026	203.94	
419.237	117.93	
419.447	193.7	
419.657	171.18	
419.867	181.42	
420.077	236.71	
420.287	343.21	
420.497	99.5	
420.708	119.98	
420.918	134.31	
421.128	95.4	
421.338	54.44	
421.548	-0.85	
421.758	-11.09	
421.968	60.59	
422.178	81.07	
422.388	-37.72	
422.598	74.92	
422.808	-0.85	
423.018	72.87	
423.228	13.48	
423.438	89.26	
423.648	148.65	
423.858	150.7	
424.068	-9.05	
424.278	95.4	
424.488	29.87	
424.698	154.79	
424.907	128.17	
425.117	74.92	
425.327	128.17	
425.537	158.89	
425.747	138.41	
425.957	193.7	
426.167	173.22	
426.376	169.13	
426.586	228.52	
426.796	128.17	
427.006	195.75	
427.216	150.7	
427.425	56.49	
427.635	54.44	
427.845	156.84	
428.054	38.06	
428.264	74.92	
428.474	70.83	
428.684	46.25	
428.893	-15.19	
429.103	27.82	
429.313	103.59	
429.522	109.74	
429.732	42.15	
429.941	130.22	
430.151	40.11	
430.361	62.63	
430.57	103.59	
430.78	158.89	
430.989	144.55	
431.199	185.51	
431.409	74.92	
431.618	44.2	
431.828	132.26	
432.037	124.07	
432.247	226.47	
432.456	296.1	
432.666	740.51	
432.875	1299.61	
433.084	1907.85	
433.294	2550.92	
433.503	3318.9	
433.713	3777.65	
433.922	4342.89	
434.132	4207.72	
434.341	3841.14	
434.55	3124.35	
434.76	2307.21	
434.969	1522.84	
435.178	969.88	
435.388	566.43	
435.597	271.53	
435.806	210.09	
436.016	64.68	
436.225	103.59	
436.434	195.75	
436.643	138.41	
436.853	113.83	
437.062	91.31	
437.271	21.67	
437.48	140.46	
437.69	23.72	
437.899	79.02	
438.108	177.32	
438.317	44.2	
438.526	-7	
438.735	91.31	
438.945	79.02	
439.154	142.5	
439.363	15.53	
439.572	46.25	
439.781	64.68	
439.99	103.59	
440.199	156.84	
440.408	136.36	
440.617	162.98	
440.826	95.4	
441.035	134.31	
441.244	134.31	
441.453	124.07	
441.662	111.78	
441.871	185.51	
442.08	154.79	
442.289	181.42	
442.498	85.16	
442.707	93.35	
442.916	117.93	
443.125	130.22	
443.334	62.63	
443.543	89.26	
443.752	-11.09	
443.961	107.69	
444.169	136.36	
444.378	-35.67	
444.587	64.68	
444.796	193.7	
445.005	205.99	
445.213	162.98	
445.422	85.16	
445.631	62.63	
445.84	183.46	
446.049	152.74	
446.257	103.59	
446.466	124.07	
446.675	122.02	
446.883	220.33	
447.092	173.22	
447.301	171.18	
447.51	103.59	
447.718	91.31	
447.927	48.3	
448.135	142.5	
448.344	36.01	
448.553	158.89	
448.761	126.12	
448.97	222.38	
449.179	79.02	
449.387	128.17	
449.596	89.26	
449.804	97.45	
450.013	56.49	
450.221	144.55	
450.43	126.12	
450.638	111.78	
450.847	31.91	
451.055	62.63	
451.264	58.54	
451.472	218.28	
451.681	50.35	
451.889	117.93	
452.097	113.83	
452.306	62.63	
452.514	13.48	
452.723	62.63	
452.931	95.4	
453.139	167.08	
453.348	60.59	
453.556	50.35	
453.764	113.83	
453.973	97.45	
454.181	48.3	
454.389	191.66	
454.598	85.16	
454.806	54.44	
455.014	83.11	
455.222	23.72	
455.431	9.39	
455.639	119.98	
455.847	95.4	
456.055	146.6	
456.264	15.53	
456.472	136.36	
456.68	115.88	
456.888	167.08	
457.096	201.9	
457.304	119.98	
457.512	64.68	
457.721	111.78	
457.929	148.65	
458.137	150.7	
458.345	195.75	
458.553	95.4	
458.761	76.97	
458.969	72.87	
459.177	87.21	
459.385	1.19	
459.593	152.74	
459.801	46.25	
460.009	42.15	
460.217	150.7	
460.425	142.5	
460.633	142.5	
460.841	89.26	
461.049	74.92	
461.257	79.02	
461.465	-9.05	
461.673	136.36	
461.88	175.27	
462.088	124.07	
462.296	167.08	
462.504	130.22	
462.712	203.94	
462.92	208.04	
463.127	169.13	
463.335	144.55	
463.543	236.71	
463.751	185.51	
463.959	277.67	
464.166	130.22	
464.374	181.42	
464.582	126.12	
464.79	179.37	
464.997	169.13	
465.205	68.78	
465.413	21.67	
465.62	79.02	
465.828	33.96	
466.036	148.65	
466.243	193.7	
466.451	113.83	
466.658	93.35	
466.866	140.46	
467.074	56.49	
467.281	107.69	
467.489	111.78	
467.696	115.88	
467.904	93.35	
468.111	99.5	
468.319	152.74	
468.527	115.88	
468.734	115.88	
468.942	74.92	
469.149	68.78	
469.356	54.44	
469.564	113.83	
469.771	111.78	
469.979	126.12	
470.186	165.03	
470.394	126.12	
470.601	70.83	
470.808	154.79	
471.016	105.64	
471.223	212.14	
471.43	142.5	
471.638	189.61	
471.845	191.66	
472.052	132.26	
472.26	99.5	
472.467	208.04	
472.674	54.44	
472.882	85.16	
473.089	109.74	
473.296	117.93	
473.503	115.88	
473.711	91.31	
473.918	19.63	
474.125	128.17	
474.332	103.59	
474.539	148.65	
474.746	208.04	
474.954	119.98	
475.161	66.73	
475.368	193.7	
475.575	27.82	
475.782	195.75	
475.989	124.07	
476.196	144.55	
476.403	64.68	
476.61	9.39	
476.817	91.31	
477.024	119.98	
477.231	66.73	
477.438	87.21	
477.645	205.99	
477.852	181.42	
478.059	265.38	
478.266	236.71	
478.473	222.38	
478.68	183.46	
478.887	275.62	
479.094	158.89	
479.301	343.21	
479.508	230.57	
479.715	361.64	
479.922	306.34	
480.129	234.66	
480.335	218.28	
480.542	353.45	
480.749	230.57	
480.956	302.25	
481.163	267.43	
481.369	345.25	
481.576	257.19	
481.783	251.05	
481.99	283.81	
482.196	228.52	
482.403	296.1	
482.61	177.32	
482.817	322.73	
483.023	232.62	
483.23	320.68	
483.437	332.97	
483.643	408.74	
483.85	390.31	
484.057	572.58	
484.263	724.13	
484.47	1612.95	
484.676	5837.91	
484.883	18178.97	
485.09	33665.7	
485.296	49500.6	
485.503	61743.36	
485.709	64315.61	
485.916	61556.99	
486.122	52029.84	
486.329	41226.81	
486.535	32748.21	
486.742	29065.97	
486.948	26481.43	
487.155	24582.96	
487.361	22240.09	
487.567	18611.09	
487.774	14572.49	
487.98	11224.06	
488.187	7134.27	
488.393	4086.89	
488.599	1909.9	
488.806	783.52	
489.012	382.12	
489.219	474.28	
489.425	388.26	
489.631	240.81	
489.837	173.22	
490.044	302.25	
490.25	171.18	
490.456	271.53	
490.663	298.15	
490.869	89.26	
491.075	277.67	
491.281	148.65	
491.487	146.6	
491.694	220.33	
491.9	236.71	
492.106	296.1	
492.312	273.57	
492.518	312.49	
492.724	318.63	
492.931	253.09	
493.137	185.51	
493.343	251.05	
493.549	294.05	
493.755	271.53	
493.961	201.9	
494.167	173.22	
494.373	197.8	
494.579	144.55	
494.785	87.21	
494.991	210.09	
495.197	189.61	
495.403	152.74	
495.609	128.17	
495.815	158.89	
496.021	165.03	
496.227	220.33	
496.433	115.88	
496.639	197.8	
496.845	212.14	
497.05	283.81	
497.256	185.51	
497.462	119.98	
497.668	93.35	
497.874	195.75	
498.08	140.46	
498.286	126.12	
498.491	242.85	
498.697	203.94	
498.903	97.45	
499.109	103.59	
499.314	79.02	
499.52	128.17	
499.726	152.74	
499.932	173.22	
500.137	144.55	
500.343	160.94	
500.549	156.84	
500.754	158.89	
500.96	181.42	
501.166	175.27	
501.371	226.47	
501.577	93.35	
501.782	193.7	
501.988	191.66	
502.194	126.12	
502.399	169.13	
502.605	144.55	
502.81	105.64	
503.016	130.22	
503.221	119.98	
503.427	79.02	
503.632	156.84	
503.838	165.03	
504.043	165.03	
504.249	185.51	
504.454	138.41	
504.66	83.11	
504.865	111.78	
505.071	249	
505.276	85.16	
505.481	150.7	
505.687	111.78	
505.892	177.32	
506.097	142.5	
506.303	103.59	
506.508	79.02	
506.713	105.64	
506.919	167.08	
507.124	79.02	
507.329	167.08	
507.535	160.94	
507.74	158.89	
507.945	109.74	
508.15	124.07	
508.356	130.22	
508.561	128.17	
508.766	191.66	
508.971	70.83	
509.176	101.55	
509.381	91.31	
509.587	107.69	
509.792	119.98	
509.997	144.55	
510.202	113.83	
510.407	173.22	
510.612	195.75	
510.817	91.31	
511.022	195.75	
511.227	222.38	
511.432	-19.29	
511.637	220.33	
511.842	60.59	
512.047	91.31	
512.252	81.07	
512.457	150.7	
512.662	189.61	
512.867	62.63	
513.072	79.02	
513.277	87.21	
513.482	128.17	
513.687	195.75	
513.892	287.91	
514.097	132.26	
514.302	124.07	
514.507	128.17	
514.711	128.17	
514.916	97.45	
515.121	74.92	
515.326	107.69	
515.531	128.17	
515.735	89.26	
515.94	183.46	
516.145	68.78	
516.35	111.78	
516.554	117.93	
516.759	99.5	
516.964	109.74	
517.169	173.22	
517.373	208.04	
517.578	124.07	
517.783	42.15	
517.987	134.31	
518.192	54.44	
518.396	142.5	
518.601	83.11	
518.806	193.7	
519.01	113.83	
519.215	109.74	
519.419	107.69	
519.624	124.07	
519.829	38.06	
520.033	162.98	
520.238	109.74	
520.442	156.84	
520.647	173.22	
520.851	212.14	
521.055	89.26	
521.26	173.22	
521.464	158.89	
521.669	171.18	
521.873	15.53	
522.078	91.31	
522.282	83.11	
522.486	-11.09	
522.691	50.35	
522.895	173.22	
523.099	95.4	
523.304	-11.09	
523.508	87.21	
523.712	70.83	
523.917	128.17	
524.121	97.45	
524.325	105.64	
524.53	33.96	
524.734	29.87	
524.938	167.08	
525.142	3.24	
525.346	130.22	
525.551	162.98	
525.755	128.17	
525.959	97.45	
526.163	117.93	
526.367	113.83	
526.571	134.31	
526.776	109.74	
526.98	107.69	
527.184	62.63	
527.388	101.55	
527.592	87.21	
527.796	74.92	
528	156.84	
528.204	142.5	
528.408	60.59	
528.612	5.29	
528.816	48.3	
529.02	13.48	
529.224	7.34	
529.428	-13.14	
529.632	11.43	
529.836	130.22	
530.04	91.31	
530.244	97.45	
530.448	103.59	
530.652	62.63	
530.855	70.83	
531.059	91.31	
531.263	117.93	
531.467	124.07	
531.671	70.83	
531.875	52.39	
532.078	224.42	
532.282	162.98	
532.486	251.05	
532.69	113.83	
532.893	119.98	
533.097	140.46	
533.301	113.83	
533.505	99.5	
533.708	66.73	
533.912	156.84	
534.116	23.72	
534.319	29.87	
534.523	148.65	
534.727	130.22	
534.93	5.29	
535.134	124.07	
535.338	33.96	
535.541	25.77	
535.745	79.02	
535.948	44.2	
536.152	214.18	
536.355	132.26	
536.559	25.77	
536.762	115.88	
536.966	113.83	
537.169	56.49	
537.373	-2.9	
537.576	66.73	
537.78	132.26	
537.983	81.07	
538.187	33.96	
538.39	122.02	
538.593	107.69	
538.797	208.04	
539	56.49	
539.204	234.66	
539.407	150.7	
539.61	119.98	
539.814	91.31	
540.017	91.31	
540.22	191.66	
540.424	48.3	
540.627	83.11	
540.83	74.92	
541.033	103.59	
541.237	89.26	
541.44	95.4	
541.643	103.59	
541.846	76.97	
542.049	103.59	
542.253	171.18	
542.456	115.88	
542.659	140.46	
542.862	117.93	
543.065	74.92	
543.268	205.99	
543.471	87.21	
543.674	48.3	
543.878	66.73	
544.081	21.67	
544.284	66.73	
544.487	15.53	
544.69	64.68	
544.893	128.17	
545.096	124.07	
545.299	115.88	
545.502	95.4	
545.705	107.69	
545.908	105.64	
546.111	40.11	
546.314	21.67	
546.516	97.45	
546.719	66.73	
546.922	101.55	
547.125	83.11	
547.328	150.7	
547.531	160.94	
547.734	122.02	
547.936	156.84	
548.139	-9.05	
548.342	236.71	
548.545	66.73	
548.748	81.07	
548.95	13.48	
549.153	-2.9	
549.356	117.93	
549.559	156.84	
549.761	48.3	
549.964	74.92	
550.167	117.93	
550.369	58.54	
550.572	7.34	
550.775	144.55	
550.977	72.87	
551.18	101.55	
551.383	-21.33	
551.585	115.88	
551.788	117.93	
551.99	165.03	
552.193	87.21	
552.396	103.59	
552.598	103.59	
552.801	68.78	
553.003	-15.19	
553.206	99.5	
553.408	152.74	
553.611	99.5	
553.813	56.49	
554.015	95.4	
554.218	64.68	
554.42	144.55	
554.623	150.7	
554.825	58.54	
555.027	62.63	
555.23	160.94	
555.432	105.64	
555.635	81.07	
555.837	97.45	
556.039	93.35	
556.242	66.73	
556.444	115.88	
556.646	130.22	
556.848	48.3	
557.051	62.63	
557.253	68.78	
557.455	76.97	
557.657	46.25	
557.86	115.88	
558.062	89.26	
558.264	95.4	
558.466	40.11	
558.668	81.07	
558.87	-2.9	
559.073	144.55	
559.275	113.83	
559.477	11.43	
559.679	91.31	
559.881	111.78	
560.083	103.59	
560.285	11.43	
560.487	50.35	
560.689	-0.85	
560.891	109.74	
561.093	171.18	
561.295	66.73	
561.497	25.77	
561.699	79.02	
561.901	119.98	
562.103	124.07	
562.305	107.69	
562.507	169.13	
562.709	33.96	
562.911	126.12	
563.113	158.89	
563.314	136.36	
563.516	21.67	
563.718	97.45	
563.92	136.36	
564.122	158.89	
564.323	-29.52	
564.525	76.97	
564.727	81.07	
564.929	128.17	
565.131	103.59	
565.332	189.61	
565.534	68.78	
565.736	124.07	
565.937	113.83	
566.139	109.74	
566.341	167.08	
566.542	152.74	
566.744	128.17	
566.946	185.51	
567.147	234.66	
567.349	124.07	
567.551	203.94	
567.752	232.62	
567.954	205.99	
568.155	298.15	
568.357	230.57	
568.558	156.84	
568.76	287.91	
568.961	345.25	
569.163	238.76	
569.364	273.57	
569.566	236.71	
569.767	263.33	
569.969	267.43	
570.17	271.53	
570.372	175.27	
570.573	146.6	
570.774	195.75	
570.976	242.85	
571.177	117.93	
571.378	203.94	
571.58	220.33	
571.781	240.81	
571.982	378.02	
572.184	316.58	
572.385	210.09	
572.586	468.13	
572.788	543.91	
572.989	335.01	
573.19	380.07	
573.391	455.84	
573.592	302.25	
573.794	292.01	
573.995	244.9	
574.196	232.62	
574.397	242.85	
574.598	234.66	
574.799	246.95	
575.001	414.88	
575.202	388.26	
575.403	386.21	
575.604	337.06	
575.805	390.31	
576.006	308.39	
576.207	308.39	
576.408	429.22	
576.609	316.58	
576.81	314.53	
577.011	287.91	
577.212	400.55	
577.413	326.82	
577.614	300.2	
577.815	451.75	
578.016	441.51	
578.217	394.4	
578.418	429.22	
578.619	513.19	
578.819	486.56	
579.02	482.47	
579.221	468.13	
579.422	332.97	
579.623	423.08	
579.824	523.43	
580.024	591.01	
580.225	654.5	
580.426	795.81	
580.627	851.1	
580.827	824.48	
581.028	711.84	
581.229	687.26	
581.43	607.39	
581.63	597.15	
581.831	435.36	
582.032	498.85	
582.232	445.6	
582.433	570.53	
582.634	433.32	
582.834	466.08	
583.035	535.71	
583.235	500.9	
583.436	404.64	
583.636	285.86	
583.837	314.53	
584.038	347.3	
584.238	449.7	
584.439	335.01	
584.639	271.53	
584.84	328.87	
585.04	341.16	
585.241	259.24	
585.441	265.38	
585.641	302.25	
585.842	304.29	
586.042	375.97	
586.243	289.96	
586.443	384.16	
586.643	279.72	
586.844	382.12	
587.044	335.01	
587.244	349.35	
587.445	464.04	
587.645	433.32	
587.845	406.69	
588.046	521.38	
588.246	636.06	
588.446	453.8	
588.646	449.7	
588.847	378.02	
589.047	281.77	
589.247	240.81	
589.447	287.91	
589.647	283.81	
589.847	173.22	
590.048	238.76	
590.248	208.04	
590.448	308.39	
590.648	283.81	
590.848	267.43	
591.048	308.39	
591.248	326.82	
591.448	390.31	
591.648	322.73	
591.848	275.62	
592.048	398.5	
592.248	392.36	
592.448	365.73	
592.648	480.42	
592.848	484.52	
593.048	597.15	
593.248	507.04	
593.448	517.28	
593.648	455.84	
593.848	433.32	
594.048	418.98	
594.248	435.36	
594.447	369.83	
594.647	253.09	
594.847	312.49	
595.047	404.64	
595.247	351.4	
595.447	249	
595.646	400.55	
595.846	380.07	
596.046	402.6	
596.246	457.89	
596.445	517.28	
596.645	472.23	
596.845	498.85	
597.044	476.32	
597.244	439.46	
597.444	470.18	
597.643	484.52	
597.843	267.43	
598.043	322.73	
598.242	392.36	
598.442	386.21	
598.641	308.39	
598.841	412.84	
599.041	261.29	
599.24	326.82	
599.44	332.97	
599.639	261.29	
599.839	464.04	
600.038	263.33	
600.238	365.73	
600.437	289.96	
600.637	308.39	
600.836	439.46	
601.035	433.32	
601.235	441.51	
601.434	476.32	
601.634	494.76	
601.833	533.67	
602.032	636.06	
602.232	582.82	
602.431	689.31	
602.63	576.67	
602.83	500.9	
603.029	447.65	
603.228	423.08	
603.427	406.69	
603.627	435.36	
603.826	390.31	
604.025	232.62	
604.224	287.91	
604.424	326.82	
604.623	361.64	
604.822	294.05	
605.021	318.63	
605.22	349.35	
605.419	179.37	
605.618	314.53	
605.818	412.84	
606.017	347.3	
606.216	353.45	
606.415	441.51	
606.614	425.12	
606.813	228.52	
607.012	320.68	
607.211	359.59	
607.41	285.86	
607.609	316.58	
607.808	386.21	
608.007	406.69	
608.206	355.49	
608.405	400.55	
608.604	353.45	
608.802	357.54	
609.001	373.92	
609.2	199.85	
609.399	349.35	
609.598	203.94	
609.797	154.79	
609.996	191.66	
610.194	101.55	
610.393	72.87	
610.592	183.46	
610.791	146.6	
610.99	251.05	
611.188	259.24	
611.387	251.05	
611.586	339.11	
611.784	330.92	
611.983	330.92	
612.182	292.01	
612.38	357.54	
612.579	488.61	
612.778	404.64	
612.976	343.21	
613.175	369.83	
613.374	306.34	
613.572	302.25	
613.771	326.82	
613.969	382.12	
614.168	365.73	
614.366	367.78	
614.565	474.28	
614.763	621.73	
614.962	818.33	
615.16	732.32	
615.359	627.87	
615.557	664.74	
615.756	507.04	
615.954	384.16	
616.153	431.27	
616.351	316.58	
616.549	513.19	
616.748	330.92	
616.946	351.4	
617.144	332.97	
617.343	373.92	
617.541	216.23	
617.739	214.18	
617.938	205.99	
618.136	246.95	
618.334	183.46	
618.532	189.61	
618.731	255.14	
618.929	261.29	
619.127	267.43	
619.325	292.01	
619.523	316.58	
619.722	228.52	
619.92	167.08	
620.118	205.99	
620.316	203.94	
620.514	169.13	
620.712	222.38	
620.91	124.07	
621.108	261.29	
621.306	240.81	
621.505	339.11	
621.703	285.86	
621.901	255.14	
622.099	279.72	
622.297	382.12	
622.495	251.05	
622.693	283.81	
622.89	361.64	
623.088	363.69	
623.286	257.19	
623.484	365.73	
623.682	279.72	
623.88	212.14	
624.078	160.94	
624.276	185.51	
624.474	197.8	
624.671	191.66	
624.869	230.57	
625.067	218.28	
625.265	152.74	
625.463	236.71	
625.66	253.09	
625.858	238.76	
626.056	279.72	
626.254	294.05	
626.451	251.05	
626.649	246.95	
626.847	246.95	
627.044	322.73	
627.242	304.29	
627.44	244.9	
627.637	283.81	
627.835	226.47	
628.032	169.13	
628.23	210.09	
628.428	316.58	
628.625	220.33	
628.823	218.28	
629.02	322.73	
629.218	326.82	
629.415	347.3	
629.613	294.05	
629.81	275.62	
630.008	228.52	
630.205	257.19	
630.403	283.81	
630.6	265.38	
630.797	330.92	
630.995	226.47	
631.192	283.81	
631.39	306.34	
631.587	328.87	
631.784	263.33	
631.982	298.15	
632.179	343.21	
632.376	375.97	
632.574	312.49	
632.771	283.81	
632.968	267.43	
633.165	386.21	
633.363	355.49	
633.56	373.92	
633.757	269.48	
633.954	238.76	
634.151	408.74	
634.349	394.4	
634.546	443.56	
634.743	259.24	
634.94	246.95	
635.137	294.05	
635.334	335.01	
635.531	371.88	
635.728	390.31	
635.925	357.54	
636.122	322.73	
636.319	382.12	
636.516	523.43	
636.713	353.45	
636.91	345.25	
637.107	318.63	
637.304	539.81	
637.501	466.08	
637.698	470.18	
637.895	394.4	
638.092	378.02	
638.289	410.79	
638.486	472.23	
638.683	548	
638.88	443.56	
639.076	543.91	
639.273	482.47	
639.47	380.07	
639.667	439.46	
639.864	443.56	
640.06	486.56	
640.257	488.61	
640.454	461.99	
640.651	402.6	
640.847	431.27	
641.044	478.37	
641.241	591.01	
641.437	523.43	
641.634	539.81	
641.831	500.9	
642.027	490.66	
642.224	468.13	
642.421	548	
642.617	496.8	
642.814	523.43	
643.01	472.23	
643.207	437.41	
643.403	386.21	
643.6	619.68	
643.796	550.05	
643.993	517.28	
644.189	603.3	
644.386	572.58	
644.582	623.78	
644.779	627.87	
644.975	660.64	
645.172	644.26	
645.368	548	
645.564	550.05	
645.761	513.19	
645.957	562.34	
646.153	466.08	
646.35	464.04	
646.546	472.23	
646.742	517.28	
646.939	447.65	
647.135	525.47	
647.331	421.03	
647.527	529.57	
647.724	464.04	
647.92	468.13	
648.116	472.23	
648.312	347.3	
648.509	433.32	
648.705	541.86	
648.901	591.01	
649.097	451.75	
649.293	619.68	
649.489	521.38	
649.685	709.79	
649.881	1021.08	
650.077	1545.36	
650.274	1995.92	
650.47	2413.7	
650.666	2823.3	
650.862	2733.18	
651.058	2724.99	
651.254	2251.91	
651.45	2032.78	
651.645	1893.52	
651.841	1584.27	
652.037	1588.37	
652.233	1463.44	
652.429	1285.27	
652.625	1522.84	
652.821	1367.19	
653.017	1389.72	
653.213	1580.18	
653.408	1795.22	
653.604	1791.12	
653.8	2026.64	
653.996	2731.14	
654.192	3705.97	
654.387	7316.54	
654.583	28158.72	
654.779	64315.61	
654.975	64315.61	
655.17	64315.61	
655.366	64315.61	
655.562	64315.61	
655.757	64315.61	
655.953	64315.61	
656.149	64315.61	
656.344	64315.61	
656.54	64315.61	
656.735	64315.61	
656.931	64315.61	
657.127	64315.61	
657.322	64315.61	
657.518	64315.61	
657.713	64315.61	
657.909	64315.61	
658.104	64315.61	
658.3	64315.61	
658.495	64315.61	
658.691	64315.61	
658.886	64315.61	
659.082	64315.61	
659.277	64315.61	
659.472	64315.61	
659.668	64315.61	
659.863	64315.61	
660.059	64315.61	
660.254	64315.61	
660.449	64315.61	
660.644	64315.61	
660.84	64315.61	
661.035	64315.61	
661.23	64315.61	
661.426	64315.61	
661.621	64315.61	
661.816	64315.61	
662.011	64315.61	
662.207	64315.61	
662.402	64315.61	
662.597	64315.61	
662.792	64315.61	
662.987	64315.61	
663.182	64315.61	
663.377	64315.61	
663.573	64315.61	
663.768	64315.61	
663.963	64315.61	
664.158	64315.61	
664.353	64315.61	
664.548	64315.61	
664.743	64315.61	
664.938	64315.61	
665.133	64315.61	
665.328	64315.61	
665.523	64315.61	
665.718	64315.61	
665.913	64315.61	
666.108	64315.61	
666.303	64315.61	
666.498	64315.61	
666.692	64315.61	
666.887	64315.61	
667.082	64315.61	
667.277	64315.61	
667.472	64315.61	
667.667	50227.63	
667.861	51505.56	
668.056	382.12	
668.251	369.83	
668.446	371.88	
668.64	560.29	
668.835	373.92	
669.03	378.02	
669.225	337.06	
669.419	326.82	
669.614	353.45	
669.809	330.92	
670.003	265.38	
670.198	310.44	
670.393	230.57	
670.587	212.14	
670.782	232.62	
670.976	343.21	
671.171	195.75	
671.365	138.41	
671.56	214.18	
671.754	232.62	
671.949	179.37	
672.143	218.28	
672.338	210.09	
672.532	179.37	
672.727	126.12	
672.921	242.85	
673.116	218.28	
673.31	177.32	
673.504	132.26	
673.699	232.62	
673.893	238.76	
674.088	214.18	
674.282	205.99	
674.476	201.9	
674.67	263.33	
674.865	138.41	
675.059	179.37	
675.253	156.84	
675.448	156.84	
675.642	165.03	
675.836	70.83	
676.03	173.22	
676.224	230.57	
676.419	160.94	
676.613	210.09	
676.807	111.78	
677.001	234.66	
677.195	185.51	
677.389	244.9	
677.583	173.22	
677.777	136.36	
677.972	46.25	
678.166	124.07	
678.36	115.88	
678.554	111.78	
678.748	142.5	
678.942	74.92	
679.136	171.18	
679.33	154.79	
679.524	181.42	
679.717	226.47	
679.911	167.08	
680.105	201.9	
680.299	201.9	
680.493	132.26	
680.687	208.04	
680.881	97.45	
681.075	95.4	
681.268	105.64	
681.462	99.5	
681.656	173.22	
681.85	189.61	
682.044	68.78	
682.237	203.94	
682.431	42.15	
682.625	119.98	
682.819	74.92	
683.012	33.96	
683.206	193.7	
683.4	208.04	
683.593	115.88	
683.787	72.87	
683.981	136.36	
684.174	83.11	
684.368	91.31	
684.561	95.4	
684.755	25.77	
684.948	68.78	
685.142	124.07	
685.335	95.4	
685.529	70.83	
685.722	76.97	
685.916	105.64	
686.109	54.44	
686.303	124.07	
686.496	91.31	
686.69	81.07	
686.883	70.83	
687.077	76.97	
687.27	146.6	
687.463	107.69	
687.657	85.16	
687.85	11.43	
688.043	68.78	
688.237	66.73	
688.43	136.36	
688.623	25.77	
688.816	42.15	
689.01	169.13	
689.203	97.45	
689.396	31.91	
689.589	56.49	
689.783	103.59	
689.976	72.87	
690.169	109.74	
690.362	-2.9	
690.555	99.5	
690.748	142.5	
690.941	13.48	
691.135	-27.48	
691.328	-39.76	
691.521	29.87	
691.714	105.64	
691.907	27.82	
692.1	156.84	
692.293	25.77	
692.486	64.68	
692.679	58.54	
692.872	42.15	
693.065	-0.85	
693.258	128.17	
693.451	17.58	
693.644	25.77	
693.836	76.97	
694.029	99.5	
694.222	60.59	
694.415	-27.48	
694.608	79.02	
694.801	58.54	
694.993	68.78	
695.186	-60.24	
695.379	15.53	
695.572	140.46	
695.765	31.91	
695.957	105.64	
696.15	13.48	
696.343	54.44	
696.535	99.5	
696.728	-25.43	
696.921	36.01	
697.113	15.53	
697.306	38.06	
697.499	36.01	
697.691	107.69	
697.884	99.5	
698.076	138.41	
698.269	99.5	
698.462	380.07	
698.654	62.63	
698.847	15.53	
699.039	119.98	
699.232	134.31	
699.424	44.2	
699.617	195.75	
699.809	107.69	
700.001	201.9	
700.194	95.4	
700.386	44.2	
700.579	15.53	
700.771	76.97	
700.963	5.29	
701.156	33.96	
701.348	74.92	
701.54	122.02	
701.733	79.02	
701.925	33.96	
702.117	126.12	
702.309	46.25	
702.502	156.84	
702.694	46.25	
702.886	23.72	
703.078	-25.43	
703.271	126.12	
703.463	40.11	
703.655	130.22	
703.847	175.27	
704.039	5.29	
704.231	95.4	
704.423	111.78	
704.615	-2.9	
704.808	29.87	
705	5.29	
705.192	150.7	
705.384	11.43	
705.576	-64.34	
705.768	93.35	
705.96	-4.95	
706.152	56.49	
706.344	-2.9	
706.536	40.11	
706.727	83.11	
706.919	42.15	
707.111	156.84	
707.303	173.22	
707.495	66.73	
707.687	25.77	
707.879	40.11	
708.071	40.11	
708.262	9.39	
708.454	109.74	
708.646	64.68	
708.838	19.63	
709.029	29.87	
709.221	38.06	
709.413	144.55	
709.605	7.34	
709.796	48.3	
709.988	103.59	
710.18	72.87	
710.371	140.46	
710.563	13.48	
710.755	29.87	
710.946	21.67	
711.138	-47.96	
711.329	50.35	
711.521	119.98	
711.712	25.77	
711.904	140.46	
712.095	17.58	
712.287	44.2	
712.478	111.78	
712.67	107.69	
712.861	52.39	
713.053	60.59	
713.244	-62.29	
713.436	87.21	
713.627	74.92	
713.818	17.58	
714.01	29.87	
714.201	89.26	
714.393	1.19	
714.584	44.2	
714.775	-0.85	
714.966	44.2	
715.158	7.34	
715.349	-62.29	
715.54	21.67	
715.732	62.63	
715.923	27.82	
716.114	105.64	
716.305	33.96	
716.496	25.77	
716.688	25.77	
716.879	97.45	
717.07	56.49	
717.261	99.5	
717.452	7.34	
717.643	-25.43	
717.834	134.31	
718.025	134.31	
718.216	44.2	
718.407	64.68	
718.598	11.43	
718.789	-13.14	
718.98	-2.9	
719.171	-35.67	
719.362	1.19	
719.553	33.96	
719.744	115.88	
719.935	72.87	
720.126	-23.38	
720.317	-27.48	
720.508	89.26	
720.699	-21.33	
720.889	160.94	
721.08	64.68	
721.271	-0.85	
721.462	52.39	
721.653	36.01	
721.843	148.65	
722.034	46.25	
722.225	81.07	
722.416	126.12	
722.606	144.55	
722.797	74.92	
722.988	27.82	
723.178	29.87	
723.369	83.11	
723.56	21.67	
723.75	33.96	
723.941	111.78	
724.132	42.15	
724.322	87.21	
724.513	119.98	
724.703	5.29	
724.894	138.41	
725.084	13.48	
725.275	46.25	
725.465	165.03	
725.656	220.33	
725.846	62.63	
726.037	93.35	
726.227	152.74	
726.417	66.73	
726.608	66.73	
726.798	87.21	
726.989	158.89	
727.179	15.53	
727.369	87.21	
727.56	66.73	
727.75	-17.24	
727.94	38.06	
728.131	52.39	
728.321	44.2	
728.511	146.6	
728.701	142.5	
728.892	-15.19	
729.082	117.93	
729.272	56.49	
729.462	87.21	
729.652	-37.72	
729.842	-17.24	
730.033	25.77	
730.223	38.06	
730.413	152.74	
730.603	103.59	
730.793	74.92	
730.983	111.78	
731.173	173.22	
731.363	64.68	
731.553	128.17	
731.743	119.98	
731.933	33.96	
732.123	15.53	
732.313	25.77	
732.503	56.49	
732.693	64.68	
732.883	-35.67	
733.073	17.58	
733.263	19.63	
733.452	95.4	
733.642	9.39	
733.832	103.59	
734.022	146.6	
734.212	25.77	
734.402	169.13	
734.591	99.5	
734.781	132.26	
734.971	167.08	
735.161	23.72	
735.35	154.79	
735.54	140.46	
735.73	160.94	
735.919	103.59	
736.109	38.06	
736.299	91.31	
736.488	38.06	
736.678	54.44	
736.867	-11.09	
737.057	130.22	
737.247	9.39	
737.436	85.16	
737.626	72.87	
737.815	74.92	
738.005	21.67	
738.194	-0.85	
738.384	17.58	
738.573	97.45	
738.763	31.91	
738.952	3.24	
739.141	25.77	
739.331	1.19	
739.52	-9.05	
739.71	-0.85	
739.899	115.88	
740.088	-17.24	
740.278	-47.96	
740.467	46.25	
740.656	50.35	
740.846	66.73	
741.035	95.4	
741.224	107.69	
741.413	93.35	
741.603	31.91	
741.792	-11.09	
741.981	97.45	
742.17	48.3	
742.359	72.87	
742.548	31.91	
742.738	119.98	
742.927	140.46	
743.116	185.51	
743.305	140.46	
743.494	119.98	
743.683	38.06	
743.872	179.37	
744.061	9.39	
744.25	199.85	
744.439	183.46	
744.628	23.72	
744.817	31.91	
745.006	38.06	
745.195	171.18	
745.384	171.18	
745.573	158.89	
745.762	183.46	
745.951	249	
746.139	216.23	
746.328	175.27	
746.517	238.76	
746.706	152.74	
746.895	160.94	
747.084	107.69	
747.272	119.98	
747.461	183.46	
747.65	91.31	
747.839	48.3	
748.027	19.63	
748.216	169.13	
748.405	107.69	
748.593	-60.24	
748.782	54.44	
748.971	85.16	
749.159	115.88	
749.348	33.96	
749.536	-25.43	
749.725	-11.09	
749.914	13.48	
750.102	70.83	
750.291	3.24	
750.479	48.3	
750.668	97.45	
750.856	-11.09	
751.045	17.58	
751.233	89.26	
751.421	70.83	
751.61	89.26	
751.798	11.43	
751.987	21.67	
752.175	91.31	
752.363	29.87	
752.552	7.34	
752.74	107.69	
752.928	89.26	
753.117	85.16	
753.305	148.65	
753.493	46.25	
753.682	54.44	
753.87	23.72	
754.058	124.07	
754.246	-9.05	
754.434	29.87	
754.623	79.02	
754.811	66.73	
754.999	40.11	
755.187	79.02	
755.375	13.48	
755.563	50.35	
755.751	17.58	
755.94	66.73	
756.128	-52.05	
756.316	-21.33	
756.504	66.73	
756.692	79.02	
756.88	68.78	
757.068	132.26	
757.256	58.54	
757.444	38.06	
757.632	115.88	
757.819	5.29	
758.007	99.5	
758.195	60.59	
758.383	13.48	
758.571	128.17	
758.759	105.64	
758.947	3.24	
759.135	62.63	
759.322	173.22	
759.51	72.87	
759.698	117.93	
759.886	68.78	
760.073	17.58	
760.261	31.91	
760.449	60.59	
760.637	109.74	
760.824	5.29	
761.012	40.11	
761.2	-27.48	
761.387	56.49	
761.575	105.64	
761.762	-39.76	
761.95	62.63	
762.138	48.3	
762.325	66.73	
762.513	9.39	
762.7	87.21	
762.888	29.87	
763.075	40.11	
763.263	54.44	
763.45	56.49	
763.638	-45.91	
763.825	29.87	
764.012	-50	
764.2	-66.39	
764.387	-60.24	
764.575	31.91	
764.762	60.59	
764.949	-11.09	
765.137	-52.05	
765.324	79.02	
765.511	-29.52	
765.699	38.06	
765.886	-17.24	
766.073	33.96	
766.26	29.87	
766.448	68.78	
766.635	54.44	
766.822	29.87	
767.009	-25.43	
767.196	-15.19	
767.383	107.69	
767.571	33.96	
767.758	-37.72	
767.945	87.21	
768.132	25.77	
768.319	124.07	
768.506	-0.85	
768.693	42.15	
768.88	56.49	
769.067	74.92	
769.254	109.74	
769.441	40.11	
769.628	66.73	
769.815	21.67	
770.002	99.5	
770.189	66.73	
770.376	13.48	
770.563	-41.81	
770.75	124.07	
770.936	38.06	
771.123	-0.85	
771.31	79.02	
771.497	-76.63	
771.684	103.59	
771.87	79.02	
772.057	64.68	
772.244	54.44	
772.431	103.59	
772.617	97.45	
772.804	31.91	
772.991	113.83	
773.177	83.11	
773.364	74.92	
773.551	-23.38	
773.737	46.25	
773.924	21.67	
774.111	126.12	
774.297	-27.48	
774.484	7.34	
774.67	70.83	
774.857	-15.19	
775.043	25.77	
775.23	203.94	
775.416	201.9	
775.603	515.23	
775.789	1668.24	
775.976	3228.79	
776.162	5504.09	
776.349	7406.65	
776.535	8901.67	
776.721	9016.35	
776.908	8434.73	
777.094	6913.09	
777.28	5633.11	
777.467	4443.24	
777.653	3480.69	
777.839	2890.88	
778.025	2524.29	
778.212	1959.05	
778.398	1653.91	
778.584	1442.96	
778.77	1160.34	
778.957	1035.42	
779.143	771.23	
779.329	597.15	
779.515	470.18	
779.701	353.45	
779.887	242.85	
780.073	54.44	
780.26	52.39	
780.446	193.7	
780.632	-11.09	
780.818	-4.95	
781.004	87.21	
781.19	68.78	
781.376	48.3	
781.562	-9.05	
781.748	-17.24	
781.934	23.72	
782.12	81.07	
782.305	64.68	
782.491	62.63	
782.677	-37.72	
782.863	81.07	
783.049	1.19	
783.235	31.91	
783.421	-21.33	
783.606	-54.1	
783.792	31.91	
783.978	48.3	
784.164	42.15	
784.349	42.15	
784.535	-19.29	
784.721	23.72	
784.907	64.68	
785.092	33.96	
785.278	66.73	
785.464	-2.9	
785.649	3.24	
785.835	130.22	
786.02	-9.05	
786.206	-56.15	
786.392	13.48	
786.577	91.31	
786.763	68.78	
786.948	-27.48	
787.134	21.67	
787.319	7.34	
787.505	-9.05	
787.69	29.87	
787.876	23.72	
788.061	15.53	
788.246	-66.39	
788.432	-88.92	
788.617	62.63	
788.803	27.82	
788.988	-15.19	
789.173	-60.24	
789.359	-74.58	
789.544	29.87	
789.729	50.35	
789.915	-88.92	
790.1	-64.34	
790.285	7.34	
790.47	-2.9	
790.655	46.25	
790.841	7.34	
791.026	-2.9	
791.211	-39.76	
791.396	-125.78	
791.581	29.87	
791.766	-31.57	
791.952	17.58	
792.137	-4.95	
792.322	-0.85	
792.507	-43.86	
792.692	-2.9	
792.877	21.67	
793.062	-9.05	
793.247	-7	
793.432	54.44	
793.617	-54.1	
793.802	101.55	
793.987	-23.38	
794.172	-15.19	
794.356	3.24	
794.541	36.01	
794.726	5.29	
794.911	64.68	
795.096	-74.58	
795.281	-4.95	
795.466	-74.58	
795.65	-11.09	
795.835	17.58	
796.02	-9.05	
796.205	146.6	
796.389	23.72	
796.574	-23.38	
796.759	-47.96	
796.943	-39.76	
797.128	-11.09	
797.313	5.29	
797.497	62.63	
797.682	66.73	
797.867	-2.9	
798.051	-25.43	
798.236	-54.1	
798.42	81.07	
798.605	-17.24	
798.789	-90.96	
798.974	-68.44	
799.158	-66.39	
799.343	-21.33	
799.527	25.77	
799.712	-64.34	
799.896	-41.81	
800.081	38.06	
800.265	-74.58	
800.449	-47.96	
800.634	-19.29	
800.818	36.01	
801.002	62.63	
801.187	-50	
801.371	15.53	
801.555	81.07	
801.74	-64.34	
801.924	-58.2	
802.108	-21.33	
802.292	40.11	
802.477	-43.86	
802.661	101.55	
802.845	64.68	
803.029	29.87	
803.213	5.29	
803.397	-54.1	
803.581	-19.29	
803.766	-17.24	
803.95	60.59	
804.134	-50	
804.318	-129.88	
804.502	-74.58	
804.686	91.31	
804.87	5.29	
805.054	50.35	
805.238	9.39	
805.422	-105.3	
805.606	-60.24	
805.79	5.29	
805.973	-43.86	
806.157	-107.35	
806.341	-9.05	
806.525	72.87	
806.709	-27.48	
806.893	36.01	
807.077	31.91	
807.26	-15.19	
807.444	-17.24	
807.628	44.2	
807.812	13.48	
807.995	27.82	
808.179	-76.63	
808.363	-97.11	
808.546	-113.49	
808.73	25.77	
808.914	-107.35	
809.097	21.67	
809.281	1.19	
809.465	83.11	
809.648	46.25	
809.832	-0.85	
810.015	1.19	
810.199	3.24	
810.382	-15.19	
810.566	15.53	
810.749	103.59	
810.933	33.96	
811.116	-29.52	
811.3	-35.67	
811.483	-45.91	
811.667	83.11	
811.85	25.77	
812.034	-21.33	
812.217	31.91	
812.4	38.06	
812.584	-25.43	
812.767	-64.34	
812.95	-0.85	
813.133	-9.05	
813.317	-11.09	
813.5	-35.67	
813.683	-95.06	
813.866	-7	
814.05	21.67	
814.233	-60.24	
814.416	-142.16	
814.599	33.96	
814.782	-17.24	
814.965	27.82	
815.149	-19.29	
815.332	1.19	
815.515	-23.38	
815.698	-25.43	
815.881	-27.48	
816.064	-58.2	
816.247	15.53	
816.43	-66.39	
816.613	50.35	
816.796	93.35	
816.979	-82.77	
817.162	74.92	
817.345	33.96	
817.528	-35.67	
817.711	56.49	
817.893	3.24	
818.076	79.02	
818.259	97.45	
818.442	83.11	
818.625	-31.57	
818.808	-7	
818.99	62.63	
819.173	-25.43	
819.356	-60.24	
819.539	38.06	
819.721	-68.44	
819.904	29.87	
820.087	-45.91	
820.269	-50	
820.452	-37.72	
820.635	-11.09	
820.817	62.63	
821	111.78	
821.182	101.55	
821.365	44.2	
821.548	33.96	
821.73	13.48	
821.913	58.54	
822.095	122.02	
822.278	21.67	
822.46	46.25	
822.642	21.67	
822.825	83.11	
823.007	3.24	
823.19	13.48	
823.372	54.44	
823.555	15.53	
823.737	-27.48	
823.919	5.29	
824.102	-58.2	
824.284	36.01	
824.466	68.78	
824.648	13.48	
824.831	-109.4	
825.013	-4.95	
825.195	-78.68	
825.377	40.11	
825.56	-7	
825.742	-19.29	
825.924	-66.39	
826.106	29.87	
826.288	29.87	
826.47	-45.91	
826.652	48.3	
826.835	-23.38	
827.017	119.98	
827.199	-17.24	
827.381	-0.85	
827.563	56.49	
827.745	56.49	
827.927	-74.58	
828.109	-68.44	
828.291	-82.77	
828.473	1.19	
828.655	-99.16	
828.836	-60.24	
829.018	-56.15	
829.2	-121.68	
829.382	21.67	
829.564	-15.19	
829.746	-23.38	
829.928	21.67	
830.109	-4.95	
830.291	-82.77	
830.473	44.2	
830.655	-0.85	
830.836	-148.31	
831.018	-25.43	
831.2	-129.88	
831.382	-9.05	
831.563	-111.44	
831.745	-50	
831.926	156.84	
832.108	-39.76	
832.29	-25.43	
832.471	-45.91	
832.653	-13.14	
832.834	-72.53	
833.016	-52.05	
833.197	19.63	
833.379	-76.63	
833.56	66.73	
833.742	-78.68	
833.923	33.96	
834.105	-86.87	
834.286	144.55	
834.468	-4.95	
834.649	48.3	
834.83	38.06	
835.012	-129.88	
835.193	-97.11	
835.374	-47.96	
835.556	40.11	
835.737	15.53	
835.918	21.67	
836.1	60.59	
836.281	-66.39	
836.462	-37.72	
836.643	-47.96	
836.824	-43.86	
837.006	29.87	
837.187	-45.91	
837.368	5.29	
837.549	-72.53	
837.73	140.46	
837.911	-25.43	
838.092	23.72	
838.273	-31.57	
838.455	-60.24	
838.636	-43.86	
838.817	-37.72	
838.998	1.19	
839.179	58.54	
839.36	13.48	
839.54	7.34	
839.721	-29.52	
839.902	-19.29	
840.083	62.63	
840.264	31.91	
840.445	-25.43	
840.626	-25.43	
840.807	-58.2	
840.988	111.78	
841.168	-129.88	
841.349	79.02	
841.53	-70.48	
841.711	-37.72	
841.891	-142.16	
842.072	89.26	
842.253	-43.86	
842.434	-72.53	
842.614	-0.85	
842.795	68.78	
842.976	259.24	
843.156	971.93	
843.337	2264.2	
843.517	3488.89	
843.698	4359.27	
843.878	5207.13	
844.059	5219.42	
844.24	4555.88	
844.42	3894.38	
844.601	2839.68	
844.781	2223.24	
844.962	1823.89	
845.142	1465.49	
845.322	1191.06	
845.503	1080.47	
845.683	990.36	
845.864	824.48	
846.044	748.7	
846.224	552.1	
846.405	605.35	
846.585	482.47	
846.765	457.89	
846.946	451.75	
847.126	224.42	
847.306	214.18	
847.486	205.99	
847.667	117.93	
847.847	-31.57	
848.027	68.78	
848.207	-76.63	
848.387	19.63	
848.567	-43.86	
848.747	23.72	
848.928	-47.96	
849.108	52.39	
849.288	-58.2	
849.468	-19.29	
849.648	15.53	
849.828	-13.14	
850.008	-27.48	
850.188	-37.72	
850.368	-50	
850.548	-80.72	
850.728	132.26	
850.908	38.06	
851.088	74.92	
851.267	15.53	
851.447	21.67	
851.627	-19.29	
851.807	-45.91	
851.987	54.44	
852.167	29.87	
852.346	91.31	
852.526	5.29	
852.706	64.68	
852.886	42.15	
853.065	-82.77	
853.245	-84.82	
853.425	54.44	
853.605	-84.82	
853.784	46.25	
853.964	109.74	
854.143	-33.62	
854.323	36.01	
854.503	21.67	
854.682	-56.15	
854.862	62.63	
855.041	-90.96	
855.221	-17.24	
855.4	-31.57	
855.58	-119.64	
855.759	-41.81	
855.939	-33.62	
856.118	31.91	
856.298	-54.1	
856.477	-82.77	
856.657	11.43	
856.836	-95.06	
857.015	-7	
857.195	-2.9	
857.374	-11.09	
857.553	38.06	
857.733	-17.24	
857.912	-17.24	
858.091	-27.48	
858.27	-41.81	
858.45	-31.57	
858.629	-13.14	
858.808	62.63	
858.987	44.2	
859.166	62.63	
859.345	-50	
859.525	119.98	
859.704	33.96	
859.883	-99.16	
860.062	-72.53	
860.241	-64.34	
860.42	-52.05	
860.599	33.96	
860.778	-0.85	
860.957	-25.43	
861.136	-43.86	
861.315	29.87	
861.494	128.17	
861.673	54.44	
861.852	-72.53	
862.031	-50	
862.21	60.59	
862.388	33.96	
862.567	62.63	
862.746	19.63	
862.925	-95.06	
863.104	25.77	
863.283	66.73	
863.461	-11.09	
863.64	-0.85	
863.819	-7	
863.997	17.58	
864.176	-58.2	
864.355	-56.15	
864.534	-29.52	
864.712	-2.9	
864.891	13.48	
865.069	64.68	
865.248	-54.1	
865.427	42.15	
865.605	46.25	
865.784	1.19	
865.962	-72.53	
866.141	-31.57	
866.319	-76.63	
866.498	-17.24	
866.676	52.39	
866.855	-23.38	
867.033	13.48	
867.212	42.15	
867.39	83.11	
867.568	70.83	
867.747	85.16	
867.925	144.55	
868.103	146.6	
868.282	50.35	
868.46	9.39	
868.638	-17.24	
868.817	-7	
868.995	25.77	
869.173	27.82	
869.351	-80.72	
869.529	27.82	
869.708	-47.96	
869.886	17.58	
870.064	-72.53	
870.242	-68.44	
870.42	9.39	
870.598	-19.29	
870.776	134.31	
870.954	9.39	
871.133	-35.67	
871.311	-95.06	
871.489	29.87	
871.667	-11.09	
871.845	-115.54	
872.023	95.4	
872.2	60.59	
872.378	62.63	
872.556	-17.24	
872.734	-23.38	
872.912	48.3	
873.09	42.15	
873.268	-2.9	
873.446	54.44	
873.623	13.48	
873.801	33.96	
873.979	-19.29	
874.157	-56.15	
874.335	13.48	
874.512	-37.72	
874.69	-50	
874.868	-11.09	
875.045	-64.34	
875.223	-15.19	
875.401	-21.33	
875.578	-127.83	
875.756	-39.76	
875.934	44.2	
876.111	-107.35	
876.289	5.29	
876.466	-43.86	
876.644	-93.01	
876.821	-37.72	
876.999	-56.15	
877.176	-43.86	
877.354	-78.68	
877.531	-0.85	
877.709	23.72	
877.886	-23.38	
878.063	-31.57	
878.241	-72.53	
878.418	13.48	
878.596	25.77	
878.773	21.67	
878.95	21.67	
879.127	5.29	
879.305	-101.2	
879.482	-54.1	
879.659	-15.19	
879.836	25.77	
880.014	-76.63	
880.191	21.67	
880.368	36.01	
880.545	-2.9	
880.722	-54.1	
880.9	36.01	
881.077	21.67	
881.254	-54.1	
881.431	-66.39	
881.608	25.77	
881.785	-70.48	
881.962	-29.52	
882.139	29.87	
882.316	21.67	
882.493	95.4	
882.67	-103.25	
882.847	-115.54	
883.024	60.59	
883.201	-25.43	
883.378	9.39	
883.554	-4.95	
883.731	85.16	
883.908	33.96	
884.085	-15.19	
884.262	-13.14	
884.439	-52.05	
884.615	-19.29	
884.792	23.72	
884.969	-90.96	
885.146	83.11	
885.322	-58.2	
885.499	-39.76	
885.676	-60.24	
885.852	9.39	
886.029	-7	
886.205	-64.34	
886.382	54.44	
886.559	15.53	
886.735	-2.9	
886.912	56.49	
887.088	13.48	
887.265	-15.19	
887.441	-35.67	
887.618	-27.48	
887.794	23.72	
887.971	-43.86	
888.147	-109.4	
888.324	46.25	
888.5	13.48	
888.676	64.68	
888.853	-13.14	
889.029	74.92	
889.205	9.39	
889.382	87.21	
889.558	31.91	
889.734	-27.48	
889.911	-50	
890.087	7.34	
890.263	-2.9	
890.439	-31.57	
890.616	-115.54	
890.792	-43.86	
890.968	-2.9	
891.144	-27.48	
891.32	-15.19	
891.496	-86.87	
891.672	31.91	
891.848	-97.11	
892.025	-19.29	
892.201	70.83	
892.377	-23.38	
892.553	-80.72	
892.729	-99.16	
892.905	36.01	
893.081	-35.67	
893.256	-31.57	
893.432	-29.52	
893.608	-41.81	
893.784	-101.2	
893.96	-39.76	
894.136	-66.39	
894.312	-60.24	
894.488	-109.4	
894.663	-4.95	
894.839	-27.48	
895.015	15.53	
895.191	13.48	
895.366	5.29	
895.542	-50	
895.718	60.59	
895.894	-27.48	
896.069	-90.96	
896.245	56.49	
896.421	-0.85	
896.596	-68.44	
896.772	-41.81	
896.947	-64.34	
897.123	-15.19	
897.298	-19.29	
897.474	-13.14	
897.649	-31.57	
897.825	-13.14	
898	-33.62	
898.176	-47.96	
898.351	13.48	
898.527	-11.09	
898.702	-64.34	
898.878	-78.68	
899.053	-101.2	
899.228	-11.09	
899.404	-76.63	
899.579	-47.96	
899.754	-84.82	
899.93	-43.86	
900.105	-17.24	
900.28	7.34	
900.455	-54.1	
900.631	38.06	
900.806	-19.29	
900.981	7.34	
901.156	-52.05	
901.331	27.82	
901.507	-90.96	
901.682	-99.16	
901.857	46.25	
902.032	42.15	
902.207	-117.59	
902.382	-0.85	
902.557	5.29	
902.732	33.96	
902.907	-115.54	
903.082	107.69	
903.257	-13.14	
903.432	107.69	
903.607	-7	
903.782	38.06	
903.957	-17.24	
904.132	33.96	
904.306	-27.48	
904.481	-82.77	
904.656	40.11	
904.831	79.02	
905.006	-39.76	
905.181	38.06	
905.355	-60.24	
905.53	-64.34	
905.705	-50	
905.879	15.53	
906.054	-43.86	
906.229	17.58	
906.404	-158.55	
906.578	136.36	
906.753	-13.14	
906.927	-19.29	
907.102	-23.38	
907.277	-72.53	
907.451	-9.05	
907.626	29.87	
907.8	-88.92	
907.975	-80.72	
908.149	29.87	
908.324	-78.68	
908.498	31.91	
908.673	-33.62	
908.847	1.19	
909.021	-64.34	
909.196	58.54	
909.37	9.39	
909.544	-50	
909.719	-52.05	
909.893	-158.55	
910.067	-88.92	
910.242	-52.05	
910.416	3.24	
910.59	-74.58	
910.764	-52.05	
910.939	-82.77	
911.113	-123.73	
911.287	-9.05	
911.461	50.35	
911.635	-99.16	
911.809	-0.85	
911.984	-56.15	
912.158	-74.58	
912.332	40.11	
912.506	-88.92	
912.68	-2.9	
912.854	5.29	
913.028	-35.67	
913.202	23.72	
913.376	-50	
913.55	-21.33	
913.724	40.11	
913.898	5.29	
914.071	-31.57	
914.245	23.72	
914.419	-64.34	
914.593	70.83	
914.767	-31.57	
914.941	-41.81	
915.115	-80.72	
915.288	-9.05	
915.462	76.97	
915.636	15.53	
915.81	27.82	
915.983	58.54	
916.157	-2.9	
916.331	36.01	
916.504	-2.9	
916.678	-43.86	
916.852	-37.72	
917.025	-17.24	
917.199	54.44	
917.372	109.74	
917.546	-47.96	
917.719	1.19	
917.893	-31.57	
918.066	-47.96	
918.24	-105.3	
918.413	-7	
918.587	-58.2	
918.76	-64.34	
918.934	-35.67	
919.107	7.34	
919.28	-27.48	
919.454	1.19	
919.627	1.19	
919.8	-86.87	
919.974	-11.09	
920.147	15.53	
920.32	-2.9	
920.494	-62.29	
920.667	-60.24	
920.84	-7	
921.013	44.2	
921.186	-64.34	
921.36	-31.57	
921.533	-19.29	
921.706	-19.29	
921.879	23.72	
922.052	-90.96	
922.225	17.58	
922.398	-56.15	
922.571	122.02	
922.744	27.82	
922.917	-25.43	
923.09	5.29	
923.263	-33.62	
923.436	-123.73	
923.609	-101.2	
923.782	-27.48	
923.955	25.77	
924.128	7.34	
924.301	117.93	
924.474	-19.29	
924.647	154.79	
924.819	160.94	
924.992	300.2	
925.165	457.89	
925.338	414.88	
925.511	457.89	
925.683	511.14	
925.856	433.32	
926.029	349.35	
926.201	330.92	
926.374	259.24	
926.547	181.42	
926.719	156.84	
926.892	140.46	
927.065	177.32	
927.237	177.32	
927.41	179.37	
927.582	-33.62	
927.755	101.55	
927.927	89.26	
928.1	33.96	
928.272	48.3	
928.445	21.67	
928.617	99.5	
928.79	52.39	
928.962	33.96	
929.134	87.21	
929.307	-82.77	
929.479	-25.43	
929.651	54.44	
929.824	81.07	
929.996	79.02	
930.168	29.87	
930.341	40.11	
930.513	15.53	
930.685	27.82	
930.857	-90.96	
931.029	-19.29	
931.202	15.53	
931.374	-27.48	
931.546	-9.05	
931.718	-25.43	
931.89	17.58	
932.062	7.34	
932.234	-7	
932.406	13.48	
932.578	-35.67	
932.75	-35.67	
932.922	-58.2	
933.094	7.34	
933.266	-45.91	
933.438	-50	
933.61	38.06	
933.782	25.77	
933.954	-52.05	
934.126	-13.14	
934.298	-35.67	
934.47	-15.19	
934.641	-56.15	
934.813	-72.53	
934.985	-7	
935.157	-4.95	
935.329	1.19	
935.5	-72.53	
935.672	13.48	
935.844	-86.87	
936.015	46.25	
936.187	-47.96	
936.359	-68.44	
936.53	-43.86	
936.702	-31.57	
936.874	-13.14	
937.045	52.39	
937.217	-9.05	
937.388	-47.96	
937.56	58.54	
937.731	-13.14	
937.903	5.29	
938.074	23.72	
938.246	-29.52	
938.417	-4.95	
938.588	-70.48	
938.76	89.26	
938.931	-125.78	
939.103	-43.86	
939.274	-43.86	
939.445	-27.48	
939.617	19.63	
939.788	-76.63	
939.959	-58.2	
940.13	44.2	
940.302	19.63	
940.473	-97.11	
940.644	-19.29	
940.815	-50	
940.987	-72.53	
941.158	-35.67	
941.329	-72.53	
941.5	17.58	
941.671	23.72	
941.842	-95.06	
942.013	-27.48	
942.184	-50	
942.355	15.53	
942.526	13.48	
942.697	-9.05	
942.868	-31.57	
943.039	-9.05	
943.21	-45.91	
943.381	5.29	
943.552	-9.05	
943.723	107.69	
943.894	-64.34	
944.065	-64.34	
944.235	-19.29	
944.406	-105.3	
944.577	33.96	
944.748	-15.19	
944.919	-21.33	
945.089	-11.09	
945.26	-0.85	
945.431	-170.83	
945.601	-90.96	
945.772	31.91	
945.943	-80.72	
946.113	-25.43	
946.284	-11.09	
946.455	-37.72	
946.625	-23.38	
946.796	-64.34	
946.966	-23.38	
947.137	-80.72	
947.307	-78.68	
947.478	-19.29	
947.648	-23.38	
947.819	-82.77	
947.989	-84.82	
948.16	-31.57	
948.33	-0.85	
948.5	-17.24	
948.671	-52.05	
948.841	-17.24	
949.012	-2.9	
949.182	-50	
949.352	-74.58	
949.522	-17.24	
949.693	83.11	
949.863	-41.81	
950.033	44.2	
950.203	-41.81	
950.374	-11.09	
950.544	31.91	
950.714	29.87	
950.884	-33.62	
951.054	-60.24	
951.224	21.67	
951.394	-19.29	
951.564	5.29	
951.735	-7	
951.905	-62.29	
952.075	-95.06	
952.245	23.72	
952.415	-47.96	
952.585	-7	
952.754	44.2	
952.924	-31.57	
953.094	-52.05	
953.264	-99.16	
953.434	-29.52	
953.604	-27.48	
953.774	-68.44	
953.944	23.72	
954.113	1.19	
954.283	-90.96	
954.453	-9.05	
954.623	-43.86	
954.792	-47.96	
954.962	-43.86	
955.132	-7	
955.302	-97.11	
955.471	-76.63	
955.641	21.67	
955.81	27.82	
955.98	1.19	
956.15	-27.48	
956.319	85.16	
956.489	19.63	
956.658	-60.24	
956.828	17.58	
956.997	44.2	
957.167	-43.86	
957.336	42.15	
957.506	21.67	
957.675	-97.11	
957.845	-72.53	
958.014	5.29	
958.183	-31.57	
958.353	-74.58	
958.522	-76.63	
958.691	81.07	
958.861	-101.2	
959.03	-11.09	
959.199	-105.3	
959.368	29.87	
959.538	-7	
959.707	-7	
959.876	25.77	
960.045	-7	
960.214	31.91	
960.383	-2.9	
960.553	-39.76	
960.722	-35.67	
960.891	5.29	
961.06	91.31	
961.229	-50	
961.398	-88.92	
961.567	54.44	
961.736	-43.86	
961.905	-35.67	
962.074	-47.96	
962.243	97.45	
962.412	85.16	
962.581	1.19	
962.75	81.07	
962.918	-101.2	
963.087	9.39	
963.256	-2.9	
963.425	13.48	
963.594	38.06	
963.763	36.01	
963.931	-66.39	
964.1	-41.81	
964.269	-23.38	
964.437	-2.9	
964.606	-7	
964.775	-103.25	
964.943	56.49	
965.112	1.19	
965.281	-35.67	
965.449	-23.38	
965.618	-68.44	
965.786	5.29	
965.955	-0.85	
966.124	-54.1	
966.292	1.19	
966.461	-52.05	
966.629	-15.19	
966.797	-47.96	
966.966	-52.05	
967.134	52.39	
967.303	-95.06	
967.471	-15.19	
967.639	25.77	
967.808	7.34	
967.976	-68.44	
968.144	-13.14	
968.313	-19.29	
968.481	15.53	
968.649	66.73	
968.817	-90.96	
968.986	40.11	
969.154	-80.72	
969.322	-2.9	
969.49	-37.72	
969.658	-82.77	
969.827	-84.82	
969.995	1.19	
970.163	1.19	
970.331	-47.96	
970.499	-52.05	
970.667	64.68	
970.835	15.53	
971.003	19.63	
971.171	11.43	
971.339	54.44	
971.507	-64.34	
971.675	-23.38	
971.843	-39.76	
972.011	25.77	
972.178	54.44	
972.346	-19.29	
972.514	-90.96	
972.682	-47.96	
972.85	-11.09	
973.018	-56.15	
973.185	-15.19	
973.353	42.15	
973.521	-68.44	
973.689	-7	
973.856	-27.48	
974.024	-13.14	
974.192	-11.09	
974.359	-31.57	
974.527	50.35	
974.694	-9.05	
974.862	-7	
975.03	7.34	
975.197	17.58	
975.365	-4.95	
975.532	-72.53	
975.7	-7	
975.867	-43.86	
976.035	-21.33	
976.202	-115.54	
976.369	15.53	
976.537	-52.05	
976.704	-31.57	
976.872	-39.76	
977.039	113.83	
977.206	-52.05	
977.374	-80.72	
977.541	5.29	
977.708	66.73	
977.875	27.82	
978.043	-119.64	
978.21	-43.86	
978.377	31.91	
978.544	-125.78	
978.711	-2.9	
978.879	-19.29	
979.046	-74.58	
979.213	-0.85	
979.38	-54.1	
979.547	-2.9	
979.714	-60.24	
979.881	7.34	
980.048	13.48	
980.215	-82.77	
980.382	-111.44	
980.549	17.58	
980.716	-43.86	
980.883	-86.87	
981.05	-35.67	
981.217	54.44	
981.384	-97.11	
981.55	21.67	
981.717	126.12	
981.884	-119.64	
982.051	-52.05	
982.218	-47.96	
982.384	5.29	
982.551	-117.59	
982.718	36.01	
982.885	-148.31	
983.051	-43.86	
983.218	72.87	
983.385	-29.52	
983.551	-68.44	
983.718	-123.73	
983.885	33.96	
984.051	-95.06	
984.218	-21.33	
984.384	60.59	
984.551	17.58	
984.717	54.44	
984.884	-7	
985.05	-2.9	
985.217	-121.68	
985.383	-31.57	
985.55	-125.78	
985.716	-37.72	
985.882	29.87	
986.049	-109.4	
986.215	31.91	
986.381	15.53	
986.548	-23.38	
986.714	13.48	
986.88	1.19	
987.046	-62.29	
987.213	-21.33	
987.379	-17.24	
987.545	9.39	
987.711	-72.53	
987.877	5.29	
988.044	-27.48	
988.21	9.39	
988.376	5.29	
988.542	1.19	
988.708	66.73	
988.874	-86.87	
989.04	-0.85	
989.206	-125.78	
989.372	-27.48	
989.538	-93.01	
989.704	-9.05	
989.87	-33.62	
990.036	-7	
990.202	48.3	
990.368	-133.97	
990.534	5.29	
990.699	-52.05	
990.865	-15.19	
991.031	-25.43	
991.197	-43.86	
991.363	-47.96	
991.528	-19.29	
991.694	-54.1	
991.86	-21.33	
992.025	-0.85	
992.191	-4.95	
992.357	-2.9	
992.522	-54.1	
992.688	-15.19	
992.854	-121.68	
993.019	79.02	
993.185	-47.96	
993.35	-82.77	
993.516	-60.24	
993.681	-64.34	
993.847	21.67	
994.012	-31.57	
994.178	-66.39	
994.343	-4.95	
994.509	42.15	
994.674	-43.86	
994.84	-19.29	
995.005	-9.05	
995.17	-54.1	
995.336	-31.57	
995.501	9.39	
995.666	-74.58	
995.831	-82.77	
995.997	5.29	
996.162	-17.24	
996.327	154.79	
996.492	13.48	
996.658	-25.43	
996.823	-119.64	
996.988	-80.72	
997.153	54.44	
997.318	-64.34	
997.483	-60.24	
997.648	-158.55	
997.813	-11.09	
997.978	31.91	
998.143	-52.05	
998.308	-21.33	
998.473	-21.33	
998.638	70.83	
998.803	42.15	
998.968	-107.35	
999.133	-35.67	
999.298	-0.85	
999.463	-2.9	
999.628	-78.68	
999.793	46.25	
999.957	38.06	
1000.122	-29.52	
1000.287	-90.96	
1000.452	-27.48	
1000.616	-56.15	
1000.781	-33.62	
1000.946	97.45	
1001.111	-23.38	
1001.275	1.19	
1001.44	-17.24	
1001.604	-17.24	
1001.769	48.3	
1001.934	-43.86	
1002.098	-99.16	
1002.263	-33.62	
1002.427	-58.2	
1002.592	173.22	
1002.756	-99.16	
1002.921	-7	
1003.085	-41.81	
1003.25	11.43	
1003.414	-37.72	
1003.579	-35.67	
1003.743	-25.43	
1003.907	-2.9	
1004.072	-4.95	
1004.236	91.31	
1004.4	-43.86	
1004.565	5.29	
1004.729	-70.48	
1004.893	11.43	
1005.057	-47.96	
1005.222	-86.87	
1005.386	-31.57	
1005.55	-66.39	
1005.714	-84.82	
1005.878	31.91	
1006.042	-68.44	
1006.206	-50	
1006.371	44.2	
1006.535	40.11	
1006.699	-121.68	
1006.863	-25.43	
1007.027	19.63	
1007.191	54.44	
1007.355	-58.2	
1007.519	-19.29	
1007.683	-25.43	
1007.847	29.87	
1008.01	13.48	
1008.174	50.35	
1008.338	-76.63	
1008.502	-60.24	
1008.666	19.63	
1008.83	40.11	
1008.993	-9.05	
1009.157	-29.52	
1009.321	23.72	
1009.485	-52.05	
1009.648	-7	
1009.812	1.19	
1009.976	-105.3	
1010.139	-97.11	
1010.303	23.72	
1010.467	-101.2	
1010.63	-19.29	
1010.794	-17.24	
1010.957	-2.9	
1011.121	85.16	
1011.285	124.07	
1011.448	25.77	
1011.612	17.58	
1011.775	27.82	
1011.938	-27.48	
1012.102	21.67	
1012.265	-82.77	
1012.429	-76.63	
1012.592	31.91	
1012.755	-47.96	
1012.919	72.87	
1013.082	3.24	
1013.245	1.19	
1013.409	-27.48	
1013.572	-19.29	
1013.735	-23.38	
1013.898	87.21	
1014.062	-101.2	
1014.225	52.39	
1014.388	9.39	
1014.551	-129.88	
1014.714	58.54	
1014.877	40.11	
1015.041	91.31	
1015.204	-9.05	
1015.367	-111.44	
1015.53	111.78	
1015.693	-43.86	
1015.856	-23.38	
1016.019	-142.16	
1016.182	-64.34	
1016.345	31.91	
1016.508	-43.86	
1016.67	-62.29	
1016.833	-72.53	
1016.996	58.54	
1017.159	-86.87	
1017.322	-35.67	
1017.485	17.58	
1017.648	-39.76	
1017.81	-88.92	
1017.973	-148.31	
1018.136	-62.29	
1018.298	-66.39	
1018.461	-78.68	
1018.624	-25.43	
1018.787	-2.9	
1018.949	-7	
1019.112	-101.2	
1019.274	-35.67	
1019.437	-19.29	
1019.6	-60.24	
1019.762	-35.67	
1019.925	-39.76	
1020.087	-19.29	
1020.25	29.87	
1020.412	-2.9	
1020.575	-0.85	
1020.737	-17.24	
1020.899	-11.09	
1021.062	-107.35	
1021.224	-43.86	
1021.387	76.97	
1021.549	-76.63	
1021.711	38.06	
1021.874	54.44	
1022.036	38.06	
1022.198	79.02	
1022.36	-15.19	
1022.523	-23.38	
1022.685	-41.81	
1022.847	1.19	
1023.009	-21.33	
1023.171	-35.67	
1023.333	-107.35	
1023.496	-39.76	
1023.658	42.15	
1023.82	144.55	
1023.982	31.91	
1024.144	-50	
1024.306	-84.82	
1024.468	-60.24	
1024.63	17.58	
1024.792	-43.86	
1024.954	-101.2	
1025.116	-4.95	
1025.278	27.82	
1025.44	-11.09	
1025.601	-76.63	
1025.763	-15.19	
1025.925	-64.34	
1026.087	33.96	
1026.249	7.34	
1026.41	-37.72	
1026.572	66.73	
1026.734	-19.29	
1026.896	3.24	
1027.057	-82.77	
1027.219	9.39	
1027.381	-43.86	
1027.542	-43.86	
1027.704	-62.29	
1027.866	-39.76	
1028.027	-23.38	
1028.189	-60.24	
1028.35	-39.76	
1028.512	-80.72	
1028.673	-35.67	
1028.835	-35.67	
1028.996	23.72	
1029.158	31.91	
1029.319	-82.77	
1029.481	-82.77	
1029.642	-9.05	
1029.803	-11.09	
1029.965	42.15	
1030.126	-72.53	
1030.287	-95.06	
1030.449	46.25	
1030.61	-88.92	
1030.771	-33.62	
1030.933	-2.9	
1031.094	-47.96	
1031.255	-66.39	
1031.416	93.35	
1031.577	-117.59	
1031.738	-21.33	
1031.9	36.01	
1032.061	-99.16	
1032.222	-54.1	
1032.383	-93.01	
1032.544	-31.57	
1032.705	58.54	
1032.866	-39.76	
1033.027	-50	
1033.188	-27.48	
1033.349	-90.96	
1033.51	-13.14	
1033.671	27.82	
1033.832	-21.33	
1033.993	-78.68	
1034.153	-82.77	
1034.314	17.58	
1034.475	70.83	
1034.636	-82.77	
1034.797	-52.05	
1034.957	-62.29	
1035.118	27.82	
1035.279	-62.29	
1035.44	17.58	
1035.6	-35.67	
1035.761	-47.96	
1035.922	-66.39	
1036.082	-74.58	
1036.243	33.96	
1036.404	-41.81	
1036.564	-129.88	
1036.725	-25.43	
1036.885	-95.06	
1037.046	-62.29	
1037.206	-93.01	
1037.367	-19.29	
1037.527	-13.14	
1037.688	-88.92	
1037.848	25.77	
1038.008	-17.24	
1038.169	-133.97	
