USB4E00404_1:101		
345.868	-192.34	
346.082	-192.34	
346.296	-192.34	
346.51	-233.3	
346.724	-239.44	
346.937	-36.69	
347.151	-55.12	
347.365	71.85	
347.579	110.76	
347.793	37.03	
348.006	4.27	
348.22	-44.88	
348.434	41.13	
348.648	-18.26	
348.861	-65.36	
349.075	-18.26	
349.289	-26.45	
349.502	-51.03	
349.716	-22.36	
349.93	106.67	
350.143	102.57	
350.357	14.51	
350.571	-12.12	
350.784	75.95	
350.998	12.46	
351.212	61.61	
351.425	-96.08	
351.639	-24.4	
351.852	10.41	
352.066	82.09	
352.28	-55.12	
352.493	114.86	
352.707	-48.98	
352.92	8.36	
353.134	34.99	
353.347	43.18	
353.561	34.99	
353.774	-20.31	
353.988	24.75	
354.201	-5.97	
354.415	49.32	
354.628	-1.88	
354.841	-38.74	
355.055	-34.64	
355.268	-12.12	
355.482	-12.12	
355.695	-75.6	
355.908	-36.69	
356.122	16.55	
356.335	-89.94	
356.549	16.55	
356.762	-48.98	
356.975	-26.45	
357.189	20.65	
357.402	-81.75	
357.615	-32.6	
357.828	39.08	
358.042	-12.12	
358.255	-36.69	
358.468	-8.02	
358.682	-122.71	
358.895	-44.88	
359.108	-51.03	
359.321	-18.26	
359.534	2.22	
359.748	-46.93	
359.961	90.28	
360.174	32.94	
360.387	106.67	
360.6	-12.12	
360.813	18.6	
361.027	116.9	
361.24	-38.74	
361.453	6.31	
361.666	-112.47	
361.879	-81.75	
362.092	-40.79	
362.305	2.22	
362.518	2.22	
362.731	57.51	
362.944	6.31	
363.157	-81.75	
363.37	-20.31	
363.583	-22.36	
363.796	14.51	
364.009	-100.18	
364.222	-55.12	
364.435	30.89	
364.648	45.23	
364.861	-44.88	
365.074	-44.88	
365.287	-14.17	
365.5	-32.6	
365.713	-24.4	
365.926	90.28	
366.139	-1.88	
366.352	-10.07	
366.564	-73.56	
366.777	34.99	
366.99	47.27	
367.203	-116.56	
367.416	-22.36	
367.629	-36.69	
367.841	-24.4	
368.054	18.6	
368.267	-32.6	
368.48	-32.6	
368.693	-36.69	
368.905	4.27	
369.118	24.75	
369.331	10.41	
369.544	-89.94	
369.756	98.47	
369.969	-106.32	
370.182	-73.56	
370.394	-40.79	
370.607	-79.7	
370.82	-46.93	
371.032	32.94	
371.245	-110.42	
371.458	-75.6	
371.67	-61.27	
371.883	-10.07	
372.095	-89.94	
372.308	-85.84	
372.52	30.89	
372.733	69.8	
372.946	-73.56	
373.158	-14.17	
373.371	-14.17	
373.583	-77.65	
373.796	14.51	
374.008	-53.08	
374.221	-14.17	
374.433	-91.99	
374.646	-14.17	
374.858	100.52	
375.071	45.23	
375.283	-38.74	
375.495	-44.88	
375.708	8.36	
375.92	-18.26	
376.133	-122.71	
376.345	-102.23	
376.557	-14.17	
376.77	51.37	
376.982	77.99	
377.194	-94.04	
377.407	-77.65	
377.619	8.36	
377.831	-42.84	
378.044	57.51	
378.256	-3.93	
378.468	-75.6	
378.68	-32.6	
378.893	-12.12	
379.105	-51.03	
379.317	-28.5	
379.529	-53.08	
379.742	37.03	
379.954	-26.45	
380.166	-32.6	
380.378	-12.12	
380.59	-20.31	
380.803	-32.6	
381.015	-63.32	
381.227	41.13	
381.439	284.84	
381.651	49.32	
381.863	-53.08	
382.075	4.27	
382.287	-48.98	
382.499	18.6	
382.712	45.23	
382.924	-30.55	
383.136	57.51	
383.348	-130.9	
383.56	-20.31	
383.772	-26.45	
383.984	-94.04	
384.196	18.6	
384.408	-26.45	
384.62	22.7	
384.832	77.99	
385.044	-12.12	
385.255	-16.21	
385.467	22.7	
385.679	80.04	
385.891	-22.36	
386.103	-3.93	
386.315	-94.04	
386.527	-63.32	
386.739	-137.04	
386.951	63.66	
387.162	-20.31	
387.374	-20.31	
387.586	20.65	
387.798	-5.97	
388.01	34.99	
388.221	-18.26	
388.433	-3.93	
388.645	-34.64	
388.857	-100.18	
389.069	-63.32	
389.28	-1.88	
389.492	-16.21	
389.704	-30.55	
389.915	-3.93	
390.127	28.84	
390.339	-48.98	
390.55	-44.88	
390.762	-55.12	
390.974	69.8	
391.185	-57.17	
391.397	-75.6	
391.609	-48.98	
391.82	-3.93	
392.032	-34.64	
392.243	8.36	
392.455	-44.88	
392.667	-32.6	
392.878	-30.55	
393.09	-163.67	
393.301	28.84	
393.513	10.41	
393.724	-10.07	
393.936	-26.45	
394.147	-51.03	
394.359	-18.26	
394.57	-122.71	
394.782	-48.98	
394.993	18.6	
395.204	-22.36	
395.416	45.23	
395.627	-5.97	
395.839	20.65	
396.05	20.65	
396.261	-20.31	
396.473	-69.46	
396.684	16.55	
396.896	6.31	
397.107	-28.5	
397.318	-8.02	
397.529	-8.02	
397.741	0.17	
397.952	-1.88	
398.163	63.66	
398.375	80.04	
398.586	-12.12	
398.797	0.17	
399.008	-79.7	
399.22	63.66	
399.431	37.03	
399.642	24.75	
399.853	-51.03	
400.064	43.18	
400.276	61.61	
400.487	-22.36	
400.698	-28.5	
400.909	20.65	
401.12	-55.12	
401.331	-73.56	
401.542	59.56	
401.754	-38.74	
401.965	71.85	
402.176	59.56	
402.387	4.27	
402.598	-42.84	
402.809	-46.93	
403.02	-53.08	
403.231	-67.41	
403.442	-32.6	
403.653	-5.97	
403.864	6.31	
404.075	-57.17	
404.286	10.41	
404.497	28.84	
404.708	84.14	
404.919	-116.56	
405.13	0.17	
405.341	4.27	
405.551	43.18	
405.762	16.55	
405.973	-77.65	
406.184	-94.04	
406.395	-16.21	
406.606	53.42	
406.817	-10.07	
407.027	-36.69	
407.238	-30.55	
407.449	-8.02	
407.66	-26.45	
407.871	-3.93	
408.081	30.89	
408.292	49.32	
408.503	-77.65	
408.714	-14.17	
408.924	-69.46	
409.135	41.13	
409.346	-5.97	
409.556	-8.02	
409.767	-12.12	
409.978	-30.55	
410.188	65.71	
410.399	-30.55	
410.61	-34.64	
410.82	0.17	
411.031	-18.26	
411.242	-24.4	
411.452	-30.55	
411.663	-57.17	
411.873	43.18	
412.084	98.47	
412.295	-8.02	
412.505	-69.46	
412.716	-40.79	
412.926	28.84	
413.137	-102.23	
413.347	4.27	
413.558	65.71	
413.768	-53.08	
413.979	-5.97	
414.189	20.65	
414.399	-18.26	
414.61	-69.46	
414.82	-14.17	
415.031	14.51	
415.241	-36.69	
415.451	24.75	
415.662	43.18	
415.872	-5.97	
416.083	-10.07	
416.293	-40.79	
416.503	4.27	
416.714	-36.69	
416.924	20.65	
417.134	-16.21	
417.344	57.51	
417.555	37.03	
417.765	-151.38	
417.975	20.65	
418.186	-38.74	
418.396	41.13	
418.606	-61.27	
418.816	2.22	
419.026	30.89	
419.237	34.99	
419.447	16.55	
419.657	6.31	
419.867	-10.07	
420.077	18.6	
420.287	127.14	
420.497	-57.17	
420.708	45.23	
420.918	-53.08	
421.128	30.89	
421.338	-96.08	
421.548	26.79	
421.758	-61.27	
421.968	-28.5	
422.178	34.99	
422.388	-40.79	
422.598	-18.26	
422.808	-14.17	
423.018	77.99	
423.228	-24.4	
423.438	22.7	
423.648	-26.45	
423.858	77.99	
424.068	-32.6	
424.278	32.94	
424.488	-57.17	
424.698	57.51	
424.907	-12.12	
425.117	-48.98	
425.327	-44.88	
425.537	-55.12	
425.747	2.22	
425.957	73.9	
426.167	53.42	
426.376	86.19	
426.586	-51.03	
426.796	-91.99	
427.006	4.27	
427.216	49.32	
427.425	-91.99	
427.635	-83.8	
427.845	28.84	
428.054	-57.17	
428.264	14.51	
428.474	-22.36	
428.684	125.1	
428.893	-20.31	
429.103	-38.74	
429.313	26.79	
429.522	-44.88	
429.732	-53.08	
429.941	102.57	
430.151	12.46	
430.361	24.75	
430.57	47.27	
430.78	51.37	
430.989	-42.84	
431.199	32.94	
431.409	-40.79	
431.618	-28.5	
431.828	-77.65	
432.037	-67.41	
432.247	-28.5	
432.456	-100.18	
432.666	-3.93	
432.875	77.99	
433.084	63.66	
433.294	-73.56	
433.503	16.55	
433.713	6.31	
433.922	45.23	
434.132	-77.65	
434.341	-12.12	
434.55	-63.32	
434.76	-8.02	
434.969	-77.65	
435.178	-44.88	
435.388	47.27	
435.597	-77.65	
435.806	-28.5	
436.016	-143.19	
436.225	-89.94	
436.434	24.75	
436.643	-51.03	
436.853	-14.17	
437.062	-16.21	
437.271	43.18	
437.48	-40.79	
437.69	-145.24	
437.899	-85.84	
438.108	57.51	
438.317	-108.37	
438.526	-42.84	
438.735	0.17	
438.945	-44.88	
439.154	53.42	
439.363	-87.89	
439.572	-10.07	
439.781	-96.08	
439.99	22.7	
440.199	55.47	
440.408	69.8	
440.617	-12.12	
440.826	-10.07	
441.035	-16.21	
441.244	-12.12	
441.453	34.99	
441.662	-89.94	
441.871	-1.88	
442.08	-8.02	
442.289	-16.21	
442.498	-71.51	
442.707	-5.97	
442.916	4.27	
443.125	-18.26	
443.334	-40.79	
443.543	-28.5	
443.752	51.37	
443.961	45.23	
444.169	24.75	
444.378	12.46	
444.587	-18.26	
444.796	39.08	
445.005	-8.02	
445.213	37.03	
445.422	47.27	
445.631	55.47	
445.84	-67.41	
446.049	-42.84	
446.257	-100.18	
446.466	-26.45	
446.675	-122.71	
446.883	12.46	
447.092	53.42	
447.301	34.99	
447.51	34.99	
447.718	20.65	
447.927	-91.99	
448.135	12.46	
448.344	-40.79	
448.553	-65.36	
448.761	-24.4	
448.97	-36.69	
449.179	-116.56	
449.387	-1.88	
449.596	-12.12	
449.804	-69.46	
450.013	86.19	
450.221	20.65	
450.43	65.71	
450.638	20.65	
450.847	-26.45	
451.055	-40.79	
451.264	-18.26	
451.472	53.42	
451.681	-24.4	
451.889	24.75	
452.097	-34.64	
452.306	-18.26	
452.514	-73.56	
452.723	0.17	
452.931	-36.69	
453.139	77.99	
453.348	26.79	
453.556	-141.14	
453.764	20.65	
453.973	2.22	
454.181	-20.31	
454.389	28.84	
454.598	37.03	
454.806	-51.03	
455.014	14.51	
455.222	-69.46	
455.431	-85.84	
455.639	-44.88	
455.847	4.27	
456.055	10.41	
456.264	-46.93	
456.472	0.17	
456.68	26.79	
456.888	-42.84	
457.096	4.27	
457.304	-14.17	
457.512	-1.88	
457.721	-48.98	
457.929	34.99	
458.137	-5.97	
458.345	106.67	
458.553	-12.12	
458.761	45.23	
458.969	2.22	
459.177	28.84	
459.385	-104.28	
459.593	123.05	
459.801	45.23	
460.009	-94.04	
460.217	4.27	
460.425	-44.88	
460.633	71.85	
460.841	-28.5	
461.049	-10.07	
461.257	-32.6	
461.465	-53.08	
461.673	4.27	
461.88	-75.6	
462.088	-59.22	
462.296	53.42	
462.504	-14.17	
462.712	-8.02	
462.92	47.27	
463.127	-30.55	
463.335	-22.36	
463.543	18.6	
463.751	-48.98	
463.959	24.75	
464.166	-69.46	
464.374	-55.12	
464.582	10.41	
464.79	22.7	
464.997	96.43	
465.205	-3.93	
465.413	-67.41	
465.62	37.03	
465.828	-104.28	
466.036	32.94	
466.243	-40.79	
466.451	6.31	
466.658	-28.5	
466.866	-73.56	
467.074	-40.79	
467.281	-51.03	
467.489	8.36	
467.696	-104.28	
467.904	-30.55	
468.111	45.23	
468.319	51.37	
468.527	-91.99	
468.734	57.51	
468.942	-36.69	
469.149	-28.5	
469.356	-16.21	
469.564	-51.03	
469.771	-16.21	
469.979	-8.02	
470.186	6.31	
470.394	-77.65	
470.601	12.46	
470.808	4.27	
471.016	-108.37	
471.223	-1.88	
471.43	55.47	
471.638	-10.07	
471.845	39.08	
472.052	20.65	
472.26	-28.5	
472.467	26.79	
472.674	-81.75	
472.882	-118.61	
473.089	-87.89	
473.296	47.27	
473.503	-81.75	
473.711	-34.64	
473.918	-18.26	
474.125	-12.12	
474.332	20.65	
474.539	-28.5	
474.746	45.23	
474.954	-32.6	
475.161	-106.32	
475.368	39.08	
475.575	39.08	
475.782	37.03	
475.989	2.22	
476.196	16.55	
476.403	-65.36	
476.61	-143.19	
476.817	-67.41	
477.024	-44.88	
477.231	-18.26	
477.438	55.47	
477.645	-1.88	
477.852	32.94	
478.059	-46.93	
478.266	92.33	
478.473	6.31	
478.68	-51.03	
478.887	77.99	
479.094	-87.89	
479.301	39.08	
479.508	-55.12	
479.715	-83.8	
479.922	77.99	
480.129	-79.7	
480.335	-69.46	
480.542	20.65	
480.749	22.7	
480.956	-48.98	
481.163	-18.26	
481.369	-48.98	
481.576	24.75	
481.783	-51.03	
481.99	-5.97	
482.196	-10.07	
482.403	-34.64	
482.61	-36.69	
482.817	37.03	
483.023	0.17	
483.23	-128.85	
483.437	22.7	
483.643	-10.07	
483.85	-51.03	
484.057	96.43	
484.263	-46.93	
484.47	18.6	
484.676	22.7	
484.883	-12.12	
485.09	22.7	
485.296	43.18	
485.503	77.99	
485.709	45.23	
485.916	59.56	
486.122	6.31	
486.329	-14.17	
486.535	-83.8	
486.742	-75.6	
486.948	41.13	
487.155	-151.38	
487.361	-32.6	
487.567	4.27	
487.774	-112.47	
487.98	0.17	
488.187	-85.84	
488.393	0.17	
488.599	8.36	
488.806	-22.36	
489.012	-36.69	
489.219	-8.02	
489.425	2.22	
489.631	28.84	
489.837	-122.71	
490.044	24.75	
490.25	-85.84	
490.456	-96.08	
490.663	16.55	
490.869	-32.6	
491.075	-18.26	
491.281	0.17	
491.487	-3.93	
491.694	-30.55	
491.9	0.17	
492.106	-10.07	
492.312	-77.65	
492.518	-1.88	
492.724	26.79	
492.931	-118.61	
493.137	-141.14	
493.343	16.55	
493.549	20.65	
493.755	26.79	
493.961	-26.45	
494.167	-89.94	
494.373	4.27	
494.579	-118.61	
494.785	-116.56	
494.991	-75.6	
495.197	-59.22	
495.403	-104.28	
495.609	-28.5	
495.815	-12.12	
496.021	55.47	
496.227	-36.69	
496.433	-34.64	
496.639	-51.03	
496.845	-22.36	
497.05	73.9	
497.256	-51.03	
497.462	-137.04	
497.668	20.65	
497.874	41.13	
498.08	-18.26	
498.286	-10.07	
498.491	-14.17	
498.697	8.36	
498.903	-12.12	
499.109	-63.32	
499.314	-98.13	
499.52	18.6	
499.726	-3.93	
499.932	-1.88	
500.137	-20.31	
500.343	-1.88	
500.549	-55.12	
500.754	-53.08	
500.96	86.19	
501.166	-81.75	
501.371	12.46	
501.577	-46.93	
501.782	32.94	
501.988	45.23	
502.194	-32.6	
502.399	0.17	
502.605	2.22	
502.81	-98.13	
503.016	4.27	
503.221	-59.22	
503.427	-102.23	
503.632	-36.69	
503.838	125.1	
504.043	-1.88	
504.249	77.99	
504.454	-65.36	
504.66	-55.12	
504.865	-16.21	
505.071	75.95	
505.276	-89.94	
505.481	-34.64	
505.687	-71.51	
505.892	80.04	
506.097	-38.74	
506.303	-94.04	
506.508	-18.26	
506.713	-81.75	
506.919	37.03	
507.124	-55.12	
507.329	55.47	
507.535	-57.17	
507.74	-73.56	
507.945	-28.5	
508.15	12.46	
508.356	139.43	
508.561	-22.36	
508.766	-1.88	
508.971	-141.14	
509.176	14.51	
509.381	-28.5	
509.587	-18.26	
509.792	-20.31	
509.997	-40.79	
510.202	-18.26	
510.407	-40.79	
510.612	37.03	
510.817	-3.93	
511.022	41.13	
511.227	20.65	
511.432	-153.43	
511.637	-18.26	
511.842	-30.55	
512.047	-46.93	
512.252	-73.56	
512.457	-100.18	
512.662	12.46	
512.867	-75.6	
513.072	0.17	
513.277	-22.36	
513.482	-83.8	
513.687	102.57	
513.892	57.51	
514.097	-8.02	
514.302	-32.6	
514.507	-5.97	
514.711	49.32	
514.916	-34.64	
515.121	-32.6	
515.326	0.17	
515.531	-96.08	
515.735	-26.45	
515.94	-51.03	
516.145	-26.45	
516.35	-16.21	
516.554	-22.36	
516.759	-53.08	
516.964	2.22	
517.169	-53.08	
517.373	80.04	
517.578	-10.07	
517.783	104.62	
517.987	-26.45	
518.192	-67.41	
518.396	32.94	
518.601	-36.69	
518.806	121	
519.01	10.41	
519.215	-12.12	
519.419	28.84	
519.624	77.99	
519.829	-75.6	
520.033	-14.17	
520.238	-3.93	
520.442	-79.7	
520.647	114.86	
520.851	4.27	
521.055	24.75	
521.26	-8.02	
521.464	114.86	
521.669	14.51	
521.873	-100.18	
522.078	-147.28	
522.282	-73.56	
522.486	-28.5	
522.691	-28.5	
522.895	28.84	
523.099	-77.65	
523.304	-3.93	
523.508	-26.45	
523.712	-48.98	
523.917	-16.21	
524.121	-34.64	
524.325	-24.4	
524.53	-20.31	
524.734	-46.93	
524.938	12.46	
525.142	-46.93	
525.346	-91.99	
525.551	-18.26	
525.755	47.27	
525.959	-85.84	
526.163	-32.6	
526.367	-46.93	
526.571	-8.02	
526.776	-57.17	
526.98	-40.79	
527.184	-65.36	
527.388	45.23	
527.592	4.27	
527.796	-81.75	
528	-20.31	
528.204	-28.5	
528.408	-102.23	
528.612	4.27	
528.816	-77.65	
529.02	-48.98	
529.224	-55.12	
529.428	-94.04	
529.632	-20.31	
529.836	-69.46	
530.04	-14.17	
530.244	-24.4	
530.448	-3.93	
530.652	-75.6	
530.855	-53.08	
531.059	22.7	
531.263	6.31	
531.467	-61.27	
531.671	-16.21	
531.875	-34.64	
532.078	94.38	
532.282	28.84	
532.486	45.23	
532.69	-14.17	
532.893	-34.64	
533.097	61.61	
533.301	-38.74	
533.505	-18.26	
533.708	-85.84	
533.912	34.99	
534.116	-77.65	
534.319	-30.55	
534.523	-18.26	
534.727	53.42	
534.93	-87.89	
535.134	26.79	
535.338	-51.03	
535.541	-71.51	
535.745	-61.27	
535.948	-30.55	
536.152	80.04	
536.355	-51.03	
536.559	49.32	
536.762	-67.41	
536.966	-12.12	
537.169	-14.17	
537.373	-83.8	
537.576	-96.08	
537.78	-36.69	
537.983	-36.69	
538.187	-91.99	
538.39	-38.74	
538.593	-28.5	
538.797	-1.88	
539	-36.69	
539.204	16.55	
539.407	-12.12	
539.61	-1.88	
539.814	-16.21	
540.017	4.27	
540.22	-53.08	
540.424	-63.32	
540.627	-46.93	
540.83	-20.31	
541.033	-24.4	
541.237	14.51	
541.44	-61.27	
541.643	-46.93	
541.846	-53.08	
542.049	-18.26	
542.253	-12.12	
542.456	-1.88	
542.659	4.27	
542.862	-12.12	
543.065	-26.45	
543.268	61.61	
543.471	-34.64	
543.674	-44.88	
543.878	-28.5	
544.081	-10.07	
544.284	-98.13	
544.487	-51.03	
544.69	-94.04	
544.893	10.41	
545.096	20.65	
545.299	-40.79	
545.502	-53.08	
545.705	-81.75	
545.908	-75.6	
546.111	6.31	
546.314	-61.27	
546.516	32.94	
546.719	-85.84	
546.922	-46.93	
547.125	-22.36	
547.328	69.8	
547.531	4.27	
547.734	-1.88	
547.936	20.65	
548.139	-75.6	
548.342	55.47	
548.545	-12.12	
548.748	-48.98	
548.95	-16.21	
549.153	-77.65	
549.356	-8.02	
549.559	-8.02	
549.761	-36.69	
549.964	-5.97	
550.167	-67.41	
550.369	-24.4	
550.572	-87.89	
550.775	34.99	
550.977	-110.42	
551.18	-100.18	
551.383	-57.17	
551.585	6.31	
551.788	-67.41	
551.99	104.62	
552.193	61.61	
552.396	-16.21	
552.598	-32.6	
552.801	-81.75	
553.003	-38.74	
553.206	-44.88	
553.408	-14.17	
553.611	6.31	
553.813	-118.61	
554.015	-143.19	
554.218	-26.45	
554.42	-83.8	
554.623	-28.5	
554.825	-22.36	
555.027	-79.7	
555.23	-36.69	
555.432	-81.75	
555.635	-106.32	
555.837	4.27	
556.039	-44.88	
556.242	-61.27	
556.444	-20.31	
556.646	-28.5	
556.848	-53.08	
557.051	-30.55	
557.253	24.75	
557.455	4.27	
557.657	-71.51	
557.86	20.65	
558.062	45.23	
558.264	-16.21	
558.466	57.51	
558.668	-57.17	
558.87	-20.31	
559.073	-46.93	
559.275	-69.46	
559.477	-53.08	
559.679	-77.65	
559.881	-16.21	
560.083	14.51	
560.285	-190.29	
560.487	-69.46	
560.689	-8.02	
560.891	-55.12	
561.093	41.13	
561.295	-8.02	
561.497	-5.97	
561.699	-3.93	
561.901	32.94	
562.103	-57.17	
562.305	-61.27	
562.507	-42.84	
562.709	-5.97	
562.911	-42.84	
563.113	-1.88	
563.314	-22.36	
563.516	-46.93	
563.718	-16.21	
563.92	-32.6	
564.122	30.89	
564.323	-116.56	
564.525	82.09	
564.727	-112.47	
564.929	22.7	
565.131	-51.03	
565.332	75.95	
565.534	-30.55	
565.736	-34.64	
565.937	-85.84	
566.139	-98.13	
566.341	-5.97	
566.542	-3.93	
566.744	-3.93	
566.946	28.84	
567.147	-3.93	
567.349	-55.12	
567.551	-75.6	
567.752	-75.6	
567.954	-59.22	
568.155	-14.17	
568.357	-28.5	
568.558	-83.8	
568.76	-48.98	
568.961	71.85	
569.163	-22.36	
569.364	-155.47	
569.566	-59.22	
569.767	-69.46	
569.969	-48.98	
570.17	-57.17	
570.372	-26.45	
570.573	-36.69	
570.774	4.27	
570.976	28.84	
571.177	-94.04	
571.378	-100.18	
571.58	-77.65	
571.781	-85.84	
571.982	51.37	
572.184	-30.55	
572.385	-40.79	
572.586	47.27	
572.788	94.38	
572.989	-69.46	
573.19	-48.98	
573.391	-61.27	
573.592	-22.36	
573.794	-36.69	
573.995	-75.6	
574.196	-94.04	
574.397	-10.07	
574.598	-16.21	
574.799	-51.03	
575.001	-65.36	
575.202	22.7	
575.403	2.22	
575.604	-96.08	
575.805	-28.5	
576.006	-10.07	
576.207	-167.76	
576.408	84.14	
576.609	-22.36	
576.81	-14.17	
577.011	-132.95	
577.212	8.36	
577.413	-87.89	
577.614	6.31	
577.815	-36.69	
578.016	-36.69	
578.217	39.08	
578.418	-12.12	
578.619	4.27	
578.819	45.23	
579.02	-110.42	
579.221	-22.36	
579.422	-51.03	
579.623	-89.94	
579.824	-40.79	
580.024	-32.6	
580.225	32.94	
580.426	139.43	
580.627	71.85	
580.827	26.79	
581.028	-32.6	
581.229	-65.36	
581.43	-77.65	
581.63	-12.12	
581.831	-55.12	
582.032	39.08	
582.232	-12.12	
582.433	-16.21	
582.634	-42.84	
582.834	-94.04	
583.035	-77.65	
583.235	-57.17	
583.436	-132.95	
583.636	-141.14	
583.837	-48.98	
584.038	-36.69	
584.238	12.46	
584.439	32.94	
584.639	4.27	
584.84	-28.5	
585.04	-26.45	
585.241	-30.55	
585.441	47.27	
585.641	4.27	
585.842	-67.41	
586.042	-81.75	
586.243	-3.93	
586.443	-24.4	
586.643	6.31	
586.844	53.42	
587.044	14.51	
587.244	-36.69	
587.445	-36.69	
587.645	-12.12	
587.845	-18.26	
588.046	-73.56	
588.246	37.03	
588.446	-32.6	
588.646	28.84	
588.847	-5.97	
589.047	-24.4	
589.247	-53.08	
589.447	-42.84	
589.647	-69.46	
589.847	-104.28	
590.048	-44.88	
590.248	-59.22	
590.448	-79.7	
590.648	-40.79	
590.848	-44.88	
591.048	-1.88	
591.248	-67.41	
591.448	-8.02	
591.648	20.65	
591.848	-108.37	
592.048	-28.5	
592.248	-10.07	
592.448	-8.02	
592.648	-36.69	
592.848	-61.27	
593.048	-36.69	
593.248	-14.17	
593.448	-20.31	
593.648	-28.5	
593.848	-91.99	
594.048	-32.6	
594.248	-63.32	
594.447	61.61	
594.647	-77.65	
594.847	65.71	
595.047	14.51	
595.247	57.51	
595.447	-12.12	
595.646	34.99	
595.846	24.75	
596.046	77.99	
596.246	0.17	
596.445	75.95	
596.645	-20.31	
596.845	8.36	
597.044	-38.74	
597.244	37.03	
597.444	-65.36	
597.643	-22.36	
597.843	-94.04	
598.043	-85.84	
598.242	-67.41	
598.442	-44.88	
598.641	47.27	
598.841	82.09	
599.041	12.46	
599.24	-81.75	
599.44	47.27	
599.639	-137.04	
599.839	61.61	
600.038	6.31	
600.238	-3.93	
600.437	-34.64	
600.637	-40.79	
600.836	86.19	
601.035	-3.93	
601.235	-18.26	
601.434	-28.5	
601.634	-8.02	
601.833	-63.32	
602.032	32.94	
602.232	-67.41	
602.431	30.89	
602.63	-57.17	
602.83	-71.51	
603.029	6.31	
603.228	-12.12	
603.427	-40.79	
603.627	-34.64	
603.826	8.36	
604.025	-96.08	
604.224	-48.98	
604.424	10.41	
604.623	10.41	
604.822	-59.22	
605.021	-48.98	
605.22	-53.08	
605.419	63.66	
605.618	-10.07	
605.818	-53.08	
606.017	-8.02	
606.216	-51.03	
606.415	-126.8	
606.614	2.22	
606.813	-48.98	
607.012	-67.41	
607.211	-73.56	
607.41	-8.02	
607.609	12.46	
607.808	-55.12	
608.007	-12.12	
608.206	-40.79	
608.405	-55.12	
608.604	-98.13	
608.802	26.79	
609.001	-36.69	
609.2	-79.7	
609.399	41.13	
609.598	6.31	
609.797	-94.04	
609.996	-42.84	
610.194	-100.18	
610.393	-53.08	
610.592	-36.69	
610.791	-57.17	
610.99	4.27	
611.188	2.22	
611.387	-16.21	
611.586	-63.32	
611.784	-87.89	
611.983	-30.55	
612.182	12.46	
612.38	-98.13	
612.579	12.46	
612.778	-28.5	
612.976	-83.8	
613.175	-44.88	
613.374	-120.66	
613.572	-104.28	
613.771	-104.28	
613.969	28.84	
614.168	32.94	
614.366	4.27	
614.565	10.41	
614.763	-1.88	
614.962	-81.75	
615.16	30.89	
615.359	-3.93	
615.557	100.52	
615.756	-36.69	
615.954	28.84	
616.153	26.79	
616.351	-34.64	
616.549	10.41	
616.748	-40.79	
616.946	67.75	
617.144	-46.93	
617.343	12.46	
617.541	-79.7	
617.739	6.31	
617.938	20.65	
618.136	45.23	
618.334	-40.79	
618.532	-61.27	
618.731	-28.5	
618.929	-73.56	
619.127	-96.08	
619.325	-24.4	
619.523	-14.17	
619.722	-53.08	
619.92	-28.5	
620.118	-3.93	
620.316	-38.74	
620.514	-114.52	
620.712	30.89	
620.91	-26.45	
621.108	-32.6	
621.306	-75.6	
621.505	39.08	
621.703	24.75	
621.901	-137.04	
622.099	4.27	
622.297	4.27	
622.495	45.23	
622.693	-89.94	
622.89	30.89	
623.088	41.13	
623.286	-87.89	
623.484	-14.17	
623.682	2.22	
623.88	-71.51	
624.078	-81.75	
624.276	14.51	
624.474	20.65	
624.671	43.18	
624.869	-40.79	
625.067	-126.8	
625.265	77.99	
625.463	-59.22	
625.66	24.75	
625.858	-42.84	
626.056	8.36	
626.254	45.23	
626.451	-8.02	
626.649	-75.6	
626.847	-44.88	
627.044	34.99	
627.242	-36.69	
627.44	18.6	
627.637	32.94	
627.835	12.46	
628.032	-89.94	
628.23	4.27	
628.428	12.46	
628.625	-38.74	
628.823	-67.41	
629.02	69.8	
629.218	-46.93	
629.415	82.09	
629.613	18.6	
629.81	-98.13	
630.008	16.55	
630.205	-61.27	
630.403	-26.45	
630.6	-63.32	
630.797	-69.46	
630.995	-63.32	
631.192	-14.17	
631.39	4.27	
631.587	-36.69	
631.784	-26.45	
631.982	32.94	
632.179	-1.88	
632.376	-40.79	
632.574	-12.12	
632.771	-102.23	
632.968	-38.74	
633.165	49.32	
633.363	-48.98	
633.56	12.46	
633.757	-28.5	
633.954	16.55	
634.151	-8.02	
634.349	12.46	
634.546	147.62	
634.743	-100.18	
634.94	-5.97	
635.137	30.89	
635.334	-57.17	
635.531	-81.75	
635.728	30.89	
635.925	-91.99	
636.122	-48.98	
636.319	65.71	
636.516	28.84	
636.713	-65.36	
636.91	0.17	
637.107	41.13	
637.304	43.18	
637.501	-22.36	
637.698	-1.88	
637.895	-5.97	
638.092	-44.88	
638.289	-48.98	
638.486	4.27	
638.683	-53.08	
638.88	-8.02	
639.076	-89.94	
639.273	28.84	
639.47	-24.4	
639.667	-3.93	
639.864	6.31	
640.06	-38.74	
640.257	-36.69	
640.454	4.27	
640.651	-18.26	
640.847	-53.08	
641.044	12.46	
641.241	71.85	
641.437	4.27	
641.634	-1.88	
641.831	-48.98	
642.027	69.8	
642.224	-69.46	
642.421	-51.03	
642.617	-104.28	
642.814	14.51	
643.01	-77.65	
643.207	0.17	
643.403	-55.12	
643.6	104.62	
643.796	-42.84	
643.993	59.56	
644.189	-1.88	
644.386	2.22	
644.582	16.55	
644.779	-106.32	
644.975	-75.6	
645.172	-55.12	
645.368	-57.17	
645.564	-10.07	
645.761	24.75	
645.957	14.51	
646.153	-151.38	
646.35	-91.99	
646.546	104.62	
646.742	-91.99	
646.939	-53.08	
647.135	-81.75	
647.331	-34.64	
647.527	-32.6	
647.724	-28.5	
647.92	-24.4	
648.116	-85.84	
648.312	4.27	
648.509	-42.84	
648.705	-81.75	
648.901	18.6	
649.097	-40.79	
649.293	-26.45	
649.489	-20.31	
649.685	-53.08	
649.881	-38.74	
650.077	63.66	
650.274	-10.07	
650.47	-75.6	
650.666	-3.93	
650.862	-57.17	
651.058	80.04	
651.254	-71.51	
651.45	-38.74	
651.645	61.61	
651.841	-61.27	
652.037	24.75	
652.233	-53.08	
652.429	-61.27	
652.625	86.19	
652.821	-51.03	
653.017	-26.45	
653.213	20.65	
653.408	-32.6	
653.604	-38.74	
653.8	-12.12	
653.996	24.75	
654.192	-100.18	
654.387	-75.6	
654.583	8.36	
654.779	-55.12	
654.975	-73.56	
655.17	-81.75	
655.366	-112.47	
655.562	-12.12	
655.757	-26.45	
655.953	-36.69	
656.149	0.17	
656.344	-5.97	
656.54	-85.84	
656.735	-51.03	
656.931	-30.55	
657.127	14.51	
657.322	47.27	
657.518	-30.55	
657.713	20.65	
657.909	-16.21	
658.104	14.51	
658.3	-42.84	
658.495	39.08	
658.691	-85.84	
658.886	55.47	
659.082	-44.88	
659.277	37.03	
659.472	-42.84	
659.668	53.42	
659.863	-98.13	
660.059	-89.94	
660.254	-79.7	
660.449	-63.32	
660.644	4.27	
660.84	-67.41	
661.035	-44.88	
661.23	47.27	
661.426	-65.36	
661.621	39.08	
661.816	-75.6	
662.011	-81.75	
662.207	-48.98	
662.402	-30.55	
662.597	88.23	
662.792	-75.6	
662.987	14.51	
663.182	-59.22	
663.377	16.55	
663.573	-102.23	
663.768	-48.98	
663.963	-57.17	
664.158	-1.88	
664.353	-94.04	
664.548	-55.12	
664.743	45.23	
664.938	-53.08	
665.133	-3.93	
665.328	-16.21	
665.523	-73.56	
665.718	-40.79	
665.913	18.6	
666.108	0.17	
666.303	-85.84	
666.498	53.42	
666.692	-44.88	
666.887	-28.5	
667.082	-77.65	
667.277	-18.26	
667.472	-18.26	
667.667	-40.79	
667.861	-83.8	
668.056	22.7	
668.251	12.46	
668.446	-57.17	
668.64	-8.02	
668.835	47.27	
669.03	-67.41	
669.225	-65.36	
669.419	-73.56	
669.614	-46.93	
669.809	-12.12	
670.003	10.41	
670.198	12.46	
670.393	-75.6	
670.587	2.22	
670.782	-20.31	
670.976	-1.88	
671.171	-40.79	
671.365	-69.46	
671.56	10.41	
671.754	4.27	
671.949	-139.09	
672.143	53.42	
672.338	65.71	
672.532	-18.26	
672.727	24.75	
672.921	-65.36	
673.116	14.51	
673.31	-12.12	
673.504	-38.74	
673.699	-14.17	
673.893	2.22	
674.088	-44.88	
674.282	12.46	
674.476	-12.12	
674.67	22.7	
674.865	-18.26	
675.059	-59.22	
675.253	-75.6	
675.448	-28.5	
675.642	-96.08	
675.836	-51.03	
676.03	4.27	
676.224	77.99	
676.419	22.7	
676.613	12.46	
676.807	-87.89	
677.001	-10.07	
677.195	-3.93	
677.389	92.33	
677.583	-32.6	
677.777	-75.6	
677.972	-65.36	
678.166	-85.84	
678.36	-14.17	
678.554	32.94	
678.748	-16.21	
678.942	-112.47	
679.136	49.32	
679.33	8.36	
679.524	-40.79	
679.717	-3.93	
679.911	-73.56	
680.105	-73.56	
680.299	-44.88	
680.493	-53.08	
680.687	22.7	
680.881	20.65	
681.075	-46.93	
681.268	-20.31	
681.462	-81.75	
681.656	-65.36	
681.85	2.22	
682.044	-55.12	
682.237	39.08	
682.431	-36.69	
682.625	-55.12	
682.819	-26.45	
683.012	-5.97	
683.206	24.75	
683.4	-28.5	
683.593	-3.93	
683.787	-18.26	
683.981	-71.51	
684.174	61.61	
684.368	-38.74	
684.561	30.89	
684.755	-73.56	
684.948	-102.23	
685.142	-24.4	
685.335	-61.27	
685.529	0.17	
685.722	16.55	
685.916	-87.89	
686.109	-16.21	
686.303	0.17	
686.496	-22.36	
686.69	-16.21	
686.883	-53.08	
687.077	-40.79	
687.27	59.56	
687.463	-67.41	
687.657	10.41	
687.85	-5.97	
688.043	-63.32	
688.237	-67.41	
688.43	45.23	
688.623	-98.13	
688.816	-69.46	
689.01	45.23	
689.203	-85.84	
689.396	-24.4	
689.589	39.08	
689.783	22.7	
689.976	-53.08	
690.169	-16.21	
690.362	-61.27	
690.555	-61.27	
690.748	-46.93	
690.941	-55.12	
691.135	-38.74	
691.328	-112.47	
691.521	-63.32	
691.714	-5.97	
691.907	-10.07	
692.1	45.23	
692.293	-28.5	
692.486	-91.99	
692.679	8.36	
692.872	-3.93	
693.065	-91.99	
693.258	37.03	
693.451	-69.46	
693.644	-85.84	
693.836	14.51	
694.029	-24.4	
694.222	-94.04	
694.415	-53.08	
694.608	-57.17	
694.801	-48.98	
694.993	-16.21	
695.186	-100.18	
695.379	-12.12	
695.572	30.89	
695.765	2.22	
695.957	2.22	
696.15	-20.31	
696.343	30.89	
696.535	28.84	
696.728	-53.08	
696.921	-30.55	
697.113	-30.55	
697.306	-75.6	
697.499	-3.93	
697.691	-24.4	
697.884	118.95	
698.076	4.27	
698.269	-42.84	
698.462	190.63	
698.654	-38.74	
698.847	34.99	
699.039	-40.79	
699.232	-20.31	
699.424	-141.14	
699.617	41.13	
699.809	-79.7	
700.001	-10.07	
700.194	34.99	
700.386	-51.03	
700.579	-36.69	
700.771	-67.41	
700.963	-79.7	
701.156	-32.6	
701.348	45.23	
701.54	-22.36	
701.733	32.94	
701.925	-30.55	
702.117	63.66	
702.309	-44.88	
702.502	37.03	
702.694	22.7	
702.886	-51.03	
703.078	-96.08	
703.271	-61.27	
703.463	2.22	
703.655	69.8	
703.847	131.24	
704.039	-71.51	
704.231	49.32	
704.423	30.89	
704.615	-32.6	
704.808	51.37	
705	-57.17	
705.192	82.09	
705.384	-55.12	
705.576	-75.6	
705.768	88.23	
705.96	-77.65	
706.152	-51.03	
706.344	-67.41	
706.536	-38.74	
706.727	26.79	
706.919	45.23	
707.111	45.23	
707.303	69.8	
707.495	135.34	
707.687	-8.02	
707.879	-3.93	
708.071	-85.84	
708.262	-12.12	
708.454	-89.94	
708.646	-3.93	
708.838	108.71	
709.029	-36.69	
709.221	-59.22	
709.413	92.33	
709.605	-106.32	
709.796	-12.12	
709.988	-79.7	
710.18	-44.88	
710.371	6.31	
710.563	-55.12	
710.755	-38.74	
710.946	24.75	
711.138	-32.6	
711.329	45.23	
711.521	16.55	
711.712	-77.65	
711.904	-12.12	
712.095	-40.79	
712.287	-51.03	
712.478	-36.69	
712.67	-18.26	
712.861	-67.41	
713.053	0.17	
713.244	-57.17	
713.436	-16.21	
713.627	-40.79	
713.818	-110.42	
714.01	-55.12	
714.201	0.17	
714.393	-89.94	
714.584	71.85	
714.775	34.99	
714.966	-24.4	
715.158	-32.6	
715.349	-65.36	
715.54	-26.45	
715.732	4.27	
715.923	-51.03	
716.114	28.84	
716.305	-73.56	
716.496	-8.02	
716.688	-57.17	
716.879	-12.12	
717.07	-24.4	
717.261	-34.64	
717.452	-59.22	
717.643	-85.84	
717.834	127.14	
718.025	4.27	
718.216	-34.64	
718.407	28.84	
718.598	47.27	
718.789	-87.89	
718.98	63.66	
719.171	-30.55	
719.362	-79.7	
719.553	24.75	
719.744	-63.32	
719.935	45.23	
720.126	-36.69	
720.317	-53.08	
720.508	14.51	
720.699	-83.8	
720.889	-85.84	
721.08	-18.26	
721.271	-34.64	
721.462	-18.26	
721.653	-30.55	
721.843	34.99	
722.034	22.7	
722.225	-73.56	
722.416	-5.97	
722.606	65.71	
722.797	2.22	
722.988	-40.79	
723.178	-104.28	
723.369	-69.46	
723.56	-53.08	
723.75	-55.12	
723.941	-40.79	
724.132	-61.27	
724.322	-48.98	
724.513	-1.88	
724.703	-8.02	
724.894	-24.4	
725.084	-110.42	
725.275	10.41	
725.465	20.65	
725.656	43.18	
725.846	-36.69	
726.037	-20.31	
726.227	-132.95	
726.417	26.79	
726.608	-61.27	
726.798	-98.13	
726.989	8.36	
727.179	-1.88	
727.369	24.75	
727.56	-42.84	
727.75	-30.55	
727.94	-63.32	
728.131	0.17	
728.321	-28.5	
728.511	57.51	
728.701	12.46	
728.892	-32.6	
729.082	12.46	
729.272	39.08	
729.462	-89.94	
729.652	-100.18	
729.842	-75.6	
730.033	-48.98	
730.223	-51.03	
730.413	-40.79	
730.603	-24.4	
730.793	24.75	
730.983	-71.51	
731.173	116.9	
731.363	-71.51	
731.553	-5.97	
731.743	47.27	
731.933	-57.17	
732.123	6.31	
732.313	-5.97	
732.503	30.89	
732.693	37.03	
732.883	4.27	
733.073	-38.74	
733.263	-44.88	
733.452	8.36	
733.642	-36.69	
733.832	65.71	
734.022	10.41	
734.212	-57.17	
734.402	12.46	
734.591	-87.89	
734.781	75.95	
734.971	32.94	
735.161	-63.32	
735.35	45.23	
735.54	178.34	
735.73	12.46	
735.919	37.03	
736.109	-42.84	
736.299	104.62	
736.488	12.46	
736.678	-42.84	
736.867	-59.22	
737.057	59.56	
737.247	8.36	
737.436	-71.51	
737.626	39.08	
737.815	18.6	
738.005	-53.08	
738.194	-3.93	
738.384	-102.23	
738.573	69.8	
738.763	-36.69	
738.952	-102.23	
739.141	-44.88	
739.331	-59.22	
739.52	-106.32	
739.71	-18.26	
739.899	53.42	
740.088	-91.99	
740.278	-112.47	
740.467	-51.03	
740.656	10.41	
740.846	-24.4	
741.035	-12.12	
741.224	-1.88	
741.413	45.23	
741.603	-67.41	
741.792	-73.56	
741.981	-124.76	
742.17	-51.03	
742.359	-3.93	
742.548	-59.22	
742.738	-24.4	
742.927	-3.93	
743.116	28.84	
743.305	6.31	
743.494	-24.4	
743.683	22.7	
743.872	57.51	
744.061	-75.6	
744.25	53.42	
744.439	-12.12	
744.628	-75.6	
744.817	-96.08	
745.006	-18.26	
745.195	-20.31	
745.384	-61.27	
745.573	-1.88	
745.762	-57.17	
745.951	6.31	
746.139	16.55	
746.328	-94.04	
746.517	20.65	
746.706	22.7	
746.895	-18.26	
747.084	-20.31	
747.272	-10.07	
747.461	-28.5	
747.65	-36.69	
747.839	-61.27	
748.027	-110.42	
748.216	-36.69	
748.405	30.89	
748.593	-81.75	
748.782	-3.93	
748.971	0.17	
749.159	-26.45	
749.348	-55.12	
749.536	-83.8	
749.725	-5.97	
749.914	4.27	
750.102	20.65	
750.291	16.55	
750.479	-104.28	
750.668	6.31	
750.856	-73.56	
751.045	24.75	
751.233	-10.07	
751.421	-44.88	
751.61	-1.88	
751.798	-85.84	
751.987	-61.27	
752.175	75.95	
752.363	-100.18	
752.552	-141.14	
752.74	37.03	
752.928	-1.88	
753.117	-40.79	
753.305	82.09	
753.493	-104.28	
753.682	-48.98	
753.87	-26.45	
754.058	61.61	
754.246	-71.51	
754.434	-137.04	
754.623	-44.88	
754.811	-36.69	
754.999	4.27	
755.187	69.8	
755.375	-100.18	
755.563	-36.69	
755.751	-67.41	
755.94	-8.02	
756.128	-73.56	
756.316	0.17	
756.504	-8.02	
756.692	59.56	
756.88	-32.6	
757.068	-1.88	
757.256	-40.79	
757.444	-8.02	
757.632	-24.4	
757.819	-44.88	
758.007	-10.07	
758.195	-34.64	
758.383	16.55	
758.571	55.47	
758.759	-32.6	
758.947	-167.76	
759.135	-55.12	
759.322	-46.93	
759.51	-53.08	
759.698	-32.6	
759.886	-83.8	
760.073	-22.36	
760.261	39.08	
760.449	-1.88	
760.637	45.23	
760.824	-65.36	
761.012	-75.6	
761.2	-124.76	
761.387	-20.31	
761.575	-44.88	
761.762	63.66	
761.95	73.9	
762.138	49.32	
762.325	32.94	
762.513	-20.31	
762.7	-16.21	
762.888	-48.98	
763.075	-79.7	
763.263	39.08	
763.45	-10.07	
763.638	-100.18	
763.825	-44.88	
764.012	-65.36	
764.2	-102.23	
764.387	-5.97	
764.575	98.47	
764.762	47.27	
764.949	-57.17	
765.137	-79.7	
765.324	-18.26	
765.511	-18.26	
765.699	18.6	
765.886	-96.08	
766.073	-22.36	
766.26	-8.02	
766.448	-10.07	
766.635	20.65	
766.822	-53.08	
767.009	-34.64	
767.196	-18.26	
767.383	-65.36	
767.571	-26.45	
767.758	20.65	
767.945	-61.27	
768.132	-28.5	
768.319	65.71	
768.506	-57.17	
768.693	2.22	
768.88	-36.69	
769.067	6.31	
769.254	-28.5	
769.441	59.56	
769.628	-34.64	
769.815	-1.88	
770.002	-24.4	
770.189	-28.5	
770.376	110.76	
770.563	0.17	
770.75	-12.12	
770.936	8.36	
771.123	-149.33	
771.31	-18.26	
771.497	-59.22	
771.684	-44.88	
771.87	-87.89	
772.057	57.51	
772.244	18.6	
772.431	14.51	
772.617	32.94	
772.804	-48.98	
772.991	-57.17	
773.177	-20.31	
773.364	43.18	
773.551	-63.32	
773.737	-48.98	
773.924	30.89	
774.111	-30.55	
774.297	8.36	
774.484	-89.94	
774.67	-18.26	
774.857	-135	
775.043	-53.08	
775.23	110.76	
775.416	4.27	
775.603	-26.45	
775.789	-83.8	
775.976	-28.5	
776.162	4.27	
776.349	-20.31	
776.535	6.31	
776.721	-65.36	
776.908	8.36	
777.094	69.8	
777.28	10.41	
777.467	22.7	
777.653	39.08	
777.839	14.51	
778.025	6.31	
778.212	-20.31	
778.398	45.23	
778.584	30.89	
778.77	-61.27	
778.957	-16.21	
779.143	-28.5	
779.329	-100.18	
779.515	-24.4	
779.701	-28.5	
779.887	-18.26	
780.073	-12.12	
780.26	-77.65	
780.446	63.66	
780.632	-77.65	
780.818	-116.56	
781.004	8.36	
781.19	-53.08	
781.376	-16.21	
781.562	-108.37	
781.748	-48.98	
781.934	-63.32	
782.12	49.32	
782.305	34.99	
782.491	-12.12	
782.677	-73.56	
782.863	45.23	
783.049	-3.93	
783.235	-53.08	
783.421	-24.4	
783.606	-3.93	
783.792	-8.02	
783.978	53.42	
784.164	-32.6	
784.349	16.55	
784.535	-71.51	
784.721	-1.88	
784.907	20.65	
785.092	22.7	
785.278	63.66	
785.464	-108.37	
785.649	-57.17	
785.835	82.09	
786.02	39.08	
786.206	14.51	
786.392	20.65	
786.577	0.17	
786.763	-71.51	
786.948	-44.88	
787.134	-44.88	
787.319	65.71	
787.505	-34.64	
787.69	26.79	
787.876	65.71	
788.061	12.46	
788.246	-98.13	
788.432	-94.04	
788.617	-24.4	
788.803	-61.27	
788.988	-71.51	
789.173	-77.65	
789.359	-34.64	
789.544	28.84	
789.729	-1.88	
789.915	-63.32	
790.1	-114.52	
790.285	-34.64	
790.47	-71.51	
790.655	43.18	
790.841	-8.02	
791.026	6.31	
791.211	-73.56	
791.396	-145.24	
791.581	-20.31	
791.766	-30.55	
791.952	39.08	
792.137	6.31	
792.322	-20.31	
792.507	4.27	
792.692	-55.12	
792.877	-24.4	
793.062	-61.27	
793.247	-71.51	
793.432	28.84	
793.617	-40.79	
793.802	84.14	
793.987	-44.88	
794.172	-55.12	
794.356	6.31	
794.541	-18.26	
794.726	6.31	
794.911	28.84	
795.096	-91.99	
795.281	-28.5	
795.466	-42.84	
795.65	-89.94	
795.835	-42.84	
796.02	-73.56	
796.205	51.37	
796.389	39.08	
796.574	-59.22	
796.759	-75.6	
796.943	-18.26	
797.128	-24.4	
797.313	-46.93	
797.497	20.65	
797.682	0.17	
797.867	-122.71	
798.051	-69.46	
798.236	-55.12	
798.42	49.32	
798.605	0.17	
798.789	-36.69	
798.974	-98.13	
799.158	-55.12	
799.343	-85.84	
799.527	-34.64	
799.712	-106.32	
799.896	43.18	
800.081	-83.8	
800.265	-28.5	
800.449	-85.84	
800.634	-77.65	
800.818	6.31	
801.002	57.51	
801.187	-67.41	
801.371	-26.45	
801.555	16.55	
801.74	-40.79	
801.924	-10.07	
802.108	-18.26	
802.292	-61.27	
802.477	18.6	
802.661	-1.88	
802.845	-20.31	
803.029	4.27	
803.213	-57.17	
803.397	-63.32	
803.581	-44.88	
803.766	-34.64	
803.95	45.23	
804.134	-28.5	
804.318	-42.84	
804.502	-42.84	
804.686	-73.56	
804.87	-1.88	
805.054	30.89	
805.238	-83.8	
805.422	-48.98	
805.606	-34.64	
805.79	-46.93	
805.973	-40.79	
806.157	67.75	
806.341	-16.21	
806.525	-22.36	
806.709	-110.42	
806.893	6.31	
807.077	-18.26	
807.26	106.67	
807.444	-77.65	
807.628	18.6	
807.812	-61.27	
807.995	51.37	
808.179	-85.84	
808.363	-67.41	
808.546	-71.51	
808.73	-18.26	
808.914	-91.99	
809.097	-73.56	
809.281	-87.89	
809.465	39.08	
809.648	28.84	
809.832	-5.97	
810.015	18.6	
810.199	-18.26	
810.382	-94.04	
810.566	-85.84	
810.749	-8.02	
810.933	-10.07	
811.116	-61.27	
811.3	-24.4	
811.483	-12.12	
811.667	6.31	
811.85	-18.26	
812.034	10.41	
812.217	-22.36	
812.4	-98.13	
812.584	-61.27	
812.767	-36.69	
812.95	-53.08	
813.133	-71.51	
813.317	-22.36	
813.5	28.84	
813.683	-12.12	
813.866	-28.5	
814.05	-67.41	
814.233	-14.17	
814.416	-110.42	
814.599	-30.55	
814.782	10.41	
814.965	-65.36	
815.149	-81.75	
815.332	10.41	
815.515	2.22	
815.698	14.51	
815.881	-28.5	
816.064	-85.84	
816.247	6.31	
816.43	-102.23	
816.613	94.38	
816.796	49.32	
816.979	-83.8	
817.162	-40.79	
817.345	26.79	
817.528	-102.23	
817.711	-149.33	
817.893	-83.8	
818.076	-96.08	
818.259	-30.55	
818.442	-22.36	
818.625	-8.02	
818.808	-44.88	
818.99	-73.56	
819.173	55.47	
819.356	-96.08	
819.539	-38.74	
819.721	-63.32	
819.904	-20.31	
820.087	43.18	
820.269	12.46	
820.452	-87.89	
820.635	-34.64	
820.817	22.7	
821	12.46	
821.182	106.67	
821.365	-59.22	
821.548	-32.6	
821.73	8.36	
821.913	-112.47	
822.095	-57.17	
822.278	-22.36	
822.46	-126.8	
822.642	22.7	
822.825	26.79	
823.007	69.8	
823.19	-44.88	
823.372	22.7	
823.555	-44.88	
823.737	-28.5	
823.919	28.84	
824.102	-130.9	
824.284	8.36	
824.466	102.57	
824.648	-44.88	
824.831	-110.42	
825.013	-34.64	
825.195	-40.79	
825.377	-46.93	
825.56	-44.88	
825.742	-10.07	
825.924	-94.04	
826.106	2.22	
826.288	-44.88	
826.47	-42.84	
826.652	43.18	
826.835	-8.02	
827.017	55.47	
827.199	-26.45	
827.381	-57.17	
827.563	30.89	
827.745	45.23	
827.927	-36.69	
828.109	-118.61	
828.291	-73.56	
828.473	-3.93	
828.655	-36.69	
828.836	-20.31	
829.018	59.56	
829.2	-32.6	
829.382	-18.26	
829.564	-61.27	
829.746	-12.12	
829.928	110.76	
830.109	-44.88	
830.291	22.7	
830.473	-61.27	
830.655	16.55	
830.836	-102.23	
831.018	-94.04	
831.2	-36.69	
831.382	14.51	
831.563	-40.79	
831.745	-59.22	
831.926	-3.93	
832.108	-67.41	
832.29	-96.08	
832.471	-46.93	
832.653	41.13	
832.834	-94.04	
833.016	-132.95	
833.197	-65.36	
833.379	-77.65	
833.56	24.75	
833.742	-77.65	
833.923	-28.5	
834.105	-40.79	
834.286	-22.36	
834.468	102.57	
834.649	28.84	
834.83	34.99	
835.012	-85.84	
835.193	-126.8	
835.374	-1.88	
835.556	-1.88	
835.737	-18.26	
835.918	22.7	
836.1	45.23	
836.281	-28.5	
836.462	-91.99	
836.643	24.75	
836.824	88.23	
837.006	-81.75	
837.187	-20.31	
837.368	-8.02	
837.549	-44.88	
837.73	22.7	
837.911	24.75	
838.092	-10.07	
838.273	-18.26	
838.455	-63.32	
838.636	0.17	
838.817	-1.88	
838.998	-63.32	
839.179	28.84	
839.36	-69.46	
839.54	16.55	
839.721	-55.12	
839.902	57.51	
840.083	20.65	
840.264	53.42	
840.445	-34.64	
840.626	-106.32	
840.807	-57.17	
840.988	-1.88	
841.168	-34.64	
841.349	-51.03	
841.53	-51.03	
841.711	20.65	
841.891	-79.7	
842.072	-59.22	
842.253	-16.21	
842.434	-57.17	
842.614	-51.03	
842.795	-53.08	
842.976	-1.88	
843.156	-34.64	
843.337	-26.45	
843.517	-8.02	
843.698	0.17	
843.878	4.27	
844.059	32.94	
844.24	-22.36	
844.42	-71.51	
844.601	-94.04	
844.781	-20.31	
844.962	-46.93	
845.142	-22.36	
845.322	-32.6	
845.503	-57.17	
845.683	65.71	
845.864	-20.31	
846.044	8.36	
846.224	-77.65	
846.405	-87.89	
846.585	10.41	
846.765	28.84	
846.946	20.65	
847.126	-1.88	
847.306	-108.37	
847.486	-83.8	
847.667	67.75	
847.847	8.36	
848.027	69.8	
848.207	-124.76	
848.387	59.56	
848.567	20.65	
848.747	37.03	
848.928	-48.98	
849.108	-10.07	
849.288	-61.27	
849.468	-38.74	
849.648	-10.07	
849.828	-59.22	
850.008	-3.93	
850.188	-12.12	
850.368	-32.6	
850.548	-128.85	
850.728	90.28	
850.908	32.94	
851.088	28.84	
851.267	20.65	
851.447	-20.31	
851.627	-96.08	
851.807	-5.97	
851.987	30.89	
852.167	-14.17	
852.346	37.03	
852.526	-77.65	
852.706	16.55	
852.886	-24.4	
853.065	-114.52	
853.245	-36.69	
853.425	-5.97	
853.605	-89.94	
853.784	-53.08	
853.964	24.75	
854.143	-36.69	
854.323	8.36	
854.503	-18.26	
854.682	-67.41	
854.862	26.79	
855.041	-83.8	
855.221	-118.61	
855.4	-28.5	
855.58	-57.17	
855.759	6.31	
855.939	-69.46	
856.118	-55.12	
856.298	-18.26	
856.477	-120.66	
856.657	-63.32	
856.836	-36.69	
857.015	8.36	
857.195	-69.46	
857.374	-81.75	
857.553	-10.07	
857.733	-20.31	
857.912	-48.98	
858.091	-69.46	
858.27	-5.97	
858.45	-63.32	
858.629	-20.31	
858.808	28.84	
858.987	-110.42	
859.166	8.36	
859.345	-65.36	
859.525	14.51	
859.704	-14.17	
859.883	-51.03	
860.062	-85.84	
860.241	-48.98	
860.42	10.41	
860.599	39.08	
860.778	65.71	
860.957	47.27	
861.136	28.84	
861.315	84.14	
861.494	-24.4	
861.673	-32.6	
861.852	-75.6	
862.031	6.31	
862.21	26.79	
862.388	-16.21	
862.567	-61.27	
862.746	37.03	
862.925	-135	
863.104	-69.46	
863.283	80.04	
863.461	49.32	
863.64	-8.02	
863.819	4.27	
863.997	-57.17	
864.176	-46.93	
864.355	-3.93	
864.534	-42.84	
864.712	-30.55	
864.891	-16.21	
865.069	-65.36	
865.248	-83.8	
865.427	-8.02	
865.605	0.17	
865.784	-44.88	
865.962	-106.32	
866.141	-87.89	
866.319	-151.38	
866.498	6.31	
866.676	-26.45	
866.855	0.17	
867.033	4.27	
867.212	53.42	
867.39	39.08	
867.568	28.84	
867.747	-1.88	
867.925	12.46	
868.103	77.99	
868.282	-61.27	
868.46	-75.6	
868.638	-38.74	
868.817	53.42	
868.995	24.75	
869.173	-28.5	
869.351	-14.17	
869.529	-48.98	
869.708	-87.89	
869.886	-16.21	
870.064	-85.84	
870.242	-59.22	
870.42	-36.69	
870.598	-83.8	
870.776	69.8	
870.954	-112.47	
871.133	-104.28	
871.311	-59.22	
871.489	-51.03	
871.667	-48.98	
871.845	-1.88	
872.023	-63.32	
872.2	-32.6	
872.378	-10.07	
872.556	10.41	
872.734	-30.55	
872.912	73.9	
873.09	77.99	
873.268	0.17	
873.446	-36.69	
873.623	67.75	
873.801	-71.51	
873.979	-69.46	
874.157	-83.8	
874.335	-42.84	
874.512	10.41	
874.69	-26.45	
874.868	-85.84	
875.045	-141.14	
875.223	-102.23	
875.401	-36.69	
875.578	-132.95	
875.756	-116.56	
875.934	-24.4	
876.111	-61.27	
876.289	-8.02	
876.466	12.46	
876.644	-28.5	
876.821	4.27	
876.999	-69.46	
877.176	-85.84	
877.354	-26.45	
877.531	6.31	
877.709	-22.36	
877.886	-61.27	
878.063	-132.95	
878.241	-44.88	
878.418	0.17	
878.596	-61.27	
878.773	39.08	
878.95	-16.21	
879.127	-139.09	
879.305	-157.52	
879.482	-77.65	
879.659	-26.45	
879.836	-38.74	
880.014	-75.6	
880.191	8.36	
880.368	0.17	
880.545	-34.64	
880.722	-110.42	
880.9	-36.69	
881.077	-8.02	
881.254	-12.12	
881.431	-26.45	
881.608	-69.46	
881.785	-61.27	
881.962	-100.18	
882.139	6.31	
882.316	-81.75	
882.493	6.31	
882.67	-75.6	
882.847	-98.13	
883.024	-12.12	
883.201	-75.6	
883.378	-1.88	
883.554	-51.03	
883.731	-36.69	
883.908	-3.93	
884.085	2.22	
884.262	41.13	
884.439	10.41	
884.615	-57.17	
884.792	45.23	
884.969	-12.12	
885.146	55.47	
885.322	-48.98	
885.499	-20.31	
885.676	-77.65	
885.852	39.08	
886.029	20.65	
886.205	26.79	
886.382	39.08	
886.559	-55.12	
886.735	8.36	
886.912	18.6	
887.088	-28.5	
887.265	-16.21	
887.441	-38.74	
887.618	24.75	
887.794	-98.13	
887.971	-30.55	
888.147	-128.85	
888.324	-57.17	
888.5	67.75	
888.676	41.13	
888.853	2.22	
889.029	-51.03	
889.205	-20.31	
889.382	-42.84	
889.558	30.89	
889.734	-10.07	
889.911	6.31	
890.087	-18.26	
890.263	-20.31	
890.439	-79.7	
890.616	-100.18	
890.792	-65.36	
890.968	-53.08	
891.144	-48.98	
891.32	-102.23	
891.496	-77.65	
891.672	20.65	
891.848	-120.66	
892.025	-85.84	
892.201	0.17	
892.377	-73.56	
892.553	-20.31	
892.729	18.6	
892.905	10.41	
893.081	-69.46	
893.256	-20.31	
893.432	-85.84	
893.608	6.31	
893.784	-118.61	
893.96	-42.84	
894.136	-71.51	
894.312	-18.26	
894.488	-102.23	
894.663	16.55	
894.839	-67.41	
895.015	32.94	
895.191	55.47	
895.366	-87.89	
895.542	-55.12	
895.718	-10.07	
895.894	-116.56	
896.069	-108.37	
896.245	6.31	
896.421	-69.46	
896.596	-206.67	
896.772	2.22	
896.947	-65.36	
897.123	-28.5	
897.298	6.31	
897.474	65.71	
897.649	-53.08	
897.825	-38.74	
898	-57.17	
898.176	-67.41	
898.351	94.38	
898.527	-118.61	
898.702	-12.12	
898.878	-63.32	
899.053	32.94	
899.228	-24.4	
899.404	-34.64	
899.579	-5.97	
899.754	-32.6	
899.93	-18.26	
900.105	4.27	
900.28	34.99	
900.455	-10.07	
900.631	-61.27	
900.806	6.31	
900.981	28.84	
901.156	-28.5	
901.331	12.46	
901.507	-65.36	
901.682	-46.93	
901.857	-12.12	
902.032	63.66	
902.207	-42.84	
902.382	-22.36	
902.557	-5.97	
902.732	45.23	
902.907	-20.31	
903.082	16.55	
903.257	4.27	
903.432	30.89	
903.607	-73.56	
903.782	-102.23	
903.957	-34.64	
904.132	-83.8	
904.306	-100.18	
904.481	-81.75	
904.656	59.56	
904.831	49.32	
905.006	-10.07	
905.181	-3.93	
905.355	-87.89	
905.53	-1.88	
905.705	-75.6	
905.879	-26.45	
906.054	-12.12	
906.229	10.41	
906.404	-12.12	
906.578	26.79	
906.753	39.08	
906.927	-20.31	
907.102	-116.56	
907.277	-71.51	
907.451	-30.55	
907.626	43.18	
907.8	-89.94	
907.975	-53.08	
908.149	-8.02	
908.324	-73.56	
908.498	-73.56	
908.673	-98.13	
908.847	8.36	
909.021	-69.46	
909.196	-30.55	
909.37	55.47	
909.544	-85.84	
909.719	-83.8	
909.893	-108.37	
910.067	20.65	
910.242	-18.26	
910.416	86.19	
910.59	-36.69	
910.764	-48.98	
910.939	-14.17	
911.113	-79.7	
911.287	-100.18	
911.461	-48.98	
911.635	-32.6	
911.809	-18.26	
911.984	34.99	
912.158	-81.75	
912.332	-28.5	
912.506	-42.84	
912.68	-132.95	
912.854	-77.65	
913.028	-44.88	
913.202	20.65	
913.376	-1.88	
913.55	-18.26	
913.724	6.31	
913.898	-81.75	
914.071	-1.88	
914.245	-32.6	
914.419	92.33	
914.593	-53.08	
914.767	-139.09	
914.941	-18.26	
915.115	45.23	
915.288	-71.51	
915.462	-20.31	
915.636	-5.97	
915.81	-65.36	
915.983	-114.52	
916.157	-20.31	
916.331	-8.02	
916.504	-77.65	
916.678	-3.93	
916.852	6.31	
917.025	-48.98	
917.199	22.7	
917.372	-55.12	
917.546	-48.98	
917.719	-55.12	
917.893	73.9	
918.066	-71.51	
918.24	-96.08	
918.413	24.75	
918.587	-28.5	
918.76	16.55	
918.934	-77.65	
919.107	-8.02	
919.28	-20.31	
919.454	-12.12	
919.627	10.41	
919.8	-40.79	
919.974	-28.5	
920.147	-91.99	
920.32	-18.26	
920.494	-14.17	
920.667	-22.36	
920.84	22.7	
921.013	-75.6	
921.186	-12.12	
921.36	-75.6	
921.533	-104.28	
921.706	4.27	
921.879	-40.79	
922.052	-116.56	
922.225	20.65	
922.398	-85.84	
922.571	94.38	
922.744	-44.88	
922.917	-91.99	
923.09	-63.32	
923.263	2.22	
923.436	-73.56	
923.609	-16.21	
923.782	-32.6	
923.955	-91.99	
924.128	-53.08	
924.301	157.86	
924.474	-20.31	
924.647	12.46	
924.819	-40.79	
924.992	28.84	
925.165	-8.02	
925.338	-42.84	
925.511	-28.5	
925.683	-59.22	
925.856	-69.46	
926.029	-10.07	
926.201	-34.64	
926.374	51.37	
926.547	-89.94	
926.719	32.94	
926.892	-69.46	
927.065	4.27	
927.237	-30.55	
927.41	12.46	
927.582	-12.12	
927.755	-53.08	
927.927	-61.27	
928.1	41.13	
928.272	-28.5	
928.445	-3.93	
928.617	-10.07	
928.79	-69.46	
928.962	45.23	
929.134	18.6	
929.307	-98.13	
929.479	-118.61	
929.651	-42.84	
929.824	-30.55	
929.996	4.27	
930.168	0.17	
930.341	-51.03	
930.513	-42.84	
930.685	-79.7	
930.857	-26.45	
931.029	-26.45	
931.202	-38.74	
931.374	4.27	
931.546	-3.93	
931.718	12.46	
931.89	-69.46	
932.062	43.18	
932.234	34.99	
932.406	-116.56	
932.578	-83.8	
932.75	-51.03	
932.922	-81.75	
933.094	24.75	
933.266	4.27	
933.438	-24.4	
933.61	69.8	
933.782	-36.69	
933.954	57.51	
934.126	-65.36	
934.298	-16.21	
934.47	-16.21	
934.641	-57.17	
934.813	-59.22	
934.985	-20.31	
935.157	0.17	
935.329	-3.93	
935.5	-55.12	
935.672	20.65	
935.844	-44.88	
936.015	26.79	
936.187	-67.41	
936.359	-12.12	
936.53	-118.61	
936.702	0.17	
936.874	45.23	
937.045	18.6	
937.217	-55.12	
937.388	28.84	
937.56	4.27	
937.731	-40.79	
937.903	4.27	
938.074	-51.03	
938.246	-8.02	
938.417	-96.08	
938.588	-28.5	
938.76	168.1	
938.931	-83.8	
939.103	-89.94	
939.274	-75.6	
939.445	4.27	
939.617	-40.79	
939.788	-26.45	
939.959	8.36	
940.13	18.6	
940.302	-40.79	
940.473	-10.07	
940.644	-51.03	
940.815	-20.31	
940.987	-18.26	
941.158	-81.75	
941.329	-44.88	
941.5	8.36	
941.671	102.57	
941.842	4.27	
942.013	-51.03	
942.184	-5.97	
942.355	-34.64	
942.526	4.27	
942.697	8.36	
942.868	-32.6	
943.039	-26.45	
943.21	-28.5	
943.381	0.17	
943.552	92.33	
943.723	16.55	
943.894	-24.4	
944.065	4.27	
944.235	12.46	
944.406	-55.12	
944.577	-53.08	
944.748	-51.03	
944.919	-3.93	
945.089	16.55	
945.26	47.27	
945.431	-124.76	
945.601	-48.98	
945.772	-30.55	
945.943	-55.12	
946.113	-20.31	
946.284	-73.56	
946.455	-48.98	
946.625	-51.03	
946.796	-79.7	
946.966	-53.08	
947.137	-40.79	
947.307	-130.9	
947.478	-65.36	
947.648	-87.89	
947.819	-8.02	
947.989	-108.37	
948.16	45.23	
948.33	-51.03	
948.5	20.65	
948.671	-102.23	
948.841	-14.17	
949.012	28.84	
949.182	-3.93	
949.352	47.27	
949.522	-36.69	
949.693	-55.12	
949.863	-18.26	
950.033	-51.03	
950.203	-36.69	
950.374	20.65	
950.544	-73.56	
950.714	20.65	
950.884	2.22	
951.054	-42.84	
951.224	49.32	
951.394	-32.6	
951.564	14.51	
951.735	-1.88	
951.905	-55.12	
952.075	-26.45	
952.245	6.31	
952.415	55.47	
952.585	-85.84	
952.754	28.84	
952.924	-24.4	
953.094	-106.32	
953.264	-51.03	
953.434	-73.56	
953.604	-42.84	
953.774	0.17	
953.944	43.18	
954.113	10.41	
954.283	-12.12	
954.453	-63.32	
954.623	-44.88	
954.792	-18.26	
954.962	-69.46	
955.132	-16.21	
955.302	-94.04	
955.471	24.75	
955.641	-16.21	
955.81	-85.84	
955.98	-26.45	
956.15	32.94	
956.319	67.75	
956.489	-44.88	
956.658	-40.79	
956.828	32.94	
956.997	-16.21	
957.167	-10.07	
957.336	4.27	
957.506	-16.21	
957.675	-34.64	
957.845	-38.74	
958.014	20.65	
958.183	96.43	
958.353	-132.95	
958.522	-22.36	
958.691	6.31	
958.861	-40.79	
959.03	53.42	
959.199	-40.79	
959.368	-10.07	
959.538	12.46	
959.707	-42.84	
959.876	43.18	
960.045	22.7	
960.214	53.42	
960.383	-1.88	
960.553	-59.22	
960.722	57.51	
960.891	20.65	
961.06	-26.45	
961.229	-36.69	
961.398	14.51	
961.567	51.37	
961.736	-85.84	
961.905	-36.69	
962.074	-34.64	
962.243	28.84	
962.412	73.9	
962.581	-48.98	
962.75	-44.88	
962.918	-28.5	
963.087	14.51	
963.256	-1.88	
963.425	65.71	
963.594	-53.08	
963.763	16.55	
963.931	-59.22	
964.1	-51.03	
964.269	8.36	
964.437	-63.32	
964.606	-36.69	
964.775	-51.03	
964.943	45.23	
965.112	41.13	
965.281	-40.79	
965.449	-36.69	
965.618	-46.93	
965.786	80.04	
965.955	-51.03	
966.124	-26.45	
966.292	-46.93	
966.461	-85.84	
966.629	-28.5	
966.797	-132.95	
966.966	4.27	
967.134	53.42	
967.303	-175.95	
967.471	-38.74	
967.639	53.42	
967.808	10.41	
967.976	-24.4	
968.144	0.17	
968.313	30.89	
968.481	39.08	
968.649	-38.74	
968.817	-53.08	
968.986	6.31	
969.154	-57.17	
969.322	57.51	
969.49	-73.56	
969.658	6.31	
969.827	-75.6	
969.995	-34.64	
970.163	14.51	
970.331	-36.69	
970.499	18.6	
970.667	55.47	
970.835	26.79	
971.003	-30.55	
971.171	-20.31	
971.339	10.41	
971.507	-12.12	
971.675	-75.6	
971.843	-77.65	
972.011	10.41	
972.178	45.23	
972.346	-26.45	
972.514	-67.41	
972.682	-28.5	
972.85	-51.03	
973.018	-1.88	
973.185	-20.31	
973.353	-24.4	
973.521	-18.26	
973.689	-1.88	
973.856	-3.93	
974.024	-128.85	
974.192	-16.21	
974.359	-71.51	
974.527	129.19	
974.694	-26.45	
974.862	-100.18	
975.03	92.33	
975.197	-18.26	
975.365	0.17	
975.532	45.23	
975.7	-16.21	
975.867	-16.21	
976.035	-1.88	
976.202	16.55	
976.369	102.57	
976.537	-51.03	
976.704	-59.22	
976.872	30.89	
977.039	61.61	
977.206	30.89	
977.374	-16.21	
977.541	2.22	
977.708	59.56	
977.875	12.46	
978.043	-57.17	
978.21	-128.85	
978.377	-55.12	
978.544	-14.17	
978.711	-81.75	
978.879	-24.4	
979.046	-20.31	
979.213	-1.88	
979.38	12.46	
979.547	-12.12	
979.714	-81.75	
979.881	59.56	
980.048	6.31	
980.215	-36.69	
980.382	-67.41	
980.549	6.31	
980.716	24.75	
980.883	-51.03	
981.05	16.55	
981.217	4.27	
981.384	6.31	
981.55	4.27	
981.717	59.56	
981.884	-40.79	
982.051	-89.94	
982.218	-65.36	
982.384	-61.27	
982.551	-65.36	
982.718	-30.55	
982.885	-38.74	
983.051	-91.99	
983.218	28.84	
983.385	-8.02	
983.551	18.6	
983.718	-69.46	
983.885	-36.69	
984.051	26.79	
984.218	20.65	
984.384	-63.32	
984.551	12.46	
984.717	6.31	
984.884	-18.26	
985.05	4.27	
985.217	-81.75	
985.383	-36.69	
985.55	-38.74	
985.716	-65.36	
985.882	6.31	
986.049	12.46	
986.215	-18.26	
986.381	26.79	
986.548	-132.95	
986.714	-20.31	
986.88	-40.79	
987.046	-18.26	
987.213	-36.69	
987.379	-3.93	
987.545	-28.5	
987.711	-141.14	
987.877	16.55	
988.044	16.55	
988.21	20.65	
988.376	43.18	
988.542	-77.65	
988.708	155.82	
988.874	-135	
989.04	30.89	
989.206	-46.93	
989.372	-14.17	
989.538	-36.69	
989.704	-65.36	
989.87	-46.93	
990.036	-85.84	
990.202	-34.64	
990.368	-28.5	
990.534	12.46	
990.699	-48.98	
990.865	-53.08	
991.031	30.89	
991.197	-44.88	
991.363	92.33	
991.528	-55.12	
991.694	14.51	
991.86	51.37	
992.025	0.17	
992.191	34.99	
992.357	-5.97	
992.522	-126.8	
992.688	4.27	
992.854	32.94	
993.019	-69.46	
993.185	37.03	
993.35	-8.02	
993.516	-77.65	
993.681	-57.17	
993.847	32.94	
994.012	-26.45	
994.178	-51.03	
994.343	20.65	
994.509	2.22	
994.674	-102.23	
994.84	-83.8	
995.005	-12.12	
995.17	-48.98	
995.336	-42.84	
995.501	-71.51	
995.666	-69.46	
995.831	53.42	
995.997	55.47	
996.162	-24.4	
996.327	190.63	
996.492	43.18	
996.658	45.23	
996.823	-132.95	
996.988	-1.88	
997.153	61.61	
997.318	8.36	
997.483	-94.04	
997.648	-91.99	
997.813	-57.17	
997.978	49.32	
998.143	-114.52	
998.308	-5.97	
998.473	-81.75	
998.638	4.27	
998.803	-36.69	
998.968	-85.84	
999.133	14.51	
999.298	-26.45	
999.463	6.31	
999.628	59.56	
999.793	28.84	
999.957	39.08	
1000.122	-16.21	
1000.287	-96.08	
1000.452	-12.12	
1000.616	-53.08	
1000.781	-22.36	
1000.946	73.9	
1001.111	-1.88	
1001.275	-71.51	
1001.44	-69.46	
1001.604	-34.64	
1001.769	0.17	
1001.934	-67.41	
1002.098	-98.13	
1002.263	-81.75	
1002.427	-28.5	
1002.592	106.67	
1002.756	30.89	
1002.921	-18.26	
1003.085	-147.28	
1003.25	-65.36	
1003.414	-44.88	
1003.579	-18.26	
1003.743	12.46	
1003.907	-51.03	
1004.072	-28.5	
1004.236	110.76	
1004.4	-28.5	
1004.565	0.17	
1004.729	-40.79	
1004.893	-5.97	
1005.057	2.22	
1005.222	-5.97	
1005.386	-112.47	
1005.55	-63.32	
1005.714	-32.6	
1005.878	4.27	
1006.042	-98.13	
1006.206	-94.04	
1006.371	4.27	
1006.535	53.42	
1006.699	-51.03	
1006.863	12.46	
1007.027	28.84	
1007.191	75.95	
1007.355	-69.46	
1007.519	-48.98	
1007.683	-18.26	
1007.847	18.6	
1008.01	45.23	
1008.174	-5.97	
1008.338	4.27	
1008.502	8.36	
1008.666	43.18	
1008.83	-40.79	
1008.993	-53.08	
1009.157	-34.64	
1009.321	24.75	
1009.485	-10.07	
1009.648	4.27	
1009.812	-53.08	
1009.976	-26.45	
1010.139	-57.17	
1010.303	-67.41	
1010.467	-18.26	
1010.63	30.89	
1010.794	73.9	
1010.957	10.41	
1011.121	-51.03	
1011.285	2.22	
1011.448	-63.32	
1011.612	-87.89	
1011.775	82.09	
1011.938	-3.93	
1012.102	-48.98	
1012.265	8.36	
1012.429	-59.22	
1012.592	-61.27	
1012.755	-44.88	
1012.919	39.08	
1013.082	-73.56	
1013.245	2.22	
1013.409	-96.08	
1013.572	12.46	
1013.735	24.75	
1013.898	6.31	
1014.062	-91.99	
1014.225	57.51	
1014.388	4.27	
1014.551	-85.84	
1014.714	112.81	
1014.877	32.94	
1015.041	73.9	
1015.204	2.22	
1015.367	-65.36	
1015.53	20.65	
1015.693	-75.6	
1015.856	-63.32	
1016.019	-51.03	
1016.182	-48.98	
1016.345	12.46	
1016.508	-102.23	
1016.67	-96.08	
1016.833	49.32	
1016.996	28.84	
1017.159	-65.36	
1017.322	49.32	
1017.485	-94.04	
1017.648	-122.71	
1017.81	-18.26	
1017.973	-75.6	
1018.136	-28.5	
1018.298	39.08	
1018.461	-59.22	
1018.624	24.75	
1018.787	-18.26	
1018.949	12.46	
1019.112	-26.45	
1019.274	-63.32	
1019.437	47.27	
1019.6	20.65	
1019.762	-59.22	
1019.925	-73.56	
1020.087	14.51	
1020.25	-22.36	
1020.412	-44.88	
1020.575	-126.8	
1020.737	-63.32	
1020.899	-55.12	
1021.062	-48.98	
1021.224	34.99	
1021.387	88.23	
1021.549	-75.6	
1021.711	-77.65	
1021.874	-5.97	
1022.036	20.65	
1022.198	12.46	
1022.36	-143.19	
1022.523	-83.8	
1022.685	-38.74	
1022.847	2.22	
1023.009	-12.12	
1023.171	-53.08	
1023.333	-67.41	
1023.496	-89.94	
1023.658	86.19	
1023.82	313.51	
1023.982	84.14	
1024.144	-26.45	
1024.306	-89.94	
1024.468	-22.36	
1024.63	-46.93	
1024.792	-98.13	
1024.954	-44.88	
1025.116	57.51	
1025.278	-8.02	
1025.44	-3.93	
1025.601	-14.17	
1025.763	-51.03	
1025.925	-10.07	
1026.087	12.46	
1026.249	-42.84	
1026.41	-112.47	
1026.572	96.43	
1026.734	-28.5	
1026.896	-20.31	
1027.057	-65.36	
1027.219	20.65	
1027.381	-26.45	
1027.542	-8.02	
1027.704	-12.12	
1027.866	-30.55	
1028.027	-98.13	
1028.189	-38.74	
1028.35	-51.03	
1028.512	20.65	
1028.673	-12.12	
1028.835	-12.12	
1028.996	6.31	
1029.158	24.75	
1029.319	12.46	
1029.481	-26.45	
1029.642	-55.12	
1029.803	102.57	
1029.965	61.61	
1030.126	-85.84	
1030.287	-77.65	
1030.449	39.08	
1030.61	14.51	
1030.771	-30.55	
1030.933	-79.7	
1031.094	-24.4	
1031.255	-91.99	
1031.416	6.31	
1031.577	-114.52	
1031.738	-10.07	
1031.9	51.37	
1032.061	-40.79	
1032.222	-20.31	
1032.383	-67.41	
1032.544	47.27	
1032.705	26.79	
1032.866	-61.27	
1033.027	-77.65	
1033.188	80.04	
1033.349	8.36	
1033.51	6.31	
1033.671	16.55	
1033.832	-48.98	
1033.993	-26.45	
1034.153	-40.79	
1034.314	-14.17	
1034.475	71.85	
1034.636	-89.94	
1034.797	-48.98	
1034.957	0.17	
1035.118	22.7	
1035.279	-100.18	
1035.44	61.61	
1035.6	-26.45	
1035.761	-10.07	
1035.922	-73.56	
1036.082	-102.23	
1036.243	-32.6	
1036.404	-102.23	
1036.564	-73.56	
1036.725	-22.36	
1036.885	-57.17	
1037.046	-46.93	
1037.206	-14.17	
1037.367	-67.41	
1037.527	-59.22	
1037.688	-40.79	
1037.848	-126.8	
1038.008	-20.31	
1038.169	-26.45	
