USB4E00404_1:101		
345.868	-142.16	
346.082	-142.16	
346.296	-142.16	
346.51	-232.27	
346.724	-162.64	
346.937	-9.05	
347.151	17.58	
347.365	15.53	
347.579	-33.62	
347.793	19.63	
348.006	-19.29	
348.22	48.3	
348.434	1.19	
348.648	-2.9	
348.861	-9.05	
349.075	-15.19	
349.289	-13.14	
349.502	-7	
349.716	11.43	
349.93	76.97	
350.143	93.35	
350.357	-29.52	
350.571	62.63	
350.784	17.58	
350.998	-31.57	
351.212	29.87	
351.425	-11.09	
351.639	1.19	
351.852	103.59	
352.066	85.16	
352.28	56.49	
352.493	52.39	
352.707	136.36	
352.92	29.87	
353.134	58.54	
353.347	25.77	
353.561	23.72	
353.774	-13.14	
353.988	95.4	
354.201	-25.43	
354.415	-33.62	
354.628	-31.57	
354.841	-2.9	
355.055	52.39	
355.268	13.48	
355.482	54.44	
355.695	-41.81	
355.908	-41.81	
356.122	70.83	
356.335	-21.33	
356.549	144.55	
356.762	29.87	
356.975	64.68	
357.189	179.37	
357.402	48.3	
357.615	31.91	
357.828	72.87	
358.042	50.35	
358.255	29.87	
358.468	-2.9	
358.682	-43.86	
358.895	19.63	
359.108	-84.82	
359.321	-54.1	
359.534	-27.48	
359.748	-39.76	
359.961	31.91	
360.174	44.2	
360.387	56.49	
360.6	13.48	
360.813	-68.44	
361.027	50.35	
361.24	-37.72	
361.453	70.83	
361.666	-80.72	
361.879	1.19	
362.092	-56.15	
362.305	-33.62	
362.518	-2.9	
362.731	107.69	
362.944	13.48	
363.157	-72.53	
363.37	11.43	
363.583	23.72	
363.796	91.31	
364.009	60.59	
364.222	-45.91	
364.435	-37.72	
364.648	103.59	
364.861	5.29	
365.074	-133.97	
365.287	-7	
365.5	1.19	
365.713	-76.63	
365.926	52.39	
366.139	38.06	
366.352	13.48	
366.564	-101.2	
366.777	-29.52	
366.99	38.06	
367.203	9.39	
367.416	-62.29	
367.629	-35.67	
367.841	11.43	
368.054	7.34	
368.267	-66.39	
368.48	-101.2	
368.693	40.11	
368.905	1.19	
369.118	38.06	
369.331	-58.2	
369.544	-82.77	
369.756	46.25	
369.969	-72.53	
370.182	-50	
370.394	99.5	
370.607	-109.4	
370.82	38.06	
371.032	64.68	
371.245	-35.67	
371.458	7.34	
371.67	79.02	
371.883	-27.48	
372.095	13.48	
372.308	-74.58	
372.52	-9.05	
372.733	7.34	
372.946	-97.11	
373.158	31.91	
373.371	13.48	
373.583	87.21	
373.796	21.67	
374.008	138.41	
374.221	29.87	
374.433	15.53	
374.646	15.53	
374.858	138.41	
375.071	52.39	
375.283	-11.09	
375.495	25.77	
375.708	36.01	
375.92	-0.85	
376.133	-17.24	
376.345	-50	
376.557	-62.29	
376.77	91.31	
376.982	5.29	
377.194	-43.86	
377.407	-72.53	
377.619	-64.34	
377.831	-11.09	
378.044	54.44	
378.256	21.67	
378.468	13.48	
378.68	31.91	
378.893	-31.57	
379.105	70.83	
379.317	5.29	
379.529	-17.24	
379.742	111.78	
379.954	25.77	
380.166	62.63	
380.378	13.48	
380.59	-80.72	
380.803	-15.19	
381.015	-0.85	
381.227	146.6	
381.439	365.73	
381.651	95.4	
381.863	-2.9	
382.075	5.29	
382.287	-31.57	
382.499	11.43	
382.712	11.43	
382.924	-43.86	
383.136	5.29	
383.348	-15.19	
383.56	-7	
383.772	-13.14	
383.984	-13.14	
384.196	-31.57	
384.408	-86.87	
384.62	76.97	
384.832	46.25	
385.044	-19.29	
385.255	13.48	
385.467	7.34	
385.679	156.84	
385.891	15.53	
386.103	46.25	
386.315	64.68	
386.527	-23.38	
386.739	-47.96	
386.951	11.43	
387.162	87.21	
387.374	-43.86	
387.586	119.98	
387.798	42.15	
388.01	136.36	
388.221	-86.87	
388.433	70.83	
388.645	-19.29	
388.857	5.29	
389.069	15.53	
389.28	83.11	
389.492	36.01	
389.704	-9.05	
389.915	44.2	
390.127	-60.24	
390.339	23.72	
390.55	-39.76	
390.762	11.43	
390.974	85.16	
391.185	7.34	
391.397	-95.06	
391.609	-11.09	
391.82	74.92	
392.032	-35.67	
392.243	91.31	
392.455	-39.76	
392.667	72.87	
392.878	42.15	
393.09	-146.26	
393.301	27.82	
393.513	62.63	
393.724	-13.14	
393.936	-99.16	
394.147	91.31	
394.359	-39.76	
394.57	-54.1	
394.782	-25.43	
394.993	-31.57	
395.204	-64.34	
395.416	-0.85	
395.627	-101.2	
395.839	91.31	
396.05	11.43	
396.261	-50	
396.473	-15.19	
396.684	-23.38	
396.896	29.87	
397.107	-4.95	
397.318	17.58	
397.529	46.25	
397.741	42.15	
397.952	-33.62	
398.163	-29.52	
398.375	58.54	
398.586	-23.38	
398.797	-74.58	
399.008	-33.62	
399.22	95.4	
399.431	56.49	
399.642	81.07	
399.853	5.29	
400.064	1.19	
400.276	72.87	
400.487	-31.57	
400.698	-21.33	
400.909	33.96	
401.12	29.87	
401.331	-54.1	
401.542	101.55	
401.754	36.01	
401.965	-56.15	
402.176	95.4	
402.387	-29.52	
402.598	-50	
402.809	13.48	
403.02	7.34	
403.231	-56.15	
403.442	15.53	
403.653	128.17	
403.864	-47.96	
404.075	-37.72	
404.286	-88.92	
404.497	36.01	
404.708	81.07	
404.919	-4.95	
405.13	-52.05	
405.341	-11.09	
405.551	-13.14	
405.762	85.16	
405.973	-39.76	
406.184	-11.09	
406.395	70.83	
406.606	-23.38	
406.817	-0.85	
407.027	25.77	
407.238	-86.87	
407.449	23.72	
407.66	17.58	
407.871	21.67	
408.081	3.24	
408.292	21.67	
408.503	23.72	
408.714	-35.67	
408.924	3.24	
409.135	31.91	
409.346	-4.95	
409.556	74.92	
409.767	62.63	
409.978	25.77	
410.188	122.02	
410.399	15.53	
410.61	44.2	
410.82	62.63	
411.031	68.78	
411.242	1.19	
411.452	-9.05	
411.663	40.11	
411.873	33.96	
412.084	56.49	
412.295	-2.9	
412.505	19.63	
412.716	-82.77	
412.926	62.63	
413.137	-90.96	
413.347	-27.48	
413.558	42.15	
413.768	-37.72	
413.979	31.91	
414.189	33.96	
414.399	29.87	
414.61	15.53	
414.82	-47.96	
415.031	-39.76	
415.241	7.34	
415.451	138.41	
415.662	-7	
415.872	15.53	
416.083	81.07	
416.293	-47.96	
416.503	-33.62	
416.714	87.21	
416.924	-31.57	
417.134	-58.2	
417.344	-35.67	
417.555	-15.19	
417.765	25.77	
417.975	-23.38	
418.186	122.02	
418.396	48.3	
418.606	-11.09	
418.816	124.07	
419.026	-21.33	
419.237	11.43	
419.447	40.11	
419.657	130.22	
419.867	-9.05	
420.077	-0.85	
420.287	169.13	
420.497	-9.05	
420.708	56.49	
420.918	85.16	
421.128	101.55	
421.338	-9.05	
421.548	-60.24	
421.758	-15.19	
421.968	-43.86	
422.178	40.11	
422.388	-41.81	
422.598	15.53	
422.808	-66.39	
423.018	54.44	
423.228	21.67	
423.438	3.24	
423.648	66.73	
423.858	89.26	
424.068	-105.3	
424.278	-21.33	
424.488	-35.67	
424.698	58.54	
424.907	-17.24	
425.117	-109.4	
425.327	50.35	
425.537	46.25	
425.747	169.13	
425.957	46.25	
426.167	21.67	
426.376	81.07	
426.586	-66.39	
426.796	-23.38	
427.006	1.19	
427.216	85.16	
427.425	-45.91	
427.635	-9.05	
427.845	-52.05	
428.054	-13.14	
428.264	33.96	
428.474	9.39	
428.684	87.21	
428.893	-70.48	
429.103	-19.29	
429.313	-56.15	
429.522	-0.85	
429.732	-41.81	
429.941	23.72	
430.151	-11.09	
430.361	70.83	
430.57	58.54	
430.78	21.67	
430.989	-11.09	
431.199	189.61	
431.409	72.87	
431.618	15.53	
431.828	-29.52	
432.037	-56.15	
432.247	-86.87	
432.456	29.87	
432.666	23.72	
432.875	242.85	
433.084	232.62	
433.294	304.29	
433.503	263.33	
433.713	224.42	
433.922	285.86	
434.132	220.33	
434.341	287.91	
434.55	179.37	
434.76	85.16	
434.969	72.87	
435.178	17.58	
435.388	91.31	
435.597	72.87	
435.806	87.21	
436.016	-47.96	
436.225	-68.44	
436.434	13.48	
436.643	31.91	
436.853	31.91	
437.062	56.49	
437.271	-27.48	
437.48	1.19	
437.69	-66.39	
437.899	-31.57	
438.108	64.68	
438.317	-68.44	
438.526	-60.24	
438.735	-4.95	
438.945	38.06	
439.154	31.91	
439.363	1.19	
439.572	-78.68	
439.781	-37.72	
439.99	9.39	
440.199	15.53	
440.408	44.2	
440.617	19.63	
440.826	-19.29	
441.035	-4.95	
441.244	66.73	
441.453	-0.85	
441.662	3.24	
441.871	-13.14	
442.08	-41.81	
442.289	19.63	
442.498	17.58	
442.707	-7	
442.916	33.96	
443.125	9.39	
443.334	-4.95	
443.543	-86.87	
443.752	-25.43	
443.961	33.96	
444.169	52.39	
444.378	17.58	
444.587	-7	
444.796	50.35	
445.005	-43.86	
445.213	-21.33	
445.422	85.16	
445.631	-47.96	
445.84	93.35	
446.049	17.58	
446.257	42.15	
446.466	60.59	
446.675	-19.29	
446.883	-43.86	
447.092	-39.76	
447.301	-11.09	
447.51	-45.91	
447.718	-27.48	
447.927	-82.77	
448.135	38.06	
448.344	-9.05	
448.553	-15.19	
448.761	31.91	
448.97	76.97	
449.179	-74.58	
449.387	-0.85	
449.596	-27.48	
449.804	76.97	
450.013	97.45	
450.221	29.87	
450.43	33.96	
450.638	64.68	
450.847	52.39	
451.055	-33.62	
451.264	-60.24	
451.472	48.3	
451.681	-23.38	
451.889	5.29	
452.097	21.67	
452.306	-25.43	
452.514	50.35	
452.723	13.48	
452.931	52.39	
453.139	91.31	
453.348	-11.09	
453.556	-47.96	
453.764	50.35	
453.973	7.34	
454.181	-25.43	
454.389	48.3	
454.598	1.19	
454.806	1.19	
455.014	60.59	
455.222	-56.15	
455.431	-37.72	
455.639	44.2	
455.847	-15.19	
456.055	36.01	
456.264	-78.68	
456.472	-2.9	
456.68	70.83	
456.888	-4.95	
457.096	36.01	
457.304	-25.43	
457.512	-11.09	
457.721	-72.53	
457.929	-27.48	
458.137	-23.38	
458.345	87.21	
458.553	70.83	
458.761	17.58	
458.969	38.06	
459.177	15.53	
459.385	-21.33	
459.593	56.49	
459.801	-58.2	
460.009	19.63	
460.217	-17.24	
460.425	27.82	
460.633	56.49	
460.841	25.77	
461.049	27.82	
461.257	-25.43	
461.465	-27.48	
461.673	29.87	
461.88	79.02	
462.088	-43.86	
462.296	42.15	
462.504	-11.09	
462.712	81.07	
462.92	-27.48	
463.127	89.26	
463.335	13.48	
463.543	50.35	
463.751	25.77	
463.959	52.39	
464.166	-54.1	
464.374	5.29	
464.582	31.91	
464.79	46.25	
464.997	48.3	
465.205	15.53	
465.413	-72.53	
465.62	46.25	
465.828	-17.24	
466.036	87.21	
466.243	21.67	
466.451	13.48	
466.658	7.34	
466.866	-21.33	
467.074	-78.68	
467.281	33.96	
467.489	38.06	
467.696	-25.43	
467.904	-23.38	
468.111	-7	
468.319	103.59	
468.527	29.87	
468.734	-41.81	
468.942	1.19	
469.149	15.53	
469.356	-21.33	
469.564	-29.52	
469.771	-35.67	
469.979	68.78	
470.186	83.11	
470.394	-37.72	
470.601	-11.09	
470.808	33.96	
471.016	-56.15	
471.223	44.2	
471.43	13.48	
471.638	23.72	
471.845	27.82	
472.052	-33.62	
472.26	-50	
472.467	19.63	
472.674	70.83	
472.882	-13.14	
473.089	5.29	
473.296	-33.62	
473.503	-2.9	
473.711	7.34	
473.918	-35.67	
474.125	46.25	
474.332	1.19	
474.539	62.63	
474.746	79.02	
474.954	-13.14	
475.161	-39.76	
475.368	33.96	
475.575	-4.95	
475.782	25.77	
475.989	91.31	
476.196	97.45	
476.403	-27.48	
476.61	-68.44	
476.817	-11.09	
477.024	-41.81	
477.231	-37.72	
477.438	19.63	
477.645	25.77	
477.852	83.11	
478.059	115.88	
478.266	152.74	
478.473	46.25	
478.68	29.87	
478.887	119.98	
479.094	13.48	
479.301	113.83	
479.508	-43.86	
479.715	56.49	
479.922	15.53	
480.129	-60.24	
480.335	-11.09	
480.542	87.21	
480.749	60.59	
480.956	7.34	
481.163	48.3	
481.369	9.39	
481.576	7.34	
481.783	56.49	
481.99	-43.86	
482.196	-11.09	
482.403	36.01	
482.61	-54.1	
482.817	79.02	
483.023	85.16	
483.23	5.29	
483.437	9.39	
483.643	25.77	
483.85	48.3	
484.057	140.46	
484.263	19.63	
484.47	259.24	
484.676	701.6	
484.883	2112.65	
485.09	3396.73	
485.296	4195.43	
485.503	4818.02	
485.709	4572.26	
485.916	3568.76	
486.122	2466.95	
486.329	1989.77	
486.535	1688.72	
486.742	1541.27	
486.948	1418.39	
487.155	1432.72	
487.361	1424.53	
487.567	1442.96	
487.774	1277.08	
487.98	1096.86	
488.187	816.29	
488.393	541.86	
488.599	263.33	
488.806	99.5	
489.012	52.39	
489.219	81.07	
489.425	97.45	
489.631	60.59	
489.837	-23.38	
490.044	109.74	
490.25	5.29	
490.456	23.72	
490.663	31.91	
490.869	1.19	
491.075	87.21	
491.281	-54.1	
491.487	-37.72	
491.694	54.44	
491.9	48.3	
492.106	52.39	
492.312	-31.57	
492.518	117.93	
492.724	50.35	
492.931	-54.1	
493.137	72.87	
493.343	23.72	
493.549	160.94	
493.755	-9.05	
493.961	89.26	
494.167	-13.14	
494.373	-64.34	
494.579	13.48	
494.785	13.48	
494.991	-27.48	
495.197	-19.29	
495.403	3.24	
495.609	-2.9	
495.815	-74.58	
496.021	46.25	
496.227	33.96	
496.433	-47.96	
496.639	-41.81	
496.845	-29.52	
497.05	81.07	
497.256	31.91	
497.462	23.72	
497.668	7.34	
497.874	-35.67	
498.08	54.44	
498.286	17.58	
498.491	62.63	
498.697	54.44	
498.903	-11.09	
499.109	-33.62	
499.314	17.58	
499.52	29.87	
499.726	23.72	
499.932	-31.57	
500.137	46.25	
500.343	46.25	
500.549	-47.96	
500.754	-74.58	
500.96	91.31	
501.166	56.49	
501.371	13.48	
501.577	3.24	
501.782	7.34	
501.988	89.26	
502.194	-9.05	
502.399	-23.38	
502.605	74.92	
502.81	-64.34	
503.016	9.39	
503.221	-105.3	
503.427	-27.48	
503.632	95.4	
503.838	40.11	
504.043	29.87	
504.249	74.92	
504.454	19.63	
504.66	-19.29	
504.865	13.48	
505.071	85.16	
505.276	-9.05	
505.481	-60.24	
505.687	-33.62	
505.892	56.49	
506.097	68.78	
506.303	-76.63	
506.508	-21.33	
506.713	-58.2	
506.919	79.02	
507.124	-25.43	
507.329	83.11	
507.535	58.54	
507.74	-76.63	
507.945	1.19	
508.15	99.5	
508.356	111.78	
508.561	74.92	
508.766	23.72	
508.971	17.58	
509.176	1.19	
509.381	101.55	
509.587	36.01	
509.792	60.59	
509.997	111.78	
510.202	38.06	
510.407	9.39	
510.612	60.59	
510.817	-25.43	
511.022	15.53	
511.227	54.44	
511.432	-7	
511.637	87.21	
511.842	-88.92	
512.047	-33.62	
512.252	-60.24	
512.457	79.02	
512.662	87.21	
512.867	-47.96	
513.072	87.21	
513.277	-54.1	
513.482	23.72	
513.687	79.02	
513.892	58.54	
514.097	-33.62	
514.302	-19.29	
514.507	66.73	
514.711	68.78	
514.916	-80.72	
515.121	11.43	
515.326	-35.67	
515.531	23.72	
515.735	-33.62	
515.94	-31.57	
516.145	-2.9	
516.35	-25.43	
516.554	-9.05	
516.759	-35.67	
516.964	1.19	
517.169	25.77	
517.373	7.34	
517.578	56.49	
517.783	15.53	
517.987	-41.81	
518.192	-39.76	
518.396	62.63	
518.601	68.78	
518.806	103.59	
519.01	85.16	
519.215	56.49	
519.419	5.29	
519.624	72.87	
519.829	-19.29	
520.033	54.44	
520.238	64.68	
520.442	81.07	
520.647	181.42	
520.851	42.15	
521.055	50.35	
521.26	31.91	
521.464	111.78	
521.669	97.45	
521.873	-129.88	
522.078	-9.05	
522.282	-56.15	
522.486	-56.15	
522.691	-52.05	
522.895	31.91	
523.099	-27.48	
523.304	-43.86	
523.508	-21.33	
523.712	1.19	
523.917	23.72	
524.121	-33.62	
524.325	-54.1	
524.53	46.25	
524.734	42.15	
524.938	134.31	
525.142	-95.06	
525.346	-60.24	
525.551	-23.38	
525.755	148.65	
525.959	44.2	
526.163	-88.92	
526.367	-74.58	
526.571	-4.95	
526.776	-9.05	
526.98	23.72	
527.184	-43.86	
527.388	23.72	
527.592	44.2	
527.796	3.24	
528	56.49	
528.204	-47.96	
528.408	-86.87	
528.612	-27.48	
528.816	70.83	
529.02	-74.58	
529.224	-76.63	
529.428	-72.53	
529.632	-35.67	
529.836	-37.72	
530.04	-43.86	
530.244	-43.86	
530.448	-43.86	
530.652	29.87	
530.855	-72.53	
531.059	70.83	
531.263	-27.48	
531.467	17.58	
531.671	25.77	
531.875	99.5	
532.078	38.06	
532.282	64.68	
532.486	29.87	
532.69	29.87	
532.893	38.06	
533.097	142.5	
533.301	19.63	
533.505	17.58	
533.708	-82.77	
533.912	-4.95	
534.116	-19.29	
534.319	-23.38	
534.523	-58.2	
534.727	83.11	
534.93	-15.19	
535.134	-35.67	
535.338	-21.33	
535.541	-60.24	
535.745	-23.38	
535.948	-11.09	
536.152	111.78	
536.355	58.54	
536.559	-0.85	
536.762	42.15	
536.966	-84.82	
537.169	-23.38	
537.373	-74.58	
537.576	-41.81	
537.78	19.63	
537.983	-31.57	
538.187	-60.24	
538.39	-7	
538.593	13.48	
538.797	83.11	
539	-7	
539.204	89.26	
539.407	74.92	
539.61	-25.43	
539.814	64.68	
540.017	25.77	
540.22	1.19	
540.424	-25.43	
540.627	-9.05	
540.83	-0.85	
541.033	-27.48	
541.237	54.44	
541.44	-37.72	
541.643	-31.57	
541.846	-80.72	
542.049	31.91	
542.253	31.91	
542.456	21.67	
542.659	13.48	
542.862	-78.68	
543.065	-23.38	
543.268	95.4	
543.471	52.39	
543.674	-80.72	
543.878	-60.24	
544.081	-80.72	
544.284	7.34	
544.487	-9.05	
544.69	72.87	
544.893	79.02	
545.096	48.3	
545.299	-17.24	
545.502	9.39	
545.705	-76.63	
545.908	-29.52	
546.111	17.58	
546.314	-11.09	
546.516	11.43	
546.719	-31.57	
546.922	-15.19	
547.125	-27.48	
547.328	66.73	
547.531	29.87	
547.734	48.3	
547.936	13.48	
548.139	-64.34	
548.342	136.36	
548.545	38.06	
548.748	-47.96	
548.95	31.91	
549.153	7.34	
549.356	-21.33	
549.559	-31.57	
549.761	-68.44	
549.964	-39.76	
550.167	29.87	
550.369	-70.48	
550.572	-58.2	
550.775	-4.95	
550.977	-52.05	
551.18	-35.67	
551.383	-82.77	
551.585	-15.19	
551.788	-31.57	
551.99	17.58	
552.193	-27.48	
552.396	31.91	
552.598	-31.57	
552.801	33.96	
553.003	62.63	
553.206	27.82	
553.408	23.72	
553.611	-27.48	
553.813	-11.09	
554.015	-95.06	
554.218	115.88	
554.42	-43.86	
554.623	-2.9	
554.825	-17.24	
555.027	-50	
555.23	-95.06	
555.432	-11.09	
555.635	-7	
555.837	40.11	
556.039	-19.29	
556.242	-17.24	
556.444	23.72	
556.646	-7	
556.848	1.19	
557.051	29.87	
557.253	29.87	
557.455	19.63	
557.657	-82.77	
557.86	46.25	
558.062	-27.48	
558.264	29.87	
558.466	25.77	
558.668	21.67	
558.87	-52.05	
559.073	3.24	
559.275	-74.58	
559.477	105.64	
559.679	-82.77	
559.881	11.43	
560.083	-2.9	
560.285	-148.31	
560.487	-60.24	
560.689	7.34	
560.891	-56.15	
561.093	95.4	
561.295	-41.81	
561.497	-27.48	
561.699	-7	
561.901	-4.95	
562.103	-2.9	
562.305	-19.29	
562.507	33.96	
562.709	-15.19	
562.911	-11.09	
563.113	11.43	
563.314	62.63	
563.516	-82.77	
563.718	5.29	
563.92	13.48	
564.122	-52.05	
564.323	-0.85	
564.525	-27.48	
564.727	-125.78	
564.929	31.91	
565.131	-88.92	
565.332	50.35	
565.534	-0.85	
565.736	-31.57	
565.937	-31.57	
566.139	62.63	
566.341	-21.33	
566.542	44.2	
566.744	64.68	
566.946	9.39	
567.147	119.98	
567.349	-27.48	
567.551	5.29	
567.752	-4.95	
567.954	-7	
568.155	38.06	
568.357	38.06	
568.558	-68.44	
568.76	89.26	
568.961	97.45	
569.163	-56.15	
569.364	42.15	
569.566	50.35	
569.767	58.54	
569.969	19.63	
570.17	74.92	
570.372	-15.19	
570.573	52.39	
570.774	76.97	
570.976	21.67	
571.177	-86.87	
571.378	66.73	
571.58	7.34	
571.781	62.63	
571.982	50.35	
572.184	42.15	
572.385	7.34	
572.586	91.31	
572.788	83.11	
572.989	68.78	
573.19	19.63	
573.391	48.3	
573.592	33.96	
573.794	-7	
573.995	-23.38	
574.196	-4.95	
574.397	-31.57	
574.598	13.48	
574.799	-17.24	
575.001	-2.9	
575.202	40.11	
575.403	72.87	
575.604	-60.24	
575.805	40.11	
576.006	-4.95	
576.207	19.63	
576.408	70.83	
576.609	-95.06	
576.81	74.92	
577.011	-33.62	
577.212	23.72	
577.413	62.63	
577.614	97.45	
577.815	31.91	
578.016	62.63	
578.217	38.06	
578.418	54.44	
578.619	40.11	
578.819	-17.24	
579.02	79.02	
579.221	9.39	
579.422	64.68	
579.623	107.69	
579.824	70.83	
580.024	111.78	
580.225	9.39	
580.426	156.84	
580.627	113.83	
580.827	130.22	
581.028	175.27	
581.229	136.36	
581.43	74.92	
581.63	136.36	
581.831	40.11	
582.032	38.06	
582.232	95.4	
582.433	-17.24	
582.634	70.83	
582.834	38.06	
583.035	107.69	
583.235	150.7	
583.436	-21.33	
583.636	-37.72	
583.837	-58.2	
584.038	97.45	
584.238	81.07	
584.439	56.49	
584.639	25.77	
584.84	56.49	
585.04	46.25	
585.241	83.11	
585.441	107.69	
585.641	124.07	
585.842	29.87	
586.042	15.53	
586.243	62.63	
586.443	-2.9	
586.643	76.97	
586.844	70.83	
587.044	29.87	
587.244	66.73	
587.445	21.67	
587.645	38.06	
587.845	50.35	
588.046	25.77	
588.246	109.74	
588.446	50.35	
588.646	124.07	
588.847	-50	
589.047	15.53	
589.247	27.82	
589.447	-4.95	
589.647	87.21	
589.847	-35.67	
590.048	42.15	
590.248	56.49	
590.448	-17.24	
590.648	-11.09	
590.848	-13.14	
591.048	52.39	
591.248	-15.19	
591.448	9.39	
591.648	111.78	
591.848	1.19	
592.048	31.91	
592.248	46.25	
592.448	66.73	
592.648	46.25	
592.848	107.69	
593.048	68.78	
593.248	56.49	
593.448	50.35	
593.648	85.16	
593.848	33.96	
594.048	15.53	
594.248	31.91	
594.447	119.98	
594.647	29.87	
594.847	72.87	
595.047	119.98	
595.247	64.68	
595.447	-19.29	
595.646	119.98	
595.846	87.21	
596.046	11.43	
596.246	105.64	
596.445	128.17	
596.645	56.49	
596.845	115.88	
597.044	93.35	
597.244	91.31	
597.444	23.72	
597.643	74.92	
597.843	5.29	
598.043	54.44	
598.242	103.59	
598.442	38.06	
598.641	83.11	
598.841	99.5	
599.041	-21.33	
599.24	-52.05	
599.44	128.17	
599.639	9.39	
599.839	191.66	
600.038	21.67	
600.238	93.35	
600.437	7.34	
600.637	38.06	
600.836	224.42	
601.035	-17.24	
601.235	40.11	
601.434	97.45	
601.634	160.94	
601.833	38.06	
602.032	259.24	
602.232	111.78	
602.431	132.26	
602.63	46.25	
602.83	50.35	
603.029	70.83	
603.228	81.07	
603.427	48.3	
603.627	5.29	
603.826	105.64	
604.025	50.35	
604.224	48.3	
604.424	101.55	
604.623	138.41	
604.822	46.25	
605.021	29.87	
605.22	76.97	
605.419	13.48	
605.618	87.21	
605.818	13.48	
606.017	89.26	
606.216	5.29	
606.415	-23.38	
606.614	70.83	
606.813	44.2	
607.012	11.43	
607.211	13.48	
607.41	85.16	
607.609	42.15	
607.808	76.97	
608.007	74.92	
608.206	-9.05	
608.405	17.58	
608.604	-17.24	
608.802	5.29	
609.001	128.17	
609.2	3.24	
609.399	21.67	
609.598	29.87	
609.797	52.39	
609.996	-9.05	
610.194	33.96	
610.393	-2.9	
610.592	46.25	
610.791	-35.67	
610.99	42.15	
611.188	25.77	
611.387	21.67	
611.586	25.77	
611.784	44.2	
611.983	-2.9	
612.182	56.49	
612.38	62.63	
612.579	27.82	
612.778	83.11	
612.976	23.72	
613.175	64.68	
613.374	66.73	
613.572	-27.48	
613.771	-50	
613.969	158.89	
614.168	97.45	
614.366	62.63	
614.565	-43.86	
614.763	81.07	
614.962	101.55	
615.16	93.35	
615.359	-21.33	
615.557	56.49	
615.756	23.72	
615.954	44.2	
616.153	25.77	
616.351	-9.05	
616.549	31.91	
616.748	68.78	
616.946	1.19	
617.144	56.49	
617.343	54.44	
617.541	19.63	
617.739	25.77	
617.938	-0.85	
618.136	85.16	
618.334	1.19	
618.532	17.58	
618.731	42.15	
618.929	-56.15	
619.127	93.35	
619.325	-9.05	
619.523	29.87	
619.722	36.01	
619.92	85.16	
620.118	17.58	
620.316	-11.09	
620.514	-88.92	
620.712	87.21	
620.91	-7	
621.108	42.15	
621.306	33.96	
621.505	103.59	
621.703	72.87	
621.901	-11.09	
622.099	52.39	
622.297	-11.09	
622.495	54.44	
622.693	93.35	
622.89	87.21	
623.088	91.31	
623.286	48.3	
623.484	66.73	
623.682	74.92	
623.88	-0.85	
624.078	-23.38	
624.276	-52.05	
624.474	44.2	
624.671	-21.33	
624.869	111.78	
625.067	-66.39	
625.265	50.35	
625.463	9.39	
625.66	46.25	
625.858	15.53	
626.056	13.48	
626.254	97.45	
626.451	62.63	
626.649	27.82	
626.847	72.87	
627.044	56.49	
627.242	-0.85	
627.44	62.63	
627.637	85.16	
627.835	23.72	
628.032	-23.38	
628.23	15.53	
628.428	29.87	
628.625	81.07	
628.823	-29.52	
629.02	50.35	
629.218	70.83	
629.415	122.02	
629.613	25.77	
629.81	58.54	
630.008	54.44	
630.205	-25.43	
630.403	-33.62	
630.6	-17.24	
630.797	48.3	
630.995	-19.29	
631.192	-23.38	
631.39	76.97	
631.587	31.91	
631.784	7.34	
631.982	105.64	
632.179	89.26	
632.376	79.02	
632.574	79.02	
632.771	-47.96	
632.968	40.11	
633.165	128.17	
633.363	1.19	
633.56	48.3	
633.757	33.96	
633.954	3.24	
634.151	62.63	
634.349	33.96	
634.546	42.15	
634.743	-43.86	
634.94	5.29	
635.137	-15.19	
635.334	48.3	
635.531	-15.19	
635.728	56.49	
635.925	11.43	
636.122	5.29	
636.319	40.11	
636.516	72.87	
636.713	5.29	
636.91	-0.85	
637.107	70.83	
637.304	79.02	
637.501	56.49	
637.698	93.35	
637.895	-80.72	
638.092	7.34	
638.289	9.39	
638.486	95.4	
638.683	-7	
638.88	38.06	
639.076	44.2	
639.273	36.01	
639.47	21.67	
639.667	11.43	
639.864	21.67	
640.06	87.21	
640.257	115.88	
640.454	40.11	
640.651	-64.34	
640.847	38.06	
641.044	93.35	
641.241	165.03	
641.437	89.26	
641.634	76.97	
641.831	7.34	
642.027	-35.67	
642.224	21.67	
642.421	-23.38	
642.617	21.67	
642.814	60.59	
643.01	56.49	
643.207	11.43	
643.403	-17.24	
643.6	103.59	
643.796	-11.09	
643.993	29.87	
644.189	-15.19	
644.386	169.13	
644.582	-23.38	
644.779	50.35	
644.975	-11.09	
645.172	83.11	
645.368	105.64	
645.564	21.67	
645.761	93.35	
645.957	62.63	
646.153	-37.72	
646.35	-27.48	
646.546	38.06	
646.742	-50	
646.939	27.82	
647.135	23.72	
647.331	64.68	
647.527	136.36	
647.724	31.91	
647.92	101.55	
648.116	-0.85	
648.312	70.83	
648.509	-35.67	
648.705	27.82	
648.901	146.6	
649.097	-2.9	
649.293	42.15	
649.489	40.11	
649.685	89.26	
649.881	7.34	
650.077	281.77	
650.274	242.85	
650.47	218.28	
650.666	296.1	
650.862	165.03	
651.058	199.85	
651.254	124.07	
651.45	158.89	
651.645	183.46	
651.841	83.11	
652.037	160.94	
652.233	230.57	
652.429	115.88	
652.625	130.22	
652.821	148.65	
653.017	72.87	
653.213	249	
653.408	167.08	
653.604	185.51	
653.8	218.28	
653.996	236.71	
654.192	343.21	
654.387	603.3	
654.583	1901.71	
654.779	7758.9	
654.975	18408.34	
655.17	29721.32	
655.366	42013.23	
655.562	51732.89	
655.757	55419.23	
655.953	52820.36	
656.149	44462.6	
656.344	34933.4	
656.54	26106.65	
656.735	19934.07	
656.931	15670.2	
657.127	12803.05	
657.322	11148.29	
657.518	9657.37	
657.713	8649.77	
657.909	7584.82	
658.104	5538.9	
658.3	3687.54	
658.495	2272.39	
658.691	1330.33	
658.886	906.4	
659.082	597.15	
659.277	449.7	
659.472	279.72	
659.668	269.48	
659.863	119.98	
660.059	126.12	
660.254	138.41	
660.449	95.4	
660.644	42.15	
660.84	117.93	
661.035	-2.9	
661.23	134.31	
661.426	23.72	
661.621	97.45	
661.816	119.98	
662.011	42.15	
662.207	-35.67	
662.402	40.11	
662.597	142.5	
662.792	-19.29	
662.987	74.92	
663.182	29.87	
663.377	42.15	
663.573	-37.72	
663.768	136.36	
663.963	19.63	
664.158	9.39	
664.353	29.87	
664.548	29.87	
664.743	85.16	
664.938	33.96	
665.133	15.53	
665.328	79.02	
665.523	-105.3	
665.718	-21.33	
665.913	93.35	
666.108	-25.43	
666.303	-31.57	
666.498	122.02	
666.692	56.49	
666.887	13.48	
667.082	-58.2	
667.277	-43.86	
667.472	-64.34	
667.667	93.35	
667.861	97.45	
668.056	-37.72	
668.251	23.72	
668.446	27.82	
668.64	-11.09	
668.835	-23.38	
669.03	5.29	
669.225	48.3	
669.419	54.44	
669.614	-29.52	
669.809	79.02	
670.003	-33.62	
670.198	5.29	
670.393	-19.29	
670.587	42.15	
670.782	21.67	
670.976	7.34	
671.171	-115.54	
671.365	-39.76	
671.56	-35.67	
671.754	122.02	
671.949	-9.05	
672.143	-52.05	
672.338	21.67	
672.532	-15.19	
672.727	1.19	
672.921	-17.24	
673.116	64.68	
673.31	95.4	
673.504	-43.86	
673.699	40.11	
673.893	25.77	
674.088	-17.24	
674.282	11.43	
674.476	-123.73	
674.67	17.58	
674.865	-74.58	
675.059	-15.19	
675.253	-9.05	
675.448	79.02	
675.642	-80.72	
675.836	-103.25	
676.03	-13.14	
676.224	31.91	
676.419	17.58	
676.613	11.43	
676.807	-72.53	
677.001	-17.24	
677.195	15.53	
677.389	29.87	
677.583	7.34	
677.777	25.77	
677.972	-35.67	
678.166	-21.33	
678.36	19.63	
678.554	23.72	
678.748	-19.29	
678.942	-27.48	
679.136	42.15	
679.33	85.16	
679.524	64.68	
679.717	25.77	
679.911	-41.81	
680.105	62.63	
680.299	-4.95	
680.493	15.53	
680.687	9.39	
680.881	-66.39	
681.075	52.39	
681.268	-0.85	
681.462	-56.15	
681.656	-56.15	
681.85	-15.19	
682.044	-148.31	
682.237	62.63	
682.431	50.35	
682.625	7.34	
682.819	5.29	
683.012	64.68	
683.206	-64.34	
683.4	-0.85	
683.593	-47.96	
683.787	91.31	
683.981	1.19	
684.174	70.83	
684.368	-47.96	
684.561	-13.14	
684.755	-35.67	
684.948	-37.72	
685.142	-23.38	
685.335	-13.14	
685.529	13.48	
685.722	44.2	
685.916	42.15	
686.109	-56.15	
686.303	-80.72	
686.496	-11.09	
686.69	7.34	
686.883	-9.05	
687.077	13.48	
687.27	13.48	
687.463	76.97	
687.657	68.78	
687.85	-66.39	
688.043	-95.06	
688.237	-27.48	
688.43	17.58	
688.623	-127.83	
688.816	-64.34	
689.01	1.19	
689.203	31.91	
689.396	-4.95	
689.589	7.34	
689.783	33.96	
689.976	-25.43	
690.169	-21.33	
690.362	-111.44	
690.555	68.78	
690.748	29.87	
690.941	15.53	
691.135	-82.77	
691.328	-50	
691.521	-19.29	
691.714	54.44	
691.907	-80.72	
692.1	-27.48	
692.293	-15.19	
692.486	5.29	
692.679	-47.96	
692.872	-19.29	
693.065	-37.72	
693.258	60.59	
693.451	-37.72	
693.644	-23.38	
693.836	-13.14	
694.029	23.72	
694.222	-174.93	
694.415	-25.43	
694.608	-15.19	
694.801	29.87	
694.993	-27.48	
695.186	-17.24	
695.379	11.43	
695.572	13.48	
695.765	-25.43	
695.957	5.29	
696.15	-52.05	
696.343	-2.9	
696.535	-82.77	
696.728	-35.67	
696.921	-35.67	
697.113	13.48	
697.306	-54.1	
697.499	-56.15	
697.691	15.53	
697.884	101.55	
698.076	9.39	
698.269	-50	
698.462	285.86	
698.654	-21.33	
698.847	-23.38	
699.039	40.11	
699.232	-27.48	
699.424	-121.68	
699.617	165.03	
699.809	-47.96	
700.001	-11.09	
700.194	87.21	
700.386	-27.48	
700.579	-31.57	
700.771	-105.3	
700.963	-52.05	
701.156	-72.53	
701.348	-39.76	
701.54	58.54	
701.733	-31.57	
701.925	-11.09	
702.117	56.49	
702.309	-21.33	
702.502	79.02	
702.694	31.91	
702.886	-11.09	
703.078	-2.9	
703.271	-2.9	
703.463	-11.09	
703.655	52.39	
703.847	64.68	
704.039	-93.01	
704.231	60.59	
704.423	-11.09	
704.615	38.06	
704.808	-4.95	
705	-2.9	
705.192	119.98	
705.384	-43.86	
705.576	-58.2	
705.768	130.22	
705.96	-133.97	
706.152	76.97	
706.344	-7	
706.536	15.53	
706.727	-2.9	
706.919	21.67	
707.111	-7	
707.303	46.25	
707.495	42.15	
707.687	-31.57	
707.879	-21.33	
708.071	-17.24	
708.262	21.67	
708.454	-0.85	
708.646	-41.81	
708.838	-43.86	
709.029	44.2	
709.221	-35.67	
709.413	83.11	
709.605	-105.3	
709.796	-31.57	
709.988	38.06	
710.18	-25.43	
710.371	-27.48	
710.563	-35.67	
710.755	-7	
710.946	-7	
711.138	-2.9	
711.329	36.01	
711.521	44.2	
711.712	21.67	
711.904	15.53	
712.095	38.06	
712.287	-27.48	
712.478	-72.53	
712.67	-19.29	
712.861	-84.82	
713.053	-2.9	
713.244	-68.44	
713.436	-37.72	
713.627	-4.95	
713.818	48.3	
714.01	-11.09	
714.201	7.34	
714.393	-33.62	
714.584	25.77	
714.775	38.06	
714.966	-9.05	
715.158	-39.76	
715.349	-54.1	
715.54	-97.11	
715.732	-23.38	
715.923	5.29	
716.114	-17.24	
716.305	-105.3	
716.496	-29.52	
716.688	-86.87	
716.879	1.19	
717.07	42.15	
717.261	13.48	
717.452	-60.24	
717.643	-127.83	
717.834	74.92	
718.025	-31.57	
718.216	-39.76	
718.407	-17.24	
718.598	11.43	
718.789	-23.38	
718.98	-47.96	
719.171	-82.77	
719.362	-99.16	
719.553	58.54	
719.744	-33.62	
719.935	50.35	
720.126	-88.92	
720.317	-119.64	
720.508	-0.85	
720.699	1.19	
720.889	-0.85	
721.08	31.91	
721.271	-33.62	
721.462	-41.81	
721.653	-37.72	
721.843	25.77	
722.034	85.16	
722.225	-35.67	
722.416	124.07	
722.606	81.07	
722.797	66.73	
722.988	-80.72	
723.178	-68.44	
723.369	-0.85	
723.56	7.34	
723.75	-101.2	
723.941	-13.14	
724.132	21.67	
724.322	-62.29	
724.513	-15.19	
724.703	-50	
724.894	-58.2	
725.084	7.34	
725.275	7.34	
725.465	48.3	
725.656	70.83	
725.846	9.39	
726.037	-27.48	
726.227	-78.68	
726.417	-4.95	
726.608	21.67	
726.798	25.77	
726.989	9.39	
727.179	33.96	
727.369	-11.09	
727.56	5.29	
727.75	-35.67	
727.94	-2.9	
728.131	17.58	
728.321	-52.05	
728.511	-23.38	
728.701	171.18	
728.892	-19.29	
729.082	-9.05	
729.272	60.59	
729.462	-64.34	
729.652	-88.92	
729.842	-78.68	
730.033	-11.09	
730.223	-123.73	
730.413	33.96	
730.603	42.15	
730.793	21.67	
730.983	-27.48	
731.173	46.25	
731.363	-11.09	
731.553	17.58	
731.743	-31.57	
731.933	9.39	
732.123	-35.67	
732.313	-78.68	
732.503	-19.29	
732.693	-2.9	
732.883	13.48	
733.073	1.19	
733.263	-11.09	
733.452	-52.05	
733.642	-60.24	
733.832	87.21	
734.022	76.97	
734.212	-27.48	
734.402	-13.14	
734.591	-37.72	
734.781	15.53	
734.971	19.63	
735.161	-27.48	
735.35	15.53	
735.54	150.7	
735.73	-50	
735.919	13.48	
736.109	-113.49	
736.299	52.39	
736.488	-0.85	
736.678	-45.91	
736.867	83.11	
737.057	109.74	
737.247	48.3	
737.436	-11.09	
737.626	19.63	
737.815	-21.33	
738.005	-123.73	
738.194	-25.43	
738.384	-11.09	
738.573	-72.53	
738.763	-15.19	
738.952	-64.34	
739.141	-66.39	
739.331	-105.3	
739.52	-107.35	
739.71	13.48	
739.899	17.58	
740.088	-41.81	
740.278	-90.96	
740.467	1.19	
740.656	-35.67	
740.846	72.87	
741.035	64.68	
741.224	-60.24	
741.413	40.11	
741.603	-11.09	
741.792	-101.2	
741.981	-35.67	
742.17	-15.19	
742.359	-2.9	
742.548	-64.34	
742.738	17.58	
742.927	23.72	
743.116	136.36	
743.305	17.58	
743.494	58.54	
743.683	1.19	
743.872	42.15	
744.061	-66.39	
744.25	25.77	
744.439	25.77	
744.628	-84.82	
744.817	-37.72	
745.006	7.34	
745.195	-31.57	
745.384	29.87	
745.573	-56.15	
745.762	-64.34	
745.951	111.78	
746.139	-4.95	
746.328	-0.85	
746.517	66.73	
746.706	103.59	
746.895	-25.43	
747.084	1.19	
747.272	7.34	
747.461	42.15	
747.65	-43.86	
747.839	9.39	
748.027	-33.62	
748.216	19.63	
748.405	79.02	
748.593	-76.63	
748.782	-60.24	
748.971	36.01	
749.159	-37.72	
749.348	-27.48	
749.536	-78.68	
749.725	-47.96	
749.914	-15.19	
750.102	36.01	
750.291	3.24	
750.479	-76.63	
750.668	58.54	
750.856	5.29	
751.045	-76.63	
751.233	33.96	
751.421	-56.15	
751.61	-45.91	
751.798	-54.1	
751.987	-37.72	
752.175	-25.43	
752.363	5.29	
752.552	-27.48	
752.74	40.11	
752.928	-27.48	
753.117	-82.77	
753.305	40.11	
753.493	5.29	
753.682	-84.82	
753.87	42.15	
754.058	128.17	
754.246	-27.48	
754.434	11.43	
754.623	42.15	
754.811	-29.52	
754.999	-27.48	
755.187	-2.9	
755.375	-64.34	
755.563	-76.63	
755.751	-74.58	
755.94	17.58	
756.128	-50	
756.316	-68.44	
756.504	-33.62	
756.692	27.82	
756.88	-47.96	
757.068	-11.09	
757.256	13.48	
757.444	3.24	
757.632	-7	
757.819	-43.86	
758.007	-23.38	
758.195	17.58	
758.383	-84.82	
758.571	91.31	
758.759	1.19	
758.947	-52.05	
759.135	-64.34	
759.322	48.3	
759.51	-72.53	
759.698	21.67	
759.886	-19.29	
760.073	-68.44	
760.261	7.34	
760.449	-35.67	
760.637	60.59	
760.824	-62.29	
761.012	-66.39	
761.2	-70.48	
761.387	-35.67	
761.575	-4.95	
761.762	23.72	
761.95	54.44	
762.138	-23.38	
762.325	36.01	
762.513	-52.05	
762.7	19.63	
762.888	-23.38	
763.075	-23.38	
763.263	5.29	
763.45	25.77	
763.638	-50	
763.825	-41.81	
764.012	-80.72	
764.2	-31.57	
764.387	-68.44	
764.575	-11.09	
764.762	31.91	
764.949	-11.09	
765.137	-11.09	
765.324	-23.38	
765.511	42.15	
765.699	-15.19	
765.886	-58.2	
766.073	-19.29	
766.26	5.29	
766.448	15.53	
766.635	-23.38	
766.822	-80.72	
767.009	-2.9	
767.196	-31.57	
767.383	27.82	
767.571	1.19	
767.758	-2.9	
767.945	-68.44	
768.132	1.19	
768.319	27.82	
768.506	-29.52	
768.693	-60.24	
768.88	42.15	
769.067	-52.05	
769.254	-7	
769.441	56.49	
769.628	-0.85	
769.815	-27.48	
770.002	-7	
770.189	-41.81	
770.376	46.25	
770.563	-41.81	
770.75	122.02	
770.936	44.2	
771.123	-43.86	
771.31	29.87	
771.497	-33.62	
771.684	-19.29	
771.87	-84.82	
772.057	11.43	
772.244	11.43	
772.431	-62.29	
772.617	54.44	
772.804	33.96	
772.991	-56.15	
773.177	-62.29	
773.364	-2.9	
773.551	-82.77	
773.737	-50	
773.924	-58.2	
774.111	54.44	
774.297	-109.4	
774.484	-29.52	
774.67	29.87	
774.857	-129.88	
775.043	-58.2	
775.23	62.63	
775.416	-9.05	
775.603	38.06	
775.789	152.74	
775.976	177.32	
776.162	249	
776.349	369.83	
776.535	451.75	
776.721	427.17	
776.908	554.15	
777.094	531.62	
777.28	408.74	
777.467	472.23	
777.653	324.77	
777.839	302.25	
778.025	259.24	
778.212	140.46	
778.398	167.08	
778.584	167.08	
778.77	132.26	
778.957	113.83	
779.143	70.83	
779.329	-21.33	
779.515	46.25	
779.701	42.15	
779.887	13.48	
780.073	21.67	
780.26	-27.48	
780.446	89.26	
780.632	-99.16	
780.818	-58.2	
781.004	99.5	
781.19	7.34	
781.376	13.48	
781.562	-45.91	
781.748	-15.19	
781.934	-50	
782.12	38.06	
782.305	-68.44	
782.491	7.34	
782.677	-62.29	
782.863	-0.85	
783.049	-23.38	
783.235	-35.67	
783.421	-43.86	
783.606	40.11	
783.792	-15.19	
783.978	11.43	
784.164	-47.96	
784.349	-90.96	
784.535	-74.58	
784.721	3.24	
784.907	101.55	
785.092	-43.86	
785.278	54.44	
785.464	-97.11	
785.649	-29.52	
785.835	21.67	
786.02	31.91	
786.206	-4.95	
786.392	-21.33	
786.577	19.63	
786.763	29.87	
786.948	5.29	
787.134	19.63	
787.319	91.31	
787.505	-2.9	
787.69	-35.67	
787.876	-4.95	
788.061	5.29	
788.246	-113.49	
788.432	-82.77	
788.617	11.43	
788.803	-43.86	
788.988	15.53	
789.173	-41.81	
789.359	-131.92	
789.544	48.3	
789.729	-7	
789.915	-99.16	
790.1	-7	
790.285	76.97	
790.47	-11.09	
790.655	-15.19	
790.841	-17.24	
791.026	-47.96	
791.211	-43.86	
791.396	-136.02	
791.581	-72.53	
791.766	-123.73	
791.952	48.3	
792.137	-19.29	
792.322	-133.97	
792.507	50.35	
792.692	-31.57	
792.877	-0.85	
793.062	-54.1	
793.247	-105.3	
793.432	29.87	
793.617	-80.72	
793.802	-31.57	
793.987	64.68	
794.172	-56.15	
794.356	-39.76	
794.541	-45.91	
794.726	-9.05	
794.911	56.49	
795.096	-11.09	
795.281	-82.77	
795.466	-0.85	
795.65	1.19	
795.835	42.15	
796.02	-58.2	
796.205	11.43	
796.389	52.39	
796.574	-4.95	
796.759	-56.15	
796.943	1.19	
797.128	-31.57	
797.313	-41.81	
797.497	29.87	
797.682	23.72	
797.867	-31.57	
798.051	-47.96	
798.236	-27.48	
798.42	-58.2	
798.605	-84.82	
798.789	-80.72	
798.974	-76.63	
799.158	-9.05	
799.343	-72.53	
799.527	1.19	
799.712	-45.91	
799.896	-27.48	
800.081	-45.91	
800.265	9.39	
800.449	-25.43	
800.634	17.58	
800.818	-68.44	
801.002	5.29	
801.187	-70.48	
801.371	-39.76	
801.555	38.06	
801.74	-56.15	
801.924	-82.77	
802.108	-37.72	
802.292	40.11	
802.477	-43.86	
802.661	48.3	
802.845	-41.81	
803.029	-43.86	
803.213	-45.91	
803.397	25.77	
803.581	-140.12	
803.766	-23.38	
803.95	48.3	
804.134	-80.72	
804.318	-27.48	
804.502	-47.96	
804.686	-15.19	
804.87	-66.39	
805.054	46.25	
805.238	23.72	
805.422	-99.16	
805.606	-11.09	
805.79	-125.78	
805.973	-121.68	
806.157	-47.96	
806.341	-23.38	
806.525	-23.38	
806.709	-41.81	
806.893	-56.15	
807.077	1.19	
807.26	68.78	
807.444	-74.58	
807.628	-45.91	
807.812	-43.86	
807.995	-17.24	
808.179	-45.91	
808.363	-4.95	
808.546	-82.77	
808.73	-64.34	
808.914	-74.58	
809.097	23.72	
809.281	-50	
809.465	68.78	
809.648	-19.29	
809.832	-13.14	
810.015	103.59	
810.199	-45.91	
810.382	-60.24	
810.566	68.78	
810.749	-2.9	
810.933	-7	
811.116	-27.48	
811.3	1.19	
811.483	-29.52	
811.667	15.53	
811.85	-19.29	
812.034	29.87	
812.217	27.82	
812.4	-19.29	
812.584	-27.48	
812.767	19.63	
812.95	-68.44	
813.133	-29.52	
813.317	-4.95	
813.5	1.19	
813.683	-43.86	
813.866	-2.9	
814.05	-37.72	
814.233	33.96	
814.416	-31.57	
814.599	-19.29	
814.782	3.24	
814.965	-56.15	
815.149	-64.34	
815.332	-35.67	
815.515	-31.57	
815.698	-107.35	
815.881	-47.96	
816.064	19.63	
816.247	-4.95	
816.43	-27.48	
816.613	58.54	
816.796	29.87	
816.979	-66.39	
817.162	-33.62	
817.345	1.19	
817.528	-103.25	
817.711	-9.05	
817.893	-19.29	
818.076	17.58	
818.259	-31.57	
818.442	-43.86	
818.625	-41.81	
818.808	-19.29	
818.99	-17.24	
819.173	-19.29	
819.356	-7	
819.539	-29.52	
819.721	-41.81	
819.904	-19.29	
820.087	-99.16	
820.269	-35.67	
820.452	-35.67	
820.635	-52.05	
820.817	-47.96	
821	70.83	
821.182	68.78	
821.365	-74.58	
821.548	-23.38	
821.73	-4.95	
821.913	-60.24	
822.095	64.68	
822.278	-117.59	
822.46	-0.85	
822.642	-27.48	
822.825	-82.77	
823.007	-68.44	
823.19	-17.24	
823.372	33.96	
823.555	23.72	
823.737	-27.48	
823.919	-11.09	
824.102	-68.44	
824.284	-13.14	
824.466	-17.24	
824.648	-17.24	
824.831	-162.64	
825.013	-39.76	
825.195	-41.81	
825.377	-43.86	
825.56	-11.09	
825.742	-19.29	
825.924	-54.1	
826.106	5.29	
826.288	-21.33	
826.47	-129.88	
826.652	-7	
826.835	-15.19	
827.017	56.49	
827.199	-17.24	
827.381	-82.77	
827.563	42.15	
827.745	105.64	
827.927	-15.19	
828.109	-43.86	
828.291	-68.44	
828.473	-99.16	
828.655	29.87	
828.836	-27.48	
829.018	-0.85	
829.2	-21.33	
829.382	23.72	
829.564	-31.57	
829.746	27.82	
829.928	44.2	
830.109	21.67	
830.291	29.87	
830.473	9.39	
830.655	9.39	
830.836	-121.68	
831.018	-33.62	
831.2	-84.82	
831.382	36.01	
831.563	-93.01	
831.745	64.68	
831.926	-4.95	
832.108	-4.95	
832.29	-84.82	
832.471	54.44	
832.653	1.19	
832.834	-70.48	
833.016	-101.2	
833.197	-15.19	
833.379	-113.49	
833.56	7.34	
833.742	-129.88	
833.923	31.91	
834.105	-117.59	
834.286	13.48	
834.468	60.59	
834.649	-27.48	
834.83	-39.76	
835.012	-35.67	
835.193	-45.91	
835.374	-19.29	
835.556	40.11	
835.737	-64.34	
835.918	-62.29	
836.1	50.35	
836.281	-52.05	
836.462	-76.63	
836.643	-64.34	
836.824	-47.96	
837.006	-27.48	
837.187	-76.63	
837.368	-37.72	
837.549	40.11	
837.73	-35.67	
837.911	-0.85	
838.092	23.72	
838.273	27.82	
838.455	-107.35	
838.636	54.44	
838.817	-121.68	
838.998	-50	
839.179	13.48	
839.36	-35.67	
839.54	-72.53	
839.721	-39.76	
839.902	27.82	
840.083	38.06	
840.264	-50	
840.445	-2.9	
840.626	21.67	
840.807	-64.34	
840.988	13.48	
841.168	-62.29	
841.349	-27.48	
841.53	-43.86	
841.711	-58.2	
841.891	-101.2	
842.072	-21.33	
842.253	9.39	
842.434	-78.68	
842.614	-76.63	
842.795	-31.57	
842.976	70.83	
843.156	83.11	
843.337	130.22	
843.517	244.9	
843.698	242.85	
843.878	289.96	
844.059	302.25	
844.24	312.49	
844.42	246.95	
844.601	205.99	
844.781	183.46	
844.962	234.66	
845.142	95.4	
845.322	21.67	
845.503	124.07	
845.683	91.31	
845.864	58.54	
846.044	58.54	
846.224	48.3	
846.405	21.67	
846.585	21.67	
846.765	95.4	
846.946	42.15	
847.126	36.01	
847.306	-35.67	
847.486	-35.67	
847.667	38.06	
847.847	-13.14	
848.027	56.49	
848.207	-13.14	
848.387	-23.38	
848.567	21.67	
848.747	13.48	
848.928	42.15	
849.108	44.2	
849.288	-27.48	
849.468	-84.82	
849.648	-93.01	
849.828	-25.43	
850.008	-35.67	
850.188	-84.82	
850.368	-27.48	
850.548	-105.3	
850.728	189.61	
850.908	-17.24	
851.088	40.11	
851.267	5.29	
851.447	-21.33	
851.627	15.53	
851.807	-101.2	
851.987	29.87	
852.167	-39.76	
852.346	66.73	
852.526	-25.43	
852.706	-43.86	
852.886	-9.05	
853.065	-109.4	
853.245	-76.63	
853.425	-0.85	
853.605	-133.97	
853.784	-45.91	
853.964	58.54	
854.143	9.39	
854.323	-17.24	
854.503	-15.19	
854.682	17.58	
854.862	-54.1	
855.041	-68.44	
855.221	-123.73	
855.4	-9.05	
855.58	-56.15	
855.759	-68.44	
855.939	-62.29	
856.118	-11.09	
856.298	-43.86	
856.477	-25.43	
856.657	-54.1	
856.836	-43.86	
857.015	-74.58	
857.195	-2.9	
857.374	-56.15	
857.553	15.53	
857.733	-50	
857.912	-133.97	
858.091	-13.14	
858.27	15.53	
858.45	-138.07	
858.629	-2.9	
858.808	46.25	
858.987	-70.48	
859.166	40.11	
859.345	-78.68	
859.525	33.96	
859.704	-7	
859.883	-7	
860.062	-50	
860.241	-113.49	
860.42	-146.26	
860.599	15.53	
860.778	17.58	
860.957	17.58	
861.136	38.06	
861.315	42.15	
861.494	-33.62	
861.673	-9.05	
861.852	-66.39	
862.031	31.91	
862.21	13.48	
862.388	23.72	
862.567	-0.85	
862.746	-23.38	
862.925	-56.15	
863.104	-76.63	
863.283	42.15	
863.461	-37.72	
863.64	-7	
863.819	44.2	
863.997	-60.24	
864.176	-52.05	
864.355	-64.34	
864.534	-2.9	
864.712	-64.34	
864.891	5.29	
865.069	15.53	
865.248	-97.11	
865.427	-25.43	
865.605	-29.52	
865.784	-45.91	
865.962	-72.53	
866.141	-68.44	
866.319	-58.2	
866.498	-64.34	
866.676	7.34	
866.855	33.96	
867.033	1.19	
867.212	-58.2	
867.39	-39.76	
867.568	62.63	
867.747	27.82	
867.925	36.01	
868.103	38.06	
868.282	-64.34	
868.46	-113.49	
868.638	-27.48	
868.817	46.25	
868.995	-29.52	
869.173	-39.76	
869.351	-60.24	
869.529	-23.38	
869.708	-117.59	
869.886	-21.33	
870.064	-27.48	
870.242	9.39	
870.42	-88.92	
870.598	-88.92	
870.776	48.3	
870.954	-19.29	
871.133	-113.49	
871.311	46.25	
871.489	-68.44	
871.667	21.67	
871.845	-21.33	
872.023	27.82	
872.2	5.29	
872.378	17.58	
872.556	-13.14	
872.734	-27.48	
872.912	54.44	
873.09	15.53	
873.268	-17.24	
873.446	-50	
873.623	1.19	
873.801	-19.29	
873.979	-136.02	
874.157	-131.92	
874.335	-25.43	
874.512	-74.58	
874.69	-56.15	
874.868	-52.05	
875.045	-76.63	
875.223	-90.96	
875.401	50.35	
875.578	-64.34	
875.756	-7	
875.934	44.2	
876.111	-60.24	
876.289	-74.58	
876.466	72.87	
876.644	-80.72	
876.821	-35.67	
876.999	-99.16	
877.176	-17.24	
877.354	-93.01	
877.531	7.34	
877.709	-4.95	
877.886	19.63	
878.063	-74.58	
878.241	17.58	
878.418	19.63	
878.596	-7	
878.773	21.67	
878.95	-19.29	
879.127	-47.96	
879.305	-119.64	
879.482	21.67	
879.659	-52.05	
879.836	-88.92	
880.014	-27.48	
880.191	21.67	
880.368	21.67	
880.545	-52.05	
880.722	-58.2	
880.9	54.44	
881.077	-72.53	
881.254	-15.19	
881.431	-107.35	
881.608	-93.01	
881.785	-43.86	
881.962	50.35	
882.139	-0.85	
882.316	-70.48	
882.493	-39.76	
882.67	-50	
882.847	-70.48	
883.024	79.02	
883.201	-107.35	
883.378	-13.14	
883.554	-93.01	
883.731	64.68	
883.908	76.97	
884.085	-2.9	
884.262	-60.24	
884.439	-45.91	
884.615	-72.53	
884.792	5.29	
884.969	-160.59	
885.146	66.73	
885.322	-52.05	
885.499	-21.33	
885.676	-45.91	
885.852	44.2	
886.029	-117.59	
886.205	-33.62	
886.382	-35.67	
886.559	-25.43	
886.735	-15.19	
886.912	-2.9	
887.088	-105.3	
887.265	-47.96	
887.441	-84.82	
887.618	5.29	
887.794	-78.68	
887.971	-21.33	
888.147	13.48	
888.324	-11.09	
888.5	83.11	
888.676	-52.05	
888.853	36.01	
889.029	-72.53	
889.205	-62.29	
889.382	-21.33	
889.558	-31.57	
889.734	-39.76	
889.911	-11.09	
890.087	-74.58	
890.263	-47.96	
890.439	-13.14	
890.616	-31.57	
890.792	-21.33	
890.968	-60.24	
891.144	-39.76	
891.32	-74.58	
891.496	-72.53	
891.672	-23.38	
891.848	-95.06	
892.025	-86.87	
892.201	5.29	
892.377	25.77	
892.553	-31.57	
892.729	-58.2	
892.905	79.02	
893.081	-33.62	
893.256	-82.77	
893.432	-0.85	
893.608	17.58	
893.784	-27.48	
893.96	-19.29	
894.136	-88.92	
894.312	-86.87	
894.488	-76.63	
894.663	66.73	
894.839	-88.92	
895.015	5.29	
895.191	-17.24	
895.366	-66.39	
895.542	62.63	
895.718	-7	
895.894	-21.33	
896.069	-68.44	
896.245	-37.72	
896.421	-54.1	
896.596	3.24	
896.772	-95.06	
896.947	-76.63	
897.123	-41.81	
897.298	-4.95	
897.474	1.19	
897.649	-95.06	
897.825	95.4	
898	-43.86	
898.176	-7	
898.351	23.72	
898.527	-56.15	
898.702	21.67	
898.878	-125.78	
899.053	-35.67	
899.228	-56.15	
899.404	5.29	
899.579	-19.29	
899.754	-0.85	
899.93	-66.39	
900.105	-54.1	
900.28	54.44	
900.455	-58.2	
900.631	-11.09	
900.806	-88.92	
900.981	-39.76	
901.156	-70.48	
901.331	-31.57	
901.507	-15.19	
901.682	-29.52	
901.857	-21.33	
902.032	23.72	
902.207	-39.76	
902.382	-7	
902.557	-2.9	
902.732	87.21	
902.907	-37.72	
903.082	-21.33	
903.257	-35.67	
903.432	111.78	
903.607	-29.52	
903.782	-68.44	
903.957	-56.15	
904.132	-60.24	
904.306	-117.59	
904.481	-93.01	
904.656	-35.67	
904.831	111.78	
905.006	-107.35	
905.181	-0.85	
905.355	-97.11	
905.53	-37.72	
905.705	-33.62	
905.879	-56.15	
906.054	-2.9	
906.229	-0.85	
906.404	-76.63	
906.578	5.29	
906.753	-11.09	
906.927	-50	
907.102	-66.39	
907.277	-56.15	
907.451	-2.9	
907.626	-78.68	
907.8	-56.15	
907.975	-99.16	
908.149	23.72	
908.324	-78.68	
908.498	15.53	
908.673	-60.24	
908.847	-25.43	
909.021	-88.92	
909.196	11.43	
909.37	-56.15	
909.544	5.29	
909.719	-125.78	
909.893	-144.21	
910.067	-47.96	
910.242	-93.01	
910.416	70.83	
910.59	-47.96	
910.764	-29.52	
910.939	-45.91	
911.113	-82.77	
911.287	-37.72	
911.461	-66.39	
911.635	-35.67	
911.809	-50	
911.984	-35.67	
912.158	-9.05	
912.332	-11.09	
912.506	-74.58	
912.68	-58.2	
912.854	54.44	
913.028	-39.76	
913.202	38.06	
913.376	-50	
913.55	-21.33	
913.724	81.07	
913.898	7.34	
914.071	23.72	
914.245	23.72	
914.419	93.35	
914.593	-23.38	
914.767	1.19	
914.941	-9.05	
915.115	-13.14	
915.288	3.24	
915.462	105.64	
915.636	11.43	
915.81	-2.9	
915.983	38.06	
916.157	99.5	
916.331	50.35	
916.504	-45.91	
916.678	13.48	
916.852	-80.72	
917.025	5.29	
917.199	50.35	
917.372	-70.48	
917.546	-33.62	
917.719	-82.77	
917.893	36.01	
918.066	-31.57	
918.24	-27.48	
918.413	-2.9	
918.587	-31.57	
918.76	-35.67	
918.934	-183.12	
919.107	29.87	
919.28	33.96	
919.454	40.11	
919.627	38.06	
919.8	-41.81	
919.974	-47.96	
920.147	-125.78	
920.32	-93.01	
920.494	-7	
920.667	-0.85	
920.84	76.97	
921.013	56.49	
921.186	-101.2	
921.36	-13.14	
921.533	29.87	
921.706	9.39	
921.879	-47.96	
922.052	-144.21	
922.225	-13.14	
922.398	-27.48	
922.571	-15.19	
922.744	-9.05	
922.917	-72.53	
923.09	-41.81	
923.263	-27.48	
923.436	-131.92	
923.609	-11.09	
923.782	-47.96	
923.955	-15.19	
924.128	-54.1	
924.301	46.25	
924.474	-70.48	
924.647	122.02	
924.819	-58.2	
924.992	70.83	
925.165	50.35	
925.338	19.63	
925.511	-2.9	
925.683	38.06	
925.856	33.96	
926.029	-9.05	
926.201	89.26	
926.374	76.97	
926.547	13.48	
926.719	11.43	
926.892	-33.62	
927.065	115.88	
927.237	52.39	
927.41	117.93	
927.582	-43.86	
927.755	-2.9	
927.927	-68.44	
928.1	1.19	
928.272	-174.93	
928.445	-54.1	
928.617	-103.25	
928.79	-29.52	
928.962	-25.43	
929.134	-7	
929.307	-66.39	
929.479	-66.39	
929.651	-101.2	
929.824	19.63	
929.996	-23.38	
930.168	19.63	
930.341	-54.1	
930.513	-66.39	
930.685	5.29	
930.857	-39.76	
931.029	-70.48	
931.202	1.19	
931.374	-82.77	
931.546	-33.62	
931.718	-31.57	
931.89	-39.76	
932.062	-4.95	
932.234	15.53	
932.406	-68.44	
932.578	-54.1	
932.75	-107.35	
932.922	-129.88	
933.094	-2.9	
933.266	-29.52	
933.438	-56.15	
933.61	38.06	
933.782	-47.96	
933.954	29.87	
934.126	-52.05	
934.298	-19.29	
934.47	21.67	
934.641	-39.76	
934.813	-95.06	
934.985	25.77	
935.157	-41.81	
935.329	5.29	
935.5	-54.1	
935.672	29.87	
935.844	-113.49	
936.015	-23.38	
936.187	-125.78	
936.359	-45.91	
936.53	-113.49	
936.702	-23.38	
936.874	5.29	
937.045	1.19	
937.217	-90.96	
937.388	29.87	
937.56	23.72	
937.731	-23.38	
937.903	-4.95	
938.074	-99.16	
938.246	-76.63	
938.417	-56.15	
938.588	-66.39	
938.76	33.96	
938.931	-82.77	
939.103	-23.38	
939.274	-133.97	
939.445	-41.81	
939.617	-107.35	
939.788	-31.57	
939.959	-68.44	
940.13	-27.48	
940.302	-43.86	
940.473	-101.2	
940.644	-21.33	
940.815	-23.38	
940.987	-27.48	
941.158	-11.09	
941.329	-74.58	
941.5	42.15	
941.671	46.25	
941.842	7.34	
942.013	23.72	
942.184	3.24	
942.355	-0.85	
942.526	-70.48	
942.697	29.87	
942.868	-35.67	
943.039	-62.29	
943.21	-0.85	
943.381	-58.2	
943.552	87.21	
943.723	105.64	
943.894	-64.34	
944.065	-21.33	
944.235	-52.05	
944.406	-43.86	
944.577	-93.01	
944.748	9.39	
944.919	-33.62	
945.089	-39.76	
945.26	107.69	
945.431	-19.29	
945.601	-84.82	
945.772	23.72	
945.943	-103.25	
946.113	85.16	
946.284	25.77	
946.455	-27.48	
946.625	-7	
946.796	-33.62	
946.966	-58.2	
947.137	-66.39	
947.307	-95.06	
947.478	7.34	
947.648	19.63	
947.819	-80.72	
947.989	-47.96	
948.16	99.5	
948.33	-29.52	
948.5	25.77	
948.671	-86.87	
948.841	-58.2	
949.012	-29.52	
949.182	-52.05	
949.352	19.63	
949.522	-88.92	
949.693	-72.53	
949.863	-56.15	
950.033	29.87	
950.203	-17.24	
950.374	31.91	
950.544	19.63	
950.714	48.3	
950.884	-33.62	
951.054	-56.15	
951.224	25.77	
951.394	7.34	
951.564	-52.05	
951.735	-2.9	
951.905	-144.21	
952.075	-103.25	
952.245	-29.52	
952.415	29.87	
952.585	-62.29	
952.754	17.58	
952.924	70.83	
953.094	-115.54	
953.264	23.72	
953.434	-60.24	
953.604	-9.05	
953.774	-31.57	
953.944	-131.92	
954.113	-64.34	
954.283	13.48	
954.453	-43.86	
954.623	-70.48	
954.792	-68.44	
954.962	11.43	
955.132	-109.4	
955.302	-62.29	
955.471	-33.62	
955.641	-58.2	
955.81	-66.39	
955.98	-9.05	
956.15	-9.05	
956.319	68.78	
956.489	-9.05	
956.658	-35.67	
956.828	-27.48	
956.997	27.82	
957.167	-74.58	
957.336	3.24	
957.506	-9.05	
957.675	9.39	
957.845	-101.2	
958.014	-43.86	
958.183	-47.96	
958.353	-60.24	
958.522	-50	
958.691	-15.19	
958.861	-19.29	
959.03	-15.19	
959.199	-97.11	
959.368	-70.48	
959.538	-4.95	
959.707	-50	
959.876	36.01	
960.045	-11.09	
960.214	29.87	
960.383	27.82	
960.553	-58.2	
960.722	21.67	
960.891	-129.88	
961.06	58.54	
961.229	-72.53	
961.398	-33.62	
961.567	5.29	
961.736	33.96	
961.905	31.91	
962.074	-64.34	
962.243	-9.05	
962.412	111.78	
962.581	-66.39	
962.75	-19.29	
962.918	-39.76	
963.087	38.06	
963.256	-13.14	
963.425	-0.85	
963.594	-66.39	
963.763	21.67	
963.931	-41.81	
964.1	15.53	
964.269	-41.81	
964.437	-64.34	
964.606	31.91	
964.775	-68.44	
964.943	62.63	
965.112	11.43	
965.281	-35.67	
965.449	25.77	
965.618	-43.86	
965.786	31.91	
965.955	-86.87	
966.124	-115.54	
966.292	-138.07	
966.461	-125.78	
966.629	29.87	
966.797	-99.16	
966.966	38.06	
967.134	-9.05	
967.303	-86.87	
967.471	-33.62	
967.639	-13.14	
967.808	-35.67	
967.976	1.19	
968.144	5.29	
968.313	3.24	
968.481	-25.43	
968.649	29.87	
968.817	-156.5	
968.986	-47.96	
969.154	-52.05	
969.322	-58.2	
969.49	-80.72	
969.658	-35.67	
969.827	15.53	
969.995	-107.35	
970.163	62.63	
970.331	-19.29	
970.499	-41.81	
970.667	36.01	
970.835	-21.33	
971.003	-45.91	
971.171	-78.68	
971.339	54.44	
971.507	21.67	
971.675	-41.81	
971.843	-101.2	
972.011	42.15	
972.178	29.87	
972.346	79.02	
972.514	-15.19	
972.682	-78.68	
972.85	-90.96	
973.018	7.34	
973.185	-45.91	
973.353	33.96	
973.521	-2.9	
973.689	21.67	
973.856	-11.09	
974.024	-54.1	
974.192	-7	
974.359	-60.24	
974.527	146.6	
974.694	-56.15	
974.862	-90.96	
975.03	42.15	
975.197	-21.33	
975.365	40.11	
975.532	-35.67	
975.7	-9.05	
975.867	-43.86	
976.035	44.2	
976.202	-0.85	
976.369	46.25	
976.537	-45.91	
976.704	-17.24	
976.872	-15.19	
977.039	48.3	
977.206	-105.3	
977.374	-39.76	
977.541	56.49	
977.708	36.01	
977.875	-2.9	
978.043	-39.76	
978.21	17.58	
978.377	19.63	
978.544	-52.05	
978.711	-7	
978.879	-11.09	
979.046	-19.29	
979.213	-41.81	
979.38	44.2	
979.547	-39.76	
979.714	-95.06	
979.881	-7	
980.048	-19.29	
980.215	17.58	
980.382	-76.63	
980.549	23.72	
980.716	-15.19	
980.883	-19.29	
981.05	56.49	
981.217	54.44	
981.384	-60.24	
981.55	29.87	
981.717	60.59	
981.884	-127.83	
982.051	-19.29	
982.218	-109.4	
982.384	-58.2	
982.551	-47.96	
982.718	23.72	
982.885	-56.15	
983.051	-9.05	
983.218	31.91	
983.385	19.63	
983.551	5.29	
983.718	23.72	
983.885	-21.33	
984.051	-146.26	
984.218	1.19	
984.384	-35.67	
984.551	-82.77	
984.717	70.83	
984.884	56.49	
985.05	-82.77	
985.217	-93.01	
985.383	-43.86	
985.55	-82.77	
985.716	-76.63	
985.882	52.39	
986.049	-56.15	
986.215	-15.19	
986.381	64.68	
986.548	-7	
986.714	66.73	
986.88	1.19	
987.046	-33.62	
987.213	-2.9	
987.379	5.29	
987.545	-37.72	
987.711	-60.24	
987.877	7.34	
988.044	-2.9	
988.21	9.39	
988.376	29.87	
988.542	-99.16	
988.708	38.06	
988.874	-97.11	
989.04	31.91	
989.206	-113.49	
989.372	-29.52	
989.538	-45.91	
989.704	-54.1	
989.87	-60.24	
990.036	-7	
990.202	15.53	
990.368	-27.48	
990.534	-52.05	
990.699	-52.05	
990.865	-52.05	
991.031	-35.67	
991.197	-60.24	
991.363	68.78	
991.528	-9.05	
991.694	-138.07	
991.86	-15.19	
992.025	-50	
992.191	66.73	
992.357	-88.92	
992.522	7.34	
992.688	38.06	
992.854	-35.67	
993.019	-99.16	
993.185	5.29	
993.35	-35.67	
993.516	-31.57	
993.681	-39.76	
993.847	31.91	
994.012	-39.76	
994.178	-45.91	
994.343	-45.91	
994.509	19.63	
994.674	-43.86	
994.84	-72.53	
995.005	-60.24	
995.17	-80.72	
995.336	-7	
995.501	60.59	
995.666	-170.83	
995.831	-15.19	
995.997	-33.62	
996.162	-37.72	
996.327	128.17	
996.492	13.48	
996.658	-35.67	
996.823	-115.54	
996.988	-58.2	
997.153	68.78	
997.318	21.67	
997.483	-54.1	
997.648	-160.59	
997.813	-62.29	
997.978	-33.62	
998.143	-80.72	
998.308	-62.29	
998.473	-25.43	
998.638	136.36	
998.803	46.25	
998.968	-47.96	
999.133	-60.24	
999.298	-47.96	
999.463	21.67	
999.628	-97.11	
999.793	40.11	
999.957	60.59	
1000.122	-80.72	
1000.287	-82.77	
1000.452	-80.72	
1000.616	-86.87	
1000.781	25.77	
1000.946	17.58	
1001.111	21.67	
1001.275	11.43	
1001.44	-50	
1001.604	-95.06	
1001.769	21.67	
1001.934	44.2	
1002.098	-29.52	
1002.263	-62.29	
1002.427	-37.72	
1002.592	27.82	
1002.756	36.01	
1002.921	-41.81	
1003.085	-72.53	
1003.25	-31.57	
1003.414	-56.15	
1003.579	-72.53	
1003.743	-19.29	
1003.907	5.29	
1004.072	-17.24	
1004.236	83.11	
1004.4	-99.16	
1004.565	-25.43	
1004.729	-105.3	
1004.893	-41.81	
1005.057	-133.97	
1005.222	-35.67	
1005.386	-82.77	
1005.55	-60.24	
1005.714	-74.58	
1005.878	-33.62	
1006.042	33.96	
1006.206	-121.68	
1006.371	-52.05	
1006.535	15.53	
1006.699	-27.48	
1006.863	-35.67	
1007.027	-4.95	
1007.191	33.96	
1007.355	-15.19	
1007.519	-68.44	
1007.683	31.91	
1007.847	-43.86	
1008.01	5.29	
1008.174	44.2	
1008.338	21.67	
1008.502	15.53	
1008.666	1.19	
1008.83	85.16	
1008.993	-25.43	
1009.157	-19.29	
1009.321	-29.52	
1009.485	-68.44	
1009.648	-62.29	
1009.812	-23.38	
1009.976	-88.92	
1010.139	-140.12	
1010.303	7.34	
1010.467	-60.24	
1010.63	29.87	
1010.794	19.63	
1010.957	-27.48	
1011.121	-47.96	
1011.285	40.11	
1011.448	44.2	
1011.612	-56.15	
1011.775	-7	
1011.938	-31.57	
1012.102	-58.2	
1012.265	-70.48	
1012.429	60.59	
1012.592	5.29	
1012.755	-70.48	
1012.919	-17.24	
1013.082	-50	
1013.245	-52.05	
1013.409	7.34	
1013.572	-76.63	
1013.735	-23.38	
1013.898	79.02	
1014.062	-109.4	
1014.225	85.16	
1014.388	19.63	
1014.551	-101.2	
1014.714	46.25	
1014.877	17.58	
1015.041	17.58	
1015.204	-50	
1015.367	-76.63	
1015.53	-41.81	
1015.693	-68.44	
1015.856	-19.29	
1016.019	-52.05	
1016.182	-19.29	
1016.345	-31.57	
1016.508	-72.53	
1016.67	-72.53	
1016.833	79.02	
1016.996	17.58	
1017.159	-86.87	
1017.322	-2.9	
1017.485	-90.96	
1017.648	-47.96	
1017.81	-0.85	
1017.973	5.29	
1018.136	-76.63	
1018.298	-54.1	
1018.461	-99.16	
1018.624	-4.95	
1018.787	-41.81	
1018.949	23.72	
1019.112	38.06	
1019.274	-47.96	
1019.437	-84.82	
1019.6	60.59	
1019.762	-2.9	
1019.925	-80.72	
1020.087	38.06	
1020.25	93.35	
1020.412	-11.09	
1020.575	-60.24	
1020.737	-72.53	
1020.899	1.19	
1021.062	-35.67	
1021.224	-43.86	
1021.387	54.44	
1021.549	-39.76	
1021.711	9.39	
1021.874	23.72	
1022.036	68.78	
1022.198	29.87	
1022.36	-103.25	
1022.523	-97.11	
1022.685	-80.72	
1022.847	-29.52	
1023.009	-80.72	
1023.171	33.96	
1023.333	-162.64	
1023.496	-19.29	
1023.658	-2.9	
1023.82	253.09	
1023.982	-35.67	
1024.144	-90.96	
1024.306	-76.63	
1024.468	-56.15	
1024.63	-133.97	
1024.792	-39.76	
1024.954	-95.06	
1025.116	-66.39	
1025.278	-45.91	
1025.44	5.29	
1025.601	1.19	
1025.763	-109.4	
1025.925	-33.62	
1026.087	-43.86	
1026.249	21.67	
1026.41	-76.63	
1026.572	105.64	
1026.734	54.44	
1026.896	1.19	
1027.057	-82.77	
1027.219	52.39	
1027.381	-68.44	
1027.542	-64.34	
1027.704	-35.67	
1027.866	-56.15	
1028.027	-35.67	
1028.189	-50	
1028.35	-19.29	
1028.512	-62.29	
1028.673	-39.76	
1028.835	-113.49	
1028.996	-7	
1029.158	56.49	
1029.319	-37.72	
1029.481	38.06	
1029.642	-15.19	
1029.803	-9.05	
1029.965	7.34	
1030.126	-86.87	
1030.287	-121.68	
1030.449	60.59	
1030.61	-15.19	
1030.771	-52.05	
1030.933	-78.68	
1031.094	5.29	
1031.255	-50	
1031.416	9.39	
1031.577	-121.68	
1031.738	52.39	
1031.9	-56.15	
1032.061	-15.19	
1032.222	48.3	
1032.383	1.19	
1032.544	-66.39	
1032.705	38.06	
1032.866	-39.76	
1033.027	-27.48	
1033.188	-45.91	
1033.349	-84.82	
1033.51	-37.72	
1033.671	40.11	
1033.832	31.91	
1033.993	-146.26	
1034.153	-17.24	
1034.314	-25.43	
1034.475	15.53	
1034.636	-19.29	
1034.797	-72.53	
1034.957	-17.24	
1035.118	-47.96	
1035.279	-17.24	
1035.44	7.34	
1035.6	21.67	
1035.761	-2.9	
1035.922	-107.35	
1036.082	-66.39	
1036.243	-52.05	
1036.404	-66.39	
1036.564	-84.82	
1036.725	-68.44	
1036.885	-129.88	
1037.046	-43.86	
1037.206	-31.57	
1037.367	23.72	
1037.527	-13.14	
1037.688	15.53	
1037.848	-115.54	
1038.008	40.11	
1038.169	-88.92	
