USB4E00404_1:101		
345.868	-126.63	
346.082	-126.63	
346.296	-126.63	
346.51	-165.54	
346.724	-204.46	
346.937	24.92	
347.151	-34.47	
347.365	12.63	
347.579	59.73	
347.793	67.92	
348.006	-71.34	
348.22	-18.09	
348.434	14.68	
348.648	-32.43	
348.861	-22.19	
349.075	14.68	
349.289	-16.04	
349.502	-79.53	
349.716	84.31	
349.93	127.32	
350.143	158.03	
350.357	31.06	
350.571	4.44	
350.784	51.54	
350.998	65.88	
351.212	14.68	
351.425	43.35	
351.639	76.12	
351.852	20.82	
352.066	100.69	
352.28	110.93	
352.493	180.56	
352.707	82.26	
352.92	84.31	
353.134	151.89	
353.347	133.46	
353.561	43.35	
353.774	12.63	
353.988	119.12	
354.201	4.44	
354.415	108.88	
354.628	24.92	
354.841	35.16	
355.055	37.2	
355.268	72.02	
355.482	-20.14	
355.695	110.93	
355.908	94.55	
356.122	127.32	
356.335	129.36	
356.549	192.85	
356.762	119.12	
356.975	135.51	
357.189	256.34	
357.402	184.66	
357.615	143.7	
357.828	112.98	
358.042	78.16	
358.255	92.5	
358.468	6.49	
358.682	43.35	
358.895	33.11	
359.108	18.77	
359.321	43.35	
359.534	-11.95	
359.748	-54.95	
359.961	53.59	
360.174	12.63	
360.387	112.98	
360.6	74.07	
360.813	-26.28	
361.027	92.5	
361.24	-61.1	
361.453	76.12	
361.666	-57	
361.879	-30.38	
362.092	-30.38	
362.305	-40.62	
362.518	14.68	
362.731	78.16	
362.944	65.88	
363.157	39.25	
363.37	10.58	
363.583	-11.95	
363.796	51.54	
364.009	4.44	
364.222	-50.86	
364.435	35.16	
364.648	55.64	
364.861	31.06	
365.074	4.44	
365.287	61.78	
365.5	55.64	
365.713	45.4	
365.926	61.78	
366.139	100.69	
366.352	26.96	
366.564	-32.43	
366.777	-28.33	
366.99	137.56	
367.203	31.06	
367.416	-32.43	
367.629	-11.95	
367.841	-40.62	
368.054	106.84	
368.267	51.54	
368.48	2.39	
368.693	67.92	
368.905	86.36	
369.118	112.98	
369.331	110.93	
369.544	-9.9	
369.756	192.85	
369.969	57.68	
370.182	35.16	
370.394	80.21	
370.607	63.83	
370.82	119.12	
371.032	35.16	
371.245	22.87	
371.458	-9.9	
371.67	82.26	
371.883	-3.75	
372.095	4.44	
372.308	49.49	
372.52	18.77	
372.733	0.34	
372.946	6.49	
373.158	6.49	
373.371	20.82	
373.583	35.16	
373.796	147.8	
374.008	190.8	
374.221	190.8	
374.433	76.12	
374.646	80.21	
374.858	229.71	
375.071	61.78	
375.283	67.92	
375.495	67.92	
375.708	69.97	
375.92	-20.14	
376.133	24.92	
376.345	10.58	
376.557	2.39	
376.77	121.17	
376.982	-28.33	
377.194	31.06	
377.407	14.68	
377.619	-40.62	
377.831	57.68	
378.044	135.51	
378.256	151.89	
378.468	37.2	
378.68	8.53	
378.893	141.65	
379.105	-36.52	
379.317	65.88	
379.529	84.31	
379.742	207.19	
379.954	33.11	
380.166	160.08	
380.378	121.17	
380.59	72.02	
380.803	92.5	
381.015	-20.14	
381.227	145.75	
381.439	338.26	
381.651	45.4	
381.863	-32.43	
382.075	110.93	
382.287	26.96	
382.499	0.34	
382.712	55.64	
382.924	-5.8	
383.136	106.84	
383.348	51.54	
383.56	-3.75	
383.772	-69.29	
383.984	-40.62	
384.196	94.55	
384.408	4.44	
384.62	96.6	
384.832	61.78	
385.044	-1.71	
385.255	35.16	
385.467	78.16	
385.679	117.08	
385.891	39.25	
386.103	108.88	
386.315	61.78	
386.527	147.8	
386.739	2.39	
386.951	141.65	
387.162	16.73	
387.374	-22.19	
387.586	160.08	
387.798	119.12	
388.01	166.23	
388.221	63.83	
388.433	65.88	
388.645	84.31	
388.857	57.68	
389.069	53.59	
389.28	176.47	
389.492	80.21	
389.704	51.54	
389.915	151.89	
390.127	-7.85	
390.339	-38.57	
390.55	-13.99	
390.762	6.49	
390.974	-26.28	
391.185	74.07	
391.397	55.64	
391.609	-54.95	
391.82	125.27	
392.032	45.4	
392.243	86.36	
392.455	31.06	
392.667	94.55	
392.878	39.25	
393.09	-3.75	
393.301	65.88	
393.513	72.02	
393.724	29.01	
393.936	6.49	
394.147	117.08	
394.359	20.82	
394.57	41.3	
394.782	-40.62	
394.993	4.44	
395.204	59.73	
395.416	49.49	
395.627	-24.23	
395.839	-24.23	
396.05	67.92	
396.261	108.88	
396.473	-30.38	
396.684	94.55	
396.896	67.92	
397.107	117.08	
397.318	108.88	
397.529	22.87	
397.741	90.45	
397.952	47.44	
398.163	86.36	
398.375	84.31	
398.586	72.02	
398.797	61.78	
399.008	108.88	
399.22	180.56	
399.431	108.88	
399.642	174.42	
399.853	145.75	
400.064	35.16	
400.276	51.54	
400.487	6.49	
400.698	-28.33	
400.909	108.88	
401.12	-22.19	
401.331	35.16	
401.542	182.61	
401.754	0.34	
401.965	92.5	
402.176	106.84	
402.387	59.73	
402.598	-87.72	
402.809	20.82	
403.02	26.96	
403.231	88.4	
403.442	10.58	
403.653	69.97	
403.864	74.07	
404.075	131.41	
404.286	125.27	
404.497	133.46	
404.708	35.16	
404.919	51.54	
405.13	10.58	
405.341	135.51	
405.551	63.83	
405.762	112.98	
405.973	92.5	
406.184	33.11	
406.395	55.64	
406.606	22.87	
406.817	145.75	
407.027	94.55	
407.238	-5.8	
407.449	84.31	
407.66	131.41	
407.871	55.64	
408.081	92.5	
408.292	100.69	
408.503	55.64	
408.714	121.17	
408.924	69.97	
409.135	78.16	
409.346	49.49	
409.556	190.8	
409.767	110.93	
409.978	182.61	
410.188	270.67	
410.399	176.47	
410.61	147.8	
410.82	78.16	
411.031	59.73	
411.242	-1.71	
411.452	-54.95	
411.663	12.63	
411.873	94.55	
412.084	127.32	
412.295	33.11	
412.505	33.11	
412.716	-44.71	
412.926	37.2	
413.137	-38.57	
413.347	100.69	
413.558	51.54	
413.768	33.11	
413.979	31.06	
414.189	106.84	
414.399	100.69	
414.61	4.44	
414.82	-36.52	
415.031	39.25	
415.241	-1.71	
415.451	102.74	
415.662	100.69	
415.872	-13.99	
416.083	18.77	
416.293	31.06	
416.503	92.5	
416.714	14.68	
416.924	4.44	
417.134	67.92	
417.344	119.12	
417.555	47.44	
417.765	119.12	
417.975	63.83	
418.186	237.91	
418.396	53.59	
418.606	47.44	
418.816	143.7	
419.026	61.78	
419.237	125.27	
419.447	141.65	
419.657	100.69	
419.867	117.08	
420.077	72.02	
420.287	145.75	
420.497	8.53	
420.708	108.88	
420.918	53.59	
421.128	49.49	
421.338	-3.75	
421.548	65.88	
421.758	45.4	
421.968	29.01	
422.178	49.49	
422.388	-11.95	
422.598	-75.43	
422.808	-67.24	
423.018	47.44	
423.228	-30.38	
423.438	26.96	
423.648	133.46	
423.858	84.31	
424.068	-30.38	
424.278	14.68	
424.488	24.92	
424.698	96.6	
424.907	-7.85	
425.117	4.44	
425.327	-20.14	
425.537	-11.95	
425.747	96.6	
425.957	67.92	
426.167	129.36	
426.376	82.26	
426.586	104.79	
426.796	24.92	
427.006	92.5	
427.216	18.77	
427.425	55.64	
427.635	4.44	
427.845	-34.47	
428.054	26.96	
428.264	43.35	
428.474	20.82	
428.684	102.74	
428.893	47.44	
429.103	-26.28	
429.313	59.73	
429.522	31.06	
429.732	18.77	
429.941	4.44	
430.151	35.16	
430.361	117.08	
430.57	41.3	
430.78	155.99	
430.989	-34.47	
431.199	104.79	
431.409	33.11	
431.618	-42.67	
431.828	-22.19	
432.037	-22.19	
432.247	31.06	
432.456	8.53	
432.666	158.03	
432.875	399.7	
433.084	567.63	
433.294	649.55	
433.503	807.24	
433.713	977.22	
433.922	987.46	
434.132	958.79	
434.341	979.27	
434.55	764.23	
434.76	438.61	
434.969	493.9	
435.178	225.62	
435.388	201.04	
435.597	35.16	
435.806	-9.9	
436.016	-48.81	
436.225	18.77	
436.434	72.02	
436.643	16.73	
436.853	33.11	
437.062	41.3	
437.271	61.78	
437.48	61.78	
437.69	8.53	
437.899	31.06	
438.108	90.45	
438.317	-18.09	
438.526	37.2	
438.735	-18.09	
438.945	16.73	
439.154	133.46	
439.363	-38.57	
439.572	47.44	
439.781	35.16	
439.99	-1.71	
440.199	31.06	
440.408	106.84	
440.617	39.25	
440.826	41.3	
441.035	53.59	
441.244	104.79	
441.453	37.2	
441.662	80.21	
441.871	76.12	
442.08	104.79	
442.289	121.17	
442.498	33.11	
442.707	49.49	
442.916	84.31	
443.125	0.34	
443.334	35.16	
443.543	2.39	
443.752	43.35	
443.961	57.68	
444.169	104.79	
444.378	-42.67	
444.587	14.68	
444.796	153.94	
445.005	67.92	
445.213	110.93	
445.422	31.06	
445.631	6.49	
445.84	69.97	
446.049	108.88	
446.257	-16.04	
446.466	26.96	
446.675	-24.23	
446.883	63.83	
447.092	86.36	
447.301	96.6	
447.51	6.49	
447.718	51.54	
447.927	-26.28	
448.135	63.83	
448.344	100.69	
448.553	26.96	
448.761	43.35	
448.97	131.41	
449.179	-5.8	
449.387	59.73	
449.596	-13.99	
449.804	127.32	
450.013	125.27	
450.221	61.78	
450.43	57.68	
450.638	102.74	
450.847	-26.28	
451.055	47.44	
451.264	22.87	
451.472	119.12	
451.681	0.34	
451.889	131.41	
452.097	72.02	
452.306	12.63	
452.514	-22.19	
452.723	90.45	
452.931	94.55	
453.139	117.08	
453.348	80.21	
453.556	-1.71	
453.764	63.83	
453.973	-1.71	
454.181	10.58	
454.389	102.74	
454.598	67.92	
454.806	37.2	
455.014	35.16	
455.222	22.87	
455.431	-30.38	
455.639	82.26	
455.847	-36.52	
456.055	88.4	
456.264	29.01	
456.472	35.16	
456.68	141.65	
456.888	67.92	
457.096	82.26	
457.304	108.88	
457.512	4.44	
457.721	24.92	
457.929	123.22	
458.137	92.5	
458.345	110.93	
458.553	29.01	
458.761	33.11	
458.969	67.92	
459.177	84.31	
459.385	43.35	
459.593	125.27	
459.801	49.49	
460.009	-1.71	
460.217	-30.38	
460.425	10.58	
460.633	88.4	
460.841	108.88	
461.049	92.5	
461.257	18.77	
461.465	-11.95	
461.673	94.55	
461.88	162.13	
462.088	31.06	
462.296	96.6	
462.504	102.74	
462.712	125.27	
462.92	166.23	
463.127	100.69	
463.335	117.08	
463.543	141.65	
463.751	51.54	
463.959	155.99	
464.166	94.55	
464.374	22.87	
464.582	82.26	
464.79	168.27	
464.997	20.82	
465.205	41.3	
465.413	33.11	
465.62	67.92	
465.828	39.25	
466.036	59.73	
466.243	33.11	
466.451	100.69	
466.658	-18.09	
466.866	49.49	
467.074	-5.8	
467.281	20.82	
467.489	96.6	
467.696	43.35	
467.904	57.68	
468.111	92.5	
468.319	90.45	
468.527	65.88	
468.734	74.07	
468.942	16.73	
469.149	37.2	
469.356	35.16	
469.564	-32.43	
469.771	4.44	
469.979	94.55	
470.186	180.56	
470.394	22.87	
470.601	-5.8	
470.808	82.26	
471.016	-93.87	
471.223	133.46	
471.43	145.75	
471.638	41.3	
471.845	133.46	
472.052	63.83	
472.26	26.96	
472.467	98.64	
472.674	74.07	
472.882	69.97	
473.089	88.4	
473.296	57.68	
473.503	51.54	
473.711	135.51	
473.918	-32.43	
474.125	65.88	
474.332	41.3	
474.539	4.44	
474.746	82.26	
474.954	49.49	
475.161	49.49	
475.368	123.22	
475.575	12.63	
475.782	102.74	
475.989	108.88	
476.196	76.12	
476.403	63.83	
476.61	-3.75	
476.817	31.06	
477.024	67.92	
477.231	82.26	
477.438	112.98	
477.645	94.55	
477.852	145.75	
478.059	108.88	
478.266	133.46	
478.473	143.7	
478.68	115.03	
478.887	149.84	
479.094	108.88	
479.301	125.27	
479.508	123.22	
479.715	86.36	
479.922	123.22	
480.129	20.82	
480.335	51.54	
480.542	170.32	
480.749	76.12	
480.956	176.47	
481.163	45.4	
481.369	96.6	
481.576	123.22	
481.783	139.6	
481.99	24.92	
482.196	141.65	
482.403	74.07	
482.61	76.12	
482.817	209.23	
483.023	198.99	
483.23	61.78	
483.437	76.12	
483.643	112.98	
483.85	147.8	
484.057	256.34	
484.263	192.85	
484.47	450.89	
484.676	1407.3	
484.883	4290.84	
485.09	7973.08	
485.296	11858.08	
485.503	14989.42	
485.709	15997.03	
485.916	13932.67	
486.122	11995.29	
486.329	9507.01	
486.535	7756	
486.742	6809.84	
486.948	5900.54	
487.155	5470.47	
487.361	5159.17	
487.567	4501.78	
487.774	3813.66	
487.98	2976.04	
488.187	1837.37	
488.393	1091.91	
488.599	452.94	
488.806	239.95	
489.012	155.99	
489.219	176.47	
489.425	158.03	
489.631	84.31	
489.837	37.2	
490.044	143.7	
490.25	35.16	
490.456	41.3	
490.663	209.23	
490.869	72.02	
491.075	104.79	
491.281	69.97	
491.487	-1.71	
491.694	94.55	
491.9	82.26	
492.106	188.75	
492.312	69.97	
492.518	131.41	
492.724	207.19	
492.931	129.36	
493.137	145.75	
493.343	160.08	
493.549	221.52	
493.755	170.32	
493.961	125.27	
494.167	61.78	
494.373	86.36	
494.579	78.16	
494.785	131.41	
494.991	29.01	
495.197	53.59	
495.403	92.5	
495.609	67.92	
495.815	24.92	
496.021	174.42	
496.227	47.44	
496.433	61.78	
496.639	26.96	
496.845	86.36	
497.05	149.84	
497.256	98.64	
497.462	65.88	
497.668	86.36	
497.874	69.97	
498.08	86.36	
498.286	100.69	
498.491	63.83	
498.697	135.51	
498.903	-16.04	
499.109	41.3	
499.314	20.82	
499.52	98.64	
499.726	108.88	
499.932	63.83	
500.137	2.39	
500.343	86.36	
500.549	82.26	
500.754	22.87	
500.96	129.36	
501.166	149.84	
501.371	98.64	
501.577	133.46	
501.782	37.2	
501.988	98.64	
502.194	31.06	
502.399	72.02	
502.605	151.89	
502.81	-3.75	
503.016	108.88	
503.221	37.2	
503.427	96.6	
503.632	135.51	
503.838	35.16	
504.043	59.73	
504.249	145.75	
504.454	51.54	
504.66	-18.09	
504.865	80.21	
505.071	133.46	
505.276	43.35	
505.481	104.79	
505.687	69.97	
505.892	229.71	
506.097	127.32	
506.303	0.34	
506.508	-3.75	
506.713	31.06	
506.919	151.89	
507.124	72.02	
507.329	127.32	
507.535	53.59	
507.74	49.49	
507.945	45.4	
508.15	137.56	
508.356	180.56	
508.561	108.88	
508.766	53.59	
508.971	59.73	
509.176	67.92	
509.381	90.45	
509.587	112.98	
509.792	92.5	
509.997	108.88	
510.202	10.58	
510.407	67.92	
510.612	184.66	
510.817	-26.28	
511.022	104.79	
511.227	129.36	
511.432	6.49	
511.637	78.16	
511.842	-48.81	
512.047	29.01	
512.252	-7.85	
512.457	51.54	
512.662	57.68	
512.867	-3.75	
513.072	37.2	
513.277	-5.8	
513.482	39.25	
513.687	125.27	
513.892	158.03	
514.097	65.88	
514.302	47.44	
514.507	63.83	
514.711	121.17	
514.916	108.88	
515.121	100.69	
515.326	51.54	
515.531	-22.19	
515.735	35.16	
515.94	125.27	
516.145	131.41	
516.35	57.68	
516.554	-46.76	
516.759	39.25	
516.964	29.01	
517.169	-7.85	
517.373	207.19	
517.578	108.88	
517.783	127.32	
517.987	59.73	
518.192	26.96	
518.396	80.21	
518.601	24.92	
518.806	123.22	
519.01	67.92	
519.215	74.07	
519.419	76.12	
519.624	69.97	
519.829	18.77	
520.033	88.4	
520.238	94.55	
520.442	69.97	
520.647	151.89	
520.851	92.5	
521.055	-13.99	
521.26	61.78	
521.464	96.6	
521.669	37.2	
521.873	-13.99	
522.078	51.54	
522.282	-20.14	
522.486	96.6	
522.691	49.49	
522.895	94.55	
523.099	31.06	
523.304	-5.8	
523.508	-30.38	
523.712	-42.67	
523.917	26.96	
524.121	18.77	
524.325	-11.95	
524.53	80.21	
524.734	-5.8	
524.938	117.08	
525.142	14.68	
525.346	-7.85	
525.551	10.58	
525.755	125.27	
525.959	24.92	
526.163	76.12	
526.367	57.68	
526.571	67.92	
526.776	31.06	
526.98	65.88	
527.184	6.49	
527.388	37.2	
527.592	14.68	
527.796	72.02	
528	127.32	
528.204	92.5	
528.408	26.96	
528.612	76.12	
528.816	117.08	
529.02	39.25	
529.224	-42.67	
529.428	-22.19	
529.632	106.84	
529.836	147.8	
530.04	63.83	
530.244	110.93	
530.448	22.87	
530.652	6.49	
530.855	37.2	
531.059	59.73	
531.263	47.44	
531.467	-28.33	
531.671	84.31	
531.875	-57	
532.078	59.73	
532.282	41.3	
532.486	72.02	
532.69	162.13	
532.893	69.97	
533.097	194.9	
533.301	10.58	
533.505	112.98	
533.708	-24.23	
533.912	59.73	
534.116	-20.14	
534.319	-18.09	
534.523	51.54	
534.727	96.6	
534.93	-65.19	
535.134	-13.99	
535.338	31.06	
535.541	20.82	
535.745	53.59	
535.948	20.82	
536.152	233.81	
536.355	51.54	
536.559	-54.95	
536.762	26.96	
536.966	51.54	
537.169	-46.76	
537.373	-30.38	
537.576	6.49	
537.78	16.73	
537.983	-7.85	
538.187	29.01	
538.39	65.88	
538.593	12.63	
538.797	51.54	
539	59.73	
539.204	129.36	
539.407	24.92	
539.61	147.8	
539.814	69.97	
540.017	-22.19	
540.22	80.21	
540.424	65.88	
540.627	18.77	
540.83	18.77	
541.033	59.73	
541.237	18.77	
541.44	45.4	
541.643	39.25	
541.846	12.63	
542.049	35.16	
542.253	108.88	
542.456	-36.52	
542.659	84.31	
542.862	55.64	
543.065	49.49	
543.268	127.32	
543.471	22.87	
543.674	-13.99	
543.878	61.78	
544.081	4.44	
544.284	-44.71	
544.487	16.73	
544.69	-83.63	
544.893	53.59	
545.096	102.74	
545.299	-9.9	
545.502	22.87	
545.705	10.58	
545.908	-38.57	
546.111	57.68	
546.314	10.58	
546.516	51.54	
546.719	-26.28	
546.922	61.78	
547.125	-36.52	
547.328	112.98	
547.531	92.5	
547.734	59.73	
547.936	106.84	
548.139	-16.04	
548.342	115.03	
548.545	37.2	
548.748	-52.91	
548.95	31.06	
549.153	12.63	
549.356	39.25	
549.559	43.35	
549.761	6.49	
549.964	-22.19	
550.167	51.54	
550.369	-97.96	
550.572	-1.71	
550.775	104.79	
550.977	26.96	
551.18	20.82	
551.383	-36.52	
551.585	-83.63	
551.788	0.34	
551.99	51.54	
552.193	4.44	
552.396	29.01	
552.598	-18.09	
552.801	31.06	
553.003	-13.99	
553.206	-1.71	
553.408	125.27	
553.611	35.16	
553.813	-52.91	
554.015	53.59	
554.218	108.88	
554.42	102.74	
554.623	29.01	
554.825	47.44	
555.027	-30.38	
555.23	2.39	
555.432	-36.52	
555.635	29.01	
555.837	149.84	
556.039	67.92	
556.242	43.35	
556.444	80.21	
556.646	92.5	
556.848	84.31	
557.051	43.35	
557.253	26.96	
557.455	49.49	
557.657	-77.48	
557.86	-5.8	
558.062	84.31	
558.264	43.35	
558.466	51.54	
558.668	96.6	
558.87	-44.71	
559.073	69.97	
559.275	35.16	
559.477	67.92	
559.679	102.74	
559.881	43.35	
560.083	72.02	
560.285	-54.95	
560.487	115.03	
560.689	78.16	
560.891	4.44	
561.093	-30.38	
561.295	12.63	
561.497	51.54	
561.699	67.92	
561.901	67.92	
562.103	-18.09	
562.305	65.88	
562.507	47.44	
562.709	0.34	
562.911	63.83	
563.113	80.21	
563.314	184.66	
563.516	14.68	
563.718	51.54	
563.92	61.78	
564.122	49.49	
564.323	-54.95	
564.525	4.44	
564.727	-28.33	
564.929	115.03	
565.131	10.58	
565.332	117.08	
565.534	18.77	
565.736	26.96	
565.937	-5.8	
566.139	143.7	
566.341	143.7	
566.542	76.12	
566.744	65.88	
566.946	61.78	
567.147	145.75	
567.349	8.53	
567.551	143.7	
567.752	158.03	
567.954	186.71	
568.155	211.28	
568.357	147.8	
568.558	84.31	
568.76	190.8	
568.961	201.04	
569.163	149.84	
569.364	196.95	
569.566	139.6	
569.767	80.21	
569.969	153.94	
570.17	239.95	
570.372	192.85	
570.573	129.36	
570.774	151.89	
570.976	170.32	
571.177	65.88	
571.378	133.46	
571.58	90.45	
571.781	168.27	
571.982	192.85	
572.184	244.05	
572.385	223.57	
572.586	260.43	
572.788	332.11	
572.989	213.33	
573.19	219.47	
573.391	276.82	
573.592	100.69	
573.794	194.9	
573.995	143.7	
574.196	53.59	
574.397	127.32	
574.598	137.56	
574.799	217.43	
575.001	158.03	
575.202	229.71	
575.403	270.67	
575.604	235.86	
575.805	239.95	
576.006	190.8	
576.207	155.99	
576.408	254.29	
576.609	201.04	
576.81	244.05	
577.011	125.27	
577.212	342.35	
577.413	203.09	
577.614	354.64	
577.815	260.43	
578.016	205.14	
578.217	285.01	
578.418	285.01	
578.619	280.91	
578.819	328.02	
579.02	242	
579.221	158.03	
579.422	274.77	
579.623	391.5	
579.824	381.26	
580.024	346.45	
580.225	436.56	
580.426	473.42	
580.627	592.2	
580.827	528.72	
581.028	528.72	
581.229	444.75	
581.43	362.83	
581.63	411.98	
581.831	254.29	
582.032	307.54	
582.232	260.43	
582.433	315.73	
582.634	338.26	
582.834	366.93	
583.035	479.57	
583.235	264.53	
583.436	201.04	
583.636	178.51	
583.837	153.94	
584.038	211.28	
584.238	266.58	
584.439	254.29	
584.639	203.09	
584.84	74.07	
585.04	229.71	
585.241	268.63	
585.441	170.32	
585.641	268.63	
585.842	170.32	
586.042	135.51	
586.243	198.99	
586.443	317.78	
586.643	158.03	
586.844	262.48	
587.044	291.15	
587.244	145.75	
587.445	287.06	
587.645	307.54	
587.845	256.34	
588.046	291.15	
588.246	440.65	
588.446	317.78	
588.646	385.36	
588.847	293.2	
589.047	178.51	
589.247	166.23	
589.447	117.08	
589.647	254.29	
589.847	94.55	
590.048	155.99	
590.248	180.56	
590.448	170.32	
590.648	207.19	
590.848	123.22	
591.048	190.8	
591.248	215.38	
591.448	291.15	
591.648	203.09	
591.848	174.42	
592.048	289.1	
592.248	239.95	
592.448	260.43	
592.648	350.54	
592.848	373.07	
593.048	368.98	
593.248	321.87	
593.448	323.92	
593.648	403.79	
593.848	291.15	
594.048	303.44	
594.248	246.1	
594.447	321.87	
594.647	201.04	
594.847	233.81	
595.047	332.11	
595.247	325.97	
595.447	129.36	
595.646	336.21	
595.846	250.19	
596.046	282.96	
596.246	299.34	
596.445	319.82	
596.645	252.24	
596.845	422.22	
597.044	278.87	
597.244	366.93	
597.444	291.15	
597.643	221.52	
597.843	190.8	
598.043	248.15	
598.242	248.15	
598.442	176.47	
598.641	242	
598.841	221.52	
599.041	244.05	
599.24	151.89	
599.44	276.82	
599.639	90.45	
599.839	248.15	
600.038	198.99	
600.238	268.63	
600.437	151.89	
600.637	278.87	
600.836	260.43	
601.035	315.73	
601.235	280.91	
601.434	295.25	
601.634	319.82	
601.833	446.8	
602.032	487.76	
602.232	450.89	
602.431	569.68	
602.63	397.65	
602.83	352.59	
603.029	401.74	
603.228	321.87	
603.427	186.71	
603.627	272.72	
603.826	186.71	
604.025	162.13	
604.224	168.27	
604.424	278.87	
604.623	190.8	
604.822	198.99	
605.021	143.7	
605.22	158.03	
605.419	94.55	
605.618	299.34	
605.818	231.76	
606.017	297.3	
606.216	276.82	
606.415	250.19	
606.614	170.32	
606.813	170.32	
607.012	147.8	
607.211	235.86	
607.41	135.51	
607.609	205.14	
607.808	201.04	
608.007	270.67	
608.206	262.48	
608.405	168.27	
608.604	168.27	
608.802	180.56	
609.001	260.43	
609.2	192.85	
609.399	184.66	
609.598	67.92	
609.797	90.45	
609.996	135.51	
610.194	-7.85	
610.393	92.5	
610.592	72.02	
610.791	112.98	
610.99	158.03	
611.188	170.32	
611.387	182.61	
611.586	260.43	
611.784	194.9	
611.983	119.12	
612.182	244.05	
612.38	276.82	
612.579	287.06	
612.778	252.24	
612.976	250.19	
613.175	207.19	
613.374	272.72	
613.572	115.03	
613.771	100.69	
613.969	242	
614.168	192.85	
614.366	262.48	
614.565	151.89	
614.763	260.43	
614.962	112.98	
615.16	207.19	
615.359	174.42	
615.557	178.51	
615.756	198.99	
615.954	151.89	
616.153	225.62	
616.351	170.32	
616.549	244.05	
616.748	143.7	
616.946	270.67	
617.144	188.75	
617.343	201.04	
617.541	135.51	
617.739	51.54	
617.938	26.96	
618.136	76.12	
618.334	129.36	
618.532	143.7	
618.731	137.56	
618.929	119.12	
619.127	176.47	
619.325	133.46	
619.523	186.71	
619.722	162.13	
619.92	149.84	
620.118	102.74	
620.316	18.77	
620.514	53.59	
620.712	117.08	
620.91	16.73	
621.108	72.02	
621.306	102.74	
621.505	170.32	
621.703	72.02	
621.901	121.17	
622.099	153.94	
622.297	158.03	
622.495	155.99	
622.693	186.71	
622.89	225.62	
623.088	133.46	
623.286	94.55	
623.484	172.37	
623.682	119.12	
623.88	88.4	
624.078	10.58	
624.276	24.92	
624.474	63.83	
624.671	88.4	
624.869	164.18	
625.067	18.77	
625.265	84.31	
625.463	94.55	
625.66	65.88	
625.858	82.26	
626.056	182.61	
626.254	96.6	
626.451	110.93	
626.649	51.54	
626.847	129.36	
627.044	158.03	
627.242	135.51	
627.44	158.03	
627.637	117.08	
627.835	39.25	
628.032	92.5	
628.23	90.45	
628.428	59.73	
628.625	180.56	
628.823	6.49	
629.02	239.95	
629.218	135.51	
629.415	119.12	
629.613	74.07	
629.81	14.68	
630.008	125.27	
630.205	61.78	
630.403	76.12	
630.6	131.41	
630.797	82.26	
630.995	49.49	
631.192	133.46	
631.39	198.99	
631.587	170.32	
631.784	78.16	
631.982	131.41	
632.179	143.7	
632.376	100.69	
632.574	45.4	
632.771	26.96	
632.968	84.31	
633.165	219.47	
633.363	69.97	
633.56	178.51	
633.757	53.59	
633.954	51.54	
634.151	166.23	
634.349	112.98	
634.546	196.95	
634.743	49.49	
634.94	61.78	
635.137	12.63	
635.334	106.84	
635.531	10.58	
635.728	129.36	
635.925	67.92	
636.122	51.54	
636.319	18.77	
636.516	106.84	
636.713	129.36	
636.91	141.65	
637.107	129.36	
637.304	153.94	
637.501	170.32	
637.698	117.08	
637.895	22.87	
638.092	151.89	
638.289	80.21	
638.486	166.23	
638.683	137.56	
638.88	135.51	
639.076	33.11	
639.273	102.74	
639.47	117.08	
639.667	137.56	
639.864	147.8	
640.06	72.02	
640.257	-1.71	
640.454	149.84	
640.651	164.18	
640.847	61.78	
641.044	117.08	
641.241	178.51	
641.437	133.46	
641.634	117.08	
641.831	72.02	
642.027	125.27	
642.224	37.2	
642.421	166.23	
642.617	86.36	
642.814	98.64	
643.01	78.16	
643.207	39.25	
643.403	96.6	
643.6	325.97	
643.796	178.51	
643.993	117.08	
644.189	43.35	
644.386	242	
644.582	151.89	
644.779	123.22	
644.975	176.47	
645.172	158.03	
645.368	188.75	
645.564	110.93	
645.761	215.38	
645.957	137.56	
646.153	-7.85	
646.35	29.01	
646.546	86.36	
646.742	112.98	
646.939	121.17	
647.135	96.6	
647.331	143.7	
647.527	141.65	
647.724	53.59	
647.92	80.21	
648.116	96.6	
648.312	88.4	
648.509	80.21	
648.705	149.84	
648.901	213.33	
649.097	153.94	
649.293	112.98	
649.489	102.74	
649.685	69.97	
649.881	262.48	
650.077	420.17	
650.274	520.53	
650.47	500.05	
650.666	624.97	
650.862	667.98	
651.058	608.59	
651.254	506.19	
651.45	473.42	
651.645	416.08	
651.841	301.39	
652.037	342.35	
652.233	440.65	
652.429	264.53	
652.625	395.6	
652.821	201.04	
653.017	233.81	
653.213	444.75	
653.408	420.17	
653.604	489.81	
653.8	541.01	
653.996	530.77	
654.192	805.19	
654.387	1683.77	
654.583	6385.91	
654.779	28823.45	
654.975	64304.51	
655.17	64304.51	
655.366	64304.51	
655.562	64304.51	
655.757	64304.51	
655.953	64304.51	
656.149	64304.51	
656.344	64304.51	
656.54	64304.51	
656.735	64304.51	
656.931	64304.51	
657.127	64304.51	
657.322	64304.51	
657.518	64304.51	
657.713	64304.51	
657.909	64304.51	
658.104	64304.51	
658.3	64304.51	
658.495	64304.51	
658.691	38293.26	
658.886	1970.49	
659.082	1194.31	
659.277	756.04	
659.472	624.97	
659.668	473.42	
659.863	307.54	
660.059	332.11	
660.254	280.91	
660.449	211.28	
660.644	229.71	
660.84	147.8	
661.035	201.04	
661.23	201.04	
661.426	176.47	
661.621	174.42	
661.816	188.75	
662.011	139.6	
662.207	110.93	
662.402	112.98	
662.597	225.62	
662.792	61.78	
662.987	94.55	
663.182	39.25	
663.377	47.44	
663.573	80.21	
663.768	158.03	
663.963	51.54	
664.158	137.56	
664.353	2.39	
664.548	59.73	
664.743	100.69	
664.938	55.64	
665.133	59.73	
665.328	43.35	
665.523	31.06	
665.718	4.44	
665.913	162.13	
666.108	37.2	
666.303	55.64	
666.498	117.08	
666.692	43.35	
666.887	-11.95	
667.082	110.93	
667.277	20.82	
667.472	31.06	
667.667	137.56	
667.861	92.5	
668.056	4.44	
668.251	100.69	
668.446	-16.04	
668.64	55.64	
668.835	80.21	
669.03	63.83	
669.225	43.35	
669.419	143.7	
669.614	63.83	
669.809	-28.33	
670.003	39.25	
670.198	74.07	
670.393	26.96	
670.587	69.97	
670.782	59.73	
670.976	55.64	
671.171	-73.39	
671.365	-46.76	
671.56	24.92	
671.754	59.73	
671.949	-1.71	
672.143	18.77	
672.338	57.68	
672.532	37.2	
672.727	69.97	
672.921	59.73	
673.116	49.49	
673.31	-63.15	
673.504	-18.09	
673.699	82.26	
673.893	112.98	
674.088	65.88	
674.282	129.36	
674.476	10.58	
674.67	72.02	
674.865	-44.71	
675.059	51.54	
675.253	84.31	
675.448	41.3	
675.642	2.39	
675.836	2.39	
676.03	49.49	
676.224	108.88	
676.419	-30.38	
676.613	92.5	
676.807	53.59	
677.001	63.83	
677.195	67.92	
677.389	92.5	
677.583	10.58	
677.777	-20.14	
677.972	-26.28	
678.166	2.39	
678.36	-5.8	
678.554	63.83	
678.748	-13.99	
678.942	-54.95	
679.136	88.4	
679.33	90.45	
679.524	14.68	
679.717	121.17	
679.911	2.39	
680.105	69.97	
680.299	-1.71	
680.493	-5.8	
680.687	96.6	
680.881	47.44	
681.075	47.44	
681.268	112.98	
681.462	-46.76	
681.656	4.44	
681.85	92.5	
682.044	-30.38	
682.237	53.59	
682.431	14.68	
682.625	-16.04	
682.819	80.21	
683.012	-30.38	
683.206	-26.28	
683.4	22.87	
683.593	96.6	
683.787	59.73	
683.981	20.82	
684.174	51.54	
684.368	69.97	
684.561	18.77	
684.755	-48.81	
684.948	55.64	
685.142	26.96	
685.335	-65.19	
685.529	-18.09	
685.722	-38.57	
685.916	-83.63	
686.109	31.06	
686.303	18.77	
686.496	45.4	
686.69	12.63	
686.883	-75.43	
687.077	-9.9	
687.27	-36.52	
687.463	53.59	
687.657	14.68	
687.85	-18.09	
688.043	-50.86	
688.237	8.53	
688.43	24.92	
688.623	-65.19	
688.816	22.87	
689.01	41.3	
689.203	-13.99	
689.396	10.58	
689.589	69.97	
689.783	-22.19	
689.976	33.11	
690.169	-40.62	
690.362	-16.04	
690.555	10.58	
690.748	14.68	
690.941	-46.76	
691.135	-100.01	
691.328	-79.53	
691.521	55.64	
691.714	14.68	
691.907	-13.99	
692.1	-1.71	
692.293	18.77	
692.486	-61.1	
692.679	-40.62	
692.872	16.73	
693.065	6.49	
693.258	37.2	
693.451	-85.67	
693.644	-100.01	
693.836	-9.9	
694.029	-50.86	
694.222	-40.62	
694.415	-18.09	
694.608	12.63	
694.801	18.77	
694.993	-11.95	
695.186	-110.25	
695.379	69.97	
695.572	59.73	
695.765	-44.71	
695.957	0.34	
696.15	59.73	
696.343	84.31	
696.535	-28.33	
696.728	-26.28	
696.921	59.73	
697.113	0.34	
697.306	-52.91	
697.499	-9.9	
697.691	-1.71	
697.884	86.36	
698.076	-1.71	
698.269	-85.67	
698.462	248.15	
698.654	-16.04	
698.847	-26.28	
699.039	45.4	
699.232	31.06	
699.424	-79.53	
699.617	51.54	
699.809	-44.71	
700.001	-32.43	
700.194	-7.85	
700.386	-20.14	
700.579	-59.05	
700.771	-42.67	
700.963	-54.95	
701.156	76.12	
701.348	-9.9	
701.54	0.34	
701.733	39.25	
701.925	-16.04	
702.117	14.68	
702.309	-59.05	
702.502	59.73	
702.694	-13.99	
702.886	-57	
703.078	-63.15	
703.271	-36.52	
703.463	22.87	
703.655	10.58	
703.847	37.2	
704.039	14.68	
704.231	20.82	
704.423	67.92	
704.615	-24.23	
704.808	63.83	
705	20.82	
705.192	94.55	
705.384	-102.06	
705.576	-54.95	
705.768	78.16	
705.96	-102.06	
706.152	8.53	
706.344	-54.95	
706.536	-5.8	
706.727	-38.57	
706.919	20.82	
707.111	51.54	
707.303	63.83	
707.495	55.64	
707.687	-13.99	
707.879	35.16	
708.071	-26.28	
708.262	8.53	
708.454	-61.1	
708.646	-20.14	
708.838	88.4	
709.029	92.5	
709.221	-73.39	
709.413	65.88	
709.605	-149.16	
709.796	43.35	
709.988	12.63	
710.18	45.4	
710.371	67.92	
710.563	4.44	
710.755	41.3	
710.946	29.01	
711.138	-54.95	
711.329	29.01	
711.521	10.58	
711.712	51.54	
711.904	-30.38	
712.095	-50.86	
712.287	-50.86	
712.478	35.16	
712.67	-44.71	
712.861	-9.9	
713.053	47.44	
713.244	-38.57	
713.436	-57	
713.627	-57	
713.818	41.3	
714.01	-3.75	
714.201	45.4	
714.393	-11.95	
714.584	61.78	
714.775	-75.43	
714.966	26.96	
715.158	94.55	
715.349	-69.29	
715.54	-83.63	
715.732	37.2	
715.923	-79.53	
716.114	10.58	
716.305	-32.43	
716.496	76.12	
716.688	4.44	
716.879	22.87	
717.07	20.82	
717.261	-9.9	
717.452	-28.33	
717.643	18.77	
717.834	67.92	
718.025	-24.23	
718.216	57.68	
718.407	-26.28	
718.598	12.63	
718.789	14.68	
718.98	59.73	
719.171	18.77	
719.362	-54.95	
719.553	121.17	
719.744	-9.9	
719.935	-20.14	
720.126	-65.19	
720.317	-63.15	
720.508	63.83	
720.699	26.96	
720.889	4.44	
721.08	43.35	
721.271	55.64	
721.462	12.63	
721.653	43.35	
721.843	-7.85	
722.034	31.06	
722.225	-75.43	
722.416	0.34	
722.606	-20.14	
722.797	47.44	
722.988	-44.71	
723.178	-73.39	
723.369	43.35	
723.56	47.44	
723.75	29.01	
723.941	63.83	
724.132	63.83	
724.322	2.39	
724.513	4.44	
724.703	22.87	
724.894	26.96	
725.084	18.77	
725.275	-30.38	
725.465	18.77	
725.656	80.21	
725.846	-40.62	
726.037	-30.38	
726.227	31.06	
726.417	4.44	
726.608	-20.14	
726.798	55.64	
726.989	57.68	
727.179	-34.47	
727.369	-46.76	
727.56	-46.76	
727.75	6.49	
727.94	-5.8	
728.131	26.96	
728.321	-34.47	
728.511	63.83	
728.701	92.5	
728.892	20.82	
729.082	-5.8	
729.272	24.92	
729.462	39.25	
729.652	-73.39	
729.842	-73.39	
730.033	-30.38	
730.223	80.21	
730.413	10.58	
730.603	72.02	
730.793	16.73	
730.983	49.49	
731.173	63.83	
731.363	14.68	
731.553	20.82	
731.743	92.5	
731.933	-46.76	
732.123	47.44	
732.313	-79.53	
732.503	14.68	
732.693	10.58	
732.883	33.11	
733.073	-77.48	
733.263	-93.87	
733.452	96.6	
733.642	22.87	
733.832	37.2	
734.022	57.68	
734.212	-24.23	
734.402	59.73	
734.591	39.25	
734.781	47.44	
734.971	121.17	
735.161	-30.38	
735.35	41.3	
735.54	190.8	
735.73	76.12	
735.919	-22.19	
736.109	29.01	
736.299	63.83	
736.488	29.01	
736.678	-13.99	
736.867	20.82	
737.057	166.23	
737.247	-61.1	
737.436	16.73	
737.626	59.73	
737.815	49.49	
738.005	-81.58	
738.194	41.3	
738.384	-16.04	
738.573	110.93	
738.763	-16.04	
738.952	29.01	
739.141	-46.76	
739.331	-5.8	
739.52	-63.15	
739.71	80.21	
739.899	82.26	
740.088	-36.52	
740.278	-57	
740.467	-18.09	
740.656	43.35	
740.846	33.11	
741.035	43.35	
741.224	74.07	
741.413	-9.9	
741.603	-22.19	
741.792	-97.96	
741.981	-7.85	
742.17	-18.09	
742.359	-1.71	
742.548	-34.47	
742.738	22.87	
742.927	76.12	
743.116	78.16	
743.305	57.68	
743.494	106.84	
743.683	-28.33	
743.872	80.21	
744.061	-26.28	
744.25	82.26	
744.439	47.44	
744.628	-67.24	
744.817	10.58	
745.006	108.88	
745.195	47.44	
745.384	108.88	
745.573	29.01	
745.762	53.59	
745.951	63.83	
746.139	104.79	
746.328	51.54	
746.517	102.74	
746.706	108.88	
746.895	51.54	
747.084	14.68	
747.272	26.96	
747.461	63.83	
747.65	4.44	
747.839	47.44	
748.027	-81.58	
748.216	2.39	
748.405	86.36	
748.593	-36.52	
748.782	-67.24	
748.971	-16.04	
749.159	-20.14	
749.348	-30.38	
749.536	-9.9	
749.725	6.49	
749.914	4.44	
750.102	55.64	
750.291	41.3	
750.479	-13.99	
750.668	82.26	
750.856	-11.95	
751.045	33.11	
751.233	102.74	
751.421	51.54	
751.61	33.11	
751.798	6.49	
751.987	22.87	
752.175	4.44	
752.363	10.58	
752.552	-24.23	
752.74	76.12	
752.928	94.55	
753.117	6.49	
753.305	72.02	
753.493	-69.29	
753.682	2.39	
753.87	-9.9	
754.058	96.6	
754.246	-32.43	
754.434	43.35	
754.623	84.31	
754.811	26.96	
754.999	14.68	
755.187	-1.71	
755.375	39.25	
755.563	115.03	
755.751	-22.19	
755.94	4.44	
756.128	-42.67	
756.316	-54.95	
756.504	-9.9	
756.692	137.56	
756.88	-11.95	
757.068	2.39	
757.256	-24.23	
757.444	18.77	
757.632	-26.28	
757.819	-38.57	
758.007	-24.23	
758.195	-7.85	
758.383	4.44	
758.571	92.5	
758.759	84.31	
758.947	37.2	
759.135	10.58	
759.322	-9.9	
759.51	-69.29	
759.698	18.77	
759.886	-38.57	
760.073	10.58	
760.261	67.92	
760.449	-46.76	
760.637	74.07	
760.824	-120.49	
761.012	-7.85	
761.2	-50.86	
761.387	-22.19	
761.575	18.77	
761.762	-54.95	
761.95	12.63	
762.138	-9.9	
762.325	96.6	
762.513	-36.52	
762.7	84.31	
762.888	-1.71	
763.075	-34.47	
763.263	-5.8	
763.45	35.16	
763.638	-83.63	
763.825	53.59	
764.012	-7.85	
764.2	-34.47	
764.387	-3.75	
764.575	-34.47	
764.762	57.68	
764.949	41.3	
765.137	-5.8	
765.324	2.39	
765.511	10.58	
765.699	29.01	
765.886	-63.15	
766.073	-9.9	
766.26	-36.52	
766.448	29.01	
766.635	31.06	
766.822	-7.85	
767.009	10.58	
767.196	-69.29	
767.383	31.06	
767.571	-3.75	
767.758	86.36	
767.945	-79.53	
768.132	-34.47	
768.319	37.2	
768.506	-38.57	
768.693	47.44	
768.88	-3.75	
769.067	-81.58	
769.254	-24.23	
769.441	12.63	
769.628	18.77	
769.815	-9.9	
770.002	-3.75	
770.189	-104.11	
770.376	29.01	
770.563	-42.67	
770.75	80.21	
770.936	61.78	
771.123	-42.67	
771.31	45.4	
771.497	26.96	
771.684	-13.99	
771.87	31.06	
772.057	0.34	
772.244	-63.15	
772.431	76.12	
772.617	98.64	
772.804	-9.9	
772.991	16.73	
773.177	-114.34	
773.364	-59.05	
773.551	-61.1	
773.737	-42.67	
773.924	-61.1	
774.111	-18.09	
774.297	-38.57	
774.484	-9.9	
774.67	80.21	
774.857	-61.1	
775.043	-9.9	
775.23	72.02	
775.416	-11.95	
775.603	43.35	
775.789	342.35	
775.976	569.68	
776.162	983.37	
776.349	1356.1	
776.535	1636.67	
776.721	1640.76	
776.908	1655.1	
777.094	1335.62	
777.28	1079.62	
777.467	971.08	
777.653	706.89	
777.839	588.11	
778.025	440.65	
778.212	362.83	
778.398	342.35	
778.584	229.71	
778.77	254.29	
778.957	123.22	
779.143	76.12	
779.329	55.64	
779.515	26.96	
779.701	37.2	
779.887	160.08	
780.073	26.96	
780.26	-54.95	
780.446	39.25	
780.632	41.3	
780.818	-54.95	
781.004	-20.14	
781.19	-22.19	
781.376	-26.28	
781.562	-36.52	
781.748	-5.8	
781.934	-73.39	
782.12	100.69	
782.305	84.31	
782.491	18.77	
782.677	-89.77	
782.863	-32.43	
783.049	24.92	
783.235	14.68	
783.421	29.01	
783.606	12.63	
783.792	-13.99	
783.978	-34.47	
784.164	-63.15	
784.349	-38.57	
784.535	-11.95	
784.721	-5.8	
784.907	-3.75	
785.092	-30.38	
785.278	33.11	
785.464	-63.15	
785.649	-44.71	
785.835	-22.19	
786.02	-50.86	
786.206	-20.14	
786.392	-87.72	
786.577	-9.9	
786.763	45.4	
786.948	24.92	
787.134	-77.48	
787.319	33.11	
787.505	14.68	
787.69	-73.39	
787.876	53.59	
788.061	24.92	
788.246	-32.43	
788.432	-167.59	
788.617	-91.82	
788.803	0.34	
788.988	-38.57	
789.173	-97.96	
789.359	-71.34	
789.544	10.58	
789.729	-16.04	
789.915	-50.86	
790.1	-16.04	
790.285	45.4	
790.47	-20.14	
790.655	-32.43	
790.841	-9.9	
791.026	22.87	
791.211	-30.38	
791.396	-79.53	
791.581	-61.1	
791.766	-63.15	
791.952	37.2	
792.137	-22.19	
792.322	-32.43	
792.507	-89.77	
792.692	-85.67	
792.877	-24.23	
793.062	-67.24	
793.247	-30.38	
793.432	2.39	
793.617	-46.76	
793.802	51.54	
793.987	24.92	
794.172	-22.19	
794.356	35.16	
794.541	-57	
794.726	-118.44	
794.911	-50.86	
795.096	-44.71	
795.281	-59.05	
795.466	0.34	
795.65	-77.48	
795.835	-13.99	
796.02	2.39	
796.205	98.64	
796.389	45.4	
796.574	86.36	
796.759	-77.48	
796.943	-100.01	
797.128	-11.95	
797.313	-71.34	
797.497	18.77	
797.682	-11.95	
797.867	-30.38	
798.051	-108.2	
798.236	-22.19	
798.42	-104.11	
798.605	-50.86	
798.789	-93.87	
798.974	-95.91	
799.158	-91.82	
799.343	-100.01	
799.527	39.25	
799.712	-61.1	
799.896	-1.71	
800.081	-73.39	
800.265	-26.28	
800.449	-75.43	
800.634	-83.63	
800.818	-18.09	
801.002	-3.75	
801.187	-13.99	
801.371	12.63	
801.555	24.92	
801.74	-24.23	
801.924	-63.15	
802.108	-87.72	
802.292	80.21	
802.477	-9.9	
802.661	2.39	
802.845	65.88	
803.029	57.68	
803.213	6.49	
803.397	-46.76	
803.581	-118.44	
803.766	-26.28	
803.95	33.11	
804.134	-28.33	
804.318	-85.67	
804.502	-42.67	
804.686	-24.23	
804.87	-34.47	
805.054	31.06	
805.238	-38.57	
805.422	-75.43	
805.606	-5.8	
805.79	-28.33	
805.973	35.16	
806.157	-59.05	
806.341	133.46	
806.525	33.11	
806.709	-59.05	
806.893	-20.14	
807.077	-75.43	
807.26	35.16	
807.444	-75.43	
807.628	-16.04	
807.812	-63.15	
807.995	-57	
808.179	-26.28	
808.363	-22.19	
808.546	-38.57	
808.73	22.87	
808.914	-28.33	
809.097	2.39	
809.281	-67.24	
809.465	63.83	
809.648	-36.52	
809.832	-54.95	
810.015	33.11	
810.199	-44.71	
810.382	-83.63	
810.566	-18.09	
810.749	-18.09	
810.933	12.63	
811.116	-46.76	
811.3	-38.57	
811.483	-122.54	
811.667	14.68	
811.85	-44.71	
812.034	-3.75	
812.217	-44.71	
812.4	-24.23	
812.584	-28.33	
812.767	-48.81	
812.95	-48.81	
813.133	-48.81	
813.317	-59.05	
813.5	-38.57	
813.683	26.96	
813.866	-106.15	
814.05	-11.95	
814.233	-13.99	
814.416	-79.53	
814.599	-11.95	
814.782	-13.99	
814.965	-3.75	
815.149	-151.21	
815.332	-26.28	
815.515	-1.71	
815.698	-71.34	
815.881	-120.49	
816.064	-100.01	
816.247	-34.47	
816.43	-108.2	
816.613	-7.85	
816.796	45.4	
816.979	26.96	
817.162	14.68	
817.345	-71.34	
817.528	-52.91	
817.711	-128.68	
817.893	-73.39	
818.076	-71.34	
818.259	-16.04	
818.442	-36.52	
818.625	-42.67	
818.808	31.06	
818.99	-75.43	
819.173	-11.95	
819.356	-57	
819.539	-1.71	
819.721	-36.52	
819.904	-26.28	
820.087	-22.19	
820.269	-16.04	
820.452	-48.81	
820.635	-26.28	
820.817	-104.11	
821	8.53	
821.182	10.58	
821.365	26.96	
821.548	-61.1	
821.73	22.87	
821.913	-18.09	
822.095	39.25	
822.278	-102.06	
822.46	20.82	
822.642	59.73	
822.825	-65.19	
823.007	6.49	
823.19	65.88	
823.372	-46.76	
823.555	-63.15	
823.737	-50.86	
823.919	-3.75	
824.102	-38.57	
824.284	14.68	
824.466	-7.85	
824.648	102.74	
824.831	-114.34	
825.013	-67.24	
825.195	-75.43	
825.377	-32.43	
825.56	2.39	
825.742	-67.24	
825.924	-69.29	
826.106	-57	
826.288	41.3	
826.47	-91.82	
826.652	63.83	
826.835	-75.43	
827.017	8.53	
827.199	-36.52	
827.381	-32.43	
827.563	102.74	
827.745	69.97	
827.927	-77.48	
828.109	-85.67	
828.291	-59.05	
828.473	-71.34	
828.655	-11.95	
828.836	-7.85	
829.018	-5.8	
829.2	-50.86	
829.382	-83.63	
829.564	-18.09	
829.746	-40.62	
829.928	57.68	
830.109	-73.39	
830.291	-40.62	
830.473	-67.24	
830.655	-1.71	
830.836	-134.82	
831.018	-75.43	
831.2	-67.24	
831.382	18.77	
831.563	20.82	
831.745	-38.57	
831.926	-54.95	
832.108	-61.1	
832.29	-83.63	
832.471	-34.47	
832.653	-54.95	
832.834	-13.99	
833.016	-46.76	
833.197	16.73	
833.379	-59.05	
833.56	41.3	
833.742	-34.47	
833.923	-5.8	
834.105	-81.58	
834.286	72.02	
834.468	14.68	
834.649	-3.75	
834.83	14.68	
835.012	-75.43	
835.193	-108.2	
835.374	-67.24	
835.556	65.88	
835.737	-38.57	
835.918	-38.57	
836.1	72.02	
836.281	-69.29	
836.462	-30.38	
836.643	-5.8	
836.824	-1.71	
837.006	8.53	
837.187	41.3	
837.368	-46.76	
837.549	-63.15	
837.73	41.3	
837.911	-36.52	
838.092	35.16	
838.273	-46.76	
838.455	-95.91	
838.636	59.73	
838.817	-57	
838.998	-67.24	
839.179	-75.43	
839.36	-38.57	
839.54	-34.47	
839.721	-71.34	
839.902	104.79	
840.083	78.16	
840.264	-5.8	
840.445	14.68	
840.626	-46.76	
840.807	-100.01	
840.988	18.77	
841.168	-30.38	
841.349	-42.67	
841.53	-71.34	
841.711	-5.8	
841.891	-44.71	
842.072	16.73	
842.253	33.11	
842.434	-120.49	
842.614	-9.9	
842.795	-108.2	
842.976	33.11	
843.156	135.51	
843.337	430.41	
843.517	641.36	
843.698	854.34	
843.878	1038.66	
844.059	973.13	
844.24	815.43	
844.42	719.18	
844.601	465.23	
844.781	422.22	
844.962	354.64	
845.142	315.73	
845.322	123.22	
845.503	162.13	
845.683	192.85	
845.864	160.08	
846.044	194.9	
846.224	57.68	
846.405	84.31	
846.585	139.6	
846.765	29.01	
846.946	76.12	
847.126	-69.29	
847.306	-5.8	
847.486	-5.8	
847.667	18.77	
847.847	-63.15	
848.027	49.49	
848.207	-30.38	
848.387	-97.96	
848.567	-13.99	
848.747	-5.8	
848.928	-20.14	
849.108	-5.8	
849.288	-130.73	
849.468	-110.25	
849.648	-13.99	
849.828	-87.72	
850.008	10.58	
850.188	-11.95	
850.368	-87.72	
850.548	2.39	
850.728	100.69	
850.908	67.92	
851.088	6.49	
851.267	4.44	
851.447	-91.82	
851.627	-77.48	
851.807	-34.47	
851.987	53.59	
852.167	-46.76	
852.346	-16.04	
852.526	-100.01	
852.706	-18.09	
852.886	-59.05	
853.065	-71.34	
853.245	14.68	
853.425	18.77	
853.605	-157.35	
853.784	41.3	
853.964	129.36	
854.143	-38.57	
854.323	94.55	
854.503	-9.9	
854.682	-30.38	
854.862	-20.14	
855.041	10.58	
855.221	-30.38	
855.4	-52.91	
855.58	-71.34	
855.759	6.49	
855.939	-32.43	
856.118	-65.19	
856.298	-81.58	
856.477	-110.25	
856.657	-54.95	
856.836	-122.54	
857.015	-61.1	
857.195	18.77	
857.374	2.39	
857.553	-79.53	
857.733	2.39	
857.912	-89.77	
858.091	-59.05	
858.27	-67.24	
858.45	-71.34	
858.629	-93.87	
858.808	-9.9	
858.987	-95.91	
859.166	8.53	
859.345	-67.24	
859.525	20.82	
859.704	-5.8	
859.883	-73.39	
860.062	-108.2	
860.241	-79.53	
860.42	-69.29	
860.599	14.68	
860.778	86.36	
860.957	-7.85	
861.136	-26.28	
861.315	-11.95	
861.494	-40.62	
861.673	-13.99	
861.852	-104.11	
862.031	26.96	
862.21	-5.8	
862.388	-5.8	
862.567	-44.71	
862.746	-95.91	
862.925	-97.96	
863.104	-22.19	
863.283	55.64	
863.461	-57	
863.64	14.68	
863.819	16.73	
863.997	35.16	
864.176	-20.14	
864.355	-16.04	
864.534	-32.43	
864.712	-91.82	
864.891	31.06	
865.069	-26.28	
865.248	-36.52	
865.427	55.64	
865.605	18.77	
865.784	-42.67	
865.962	-5.8	
866.141	-100.01	
866.319	-59.05	
866.498	-48.81	
866.676	-50.86	
866.855	41.3	
867.033	-1.71	
867.212	-54.95	
867.39	33.11	
867.568	20.82	
867.747	-22.19	
867.925	61.78	
868.103	26.96	
868.282	-36.52	
868.46	-75.43	
868.638	35.16	
868.817	4.44	
868.995	-3.75	
869.173	-20.14	
869.351	41.3	
869.529	14.68	
869.708	-89.77	
869.886	-46.76	
870.064	-71.34	
870.242	-24.23	
870.42	-24.23	
870.598	10.58	
870.776	57.68	
870.954	-85.67	
871.133	-120.49	
871.311	-38.57	
871.489	-18.09	
871.667	26.96	
871.845	14.68	
872.023	-54.95	
872.2	-63.15	
872.378	43.35	
872.556	-32.43	
872.734	-24.23	
872.912	35.16	
873.09	43.35	
873.268	-34.47	
873.446	-9.9	
873.623	43.35	
873.801	-28.33	
873.979	-122.54	
874.157	-63.15	
874.335	-36.52	
874.512	-46.76	
874.69	-87.72	
874.868	-69.29	
875.045	-145.06	
875.223	-102.06	
875.401	-38.57	
875.578	-106.15	
875.756	-67.24	
875.934	12.63	
876.111	-128.68	
876.289	-67.24	
876.466	26.96	
876.644	-38.57	
876.821	-30.38	
876.999	-26.28	
877.176	-46.76	
877.354	-102.06	
877.531	8.53	
877.709	16.73	
877.886	-16.04	
878.063	-42.67	
878.241	-108.2	
878.418	65.88	
878.596	82.26	
878.773	51.54	
878.95	-114.34	
879.127	-63.15	
879.305	-61.1	
879.482	6.49	
879.659	-61.1	
879.836	2.39	
880.014	-67.24	
880.191	-108.2	
880.368	-38.57	
880.545	-11.95	
880.722	-32.43	
880.9	-16.04	
881.077	-9.9	
881.254	2.39	
881.431	-16.04	
881.608	-122.54	
881.785	-13.99	
881.962	-124.58	
882.139	-22.19	
882.316	-104.11	
882.493	-9.9	
882.67	-57	
882.847	-130.73	
883.024	-32.43	
883.201	-85.67	
883.378	4.44	
883.554	-177.83	
883.731	-79.53	
883.908	20.82	
884.085	-7.85	
884.262	-40.62	
884.439	-20.14	
884.615	-75.43	
884.792	72.02	
884.969	-89.77	
885.146	143.7	
885.322	-32.43	
885.499	-42.67	
885.676	2.39	
885.852	-3.75	
886.029	-67.24	
886.205	39.25	
886.382	-20.14	
886.559	-85.67	
886.735	24.92	
886.912	84.31	
887.088	-44.71	
887.265	10.58	
887.441	-16.04	
887.618	12.63	
887.794	-69.29	
887.971	-65.19	
888.147	-5.8	
888.324	2.39	
888.5	-22.19	
888.676	-9.9	
888.853	-1.71	
889.029	67.92	
889.205	39.25	
889.382	8.53	
889.558	10.58	
889.734	20.82	
889.911	-20.14	
890.087	-42.67	
890.263	20.82	
890.439	-9.9	
890.616	-91.82	
890.792	-48.81	
890.968	-79.53	
891.144	-73.39	
891.32	-34.47	
891.496	-91.82	
891.672	-36.52	
891.848	-34.47	
892.025	-83.63	
892.201	-42.67	
892.377	-5.8	
892.553	-48.81	
892.729	-38.57	
892.905	10.58	
893.081	-26.28	
893.256	-108.2	
893.432	-48.81	
893.608	-32.43	
893.784	-95.91	
893.96	18.77	
894.136	-75.43	
894.312	-59.05	
894.488	-97.96	
894.663	-3.75	
894.839	-44.71	
895.015	-34.47	
895.191	-48.81	
895.366	-32.43	
895.542	-9.9	
895.718	35.16	
895.894	-13.99	
896.069	20.82	
896.245	2.39	
896.421	-71.34	
896.596	-95.91	
896.772	0.34	
896.947	-106.15	
897.123	-100.01	
897.298	-81.58	
897.474	-18.09	
897.649	-20.14	
897.825	8.53	
898	-75.43	
898.176	-54.95	
898.351	-30.38	
898.527	-32.43	
898.702	-122.54	
898.878	-5.8	
899.053	-38.57	
899.228	-87.72	
899.404	51.54	
899.579	-28.33	
899.754	-85.67	
899.93	-13.99	
900.105	43.35	
900.28	-26.28	
900.455	-50.86	
900.631	-59.05	
900.806	-52.91	
900.981	-36.52	
901.156	-11.95	
901.331	-67.24	
901.507	-85.67	
901.682	-38.57	
901.857	49.49	
902.032	-57	
902.207	-1.71	
902.382	-52.91	
902.557	-30.38	
902.732	-38.57	
902.907	-69.29	
903.082	10.58	
903.257	-63.15	
903.432	10.58	
903.607	-5.8	
903.782	-65.19	
903.957	37.2	
904.132	14.68	
904.306	-120.49	
904.481	4.44	
904.656	-57	
904.831	-3.75	
905.006	-61.1	
905.181	-16.04	
905.355	-50.86	
905.53	-77.48	
905.705	-106.15	
905.879	-13.99	
906.054	-110.25	
906.229	-65.19	
906.404	-95.91	
906.578	43.35	
906.753	10.58	
906.927	35.16	
907.102	-57	
907.277	-81.58	
907.451	-1.71	
907.626	-11.95	
907.8	-116.39	
907.975	-75.43	
908.149	12.63	
908.324	-5.8	
908.498	-54.95	
908.673	-106.15	
908.847	2.39	
909.021	-13.99	
909.196	0.34	
909.37	-24.23	
909.544	20.82	
909.719	-30.38	
909.893	-36.52	
910.067	-30.38	
910.242	-89.77	
910.416	63.83	
910.59	-67.24	
910.764	-26.28	
910.939	10.58	
911.113	-153.26	
911.287	-93.87	
911.461	2.39	
911.635	-79.53	
911.809	-34.47	
911.984	-1.71	
912.158	-42.67	
912.332	59.73	
912.506	-20.14	
912.68	-42.67	
912.854	-5.8	
913.028	-85.67	
913.202	-24.23	
913.376	-93.87	
913.55	-50.86	
913.724	-32.43	
913.898	-22.19	
914.071	24.92	
914.245	49.49	
914.419	-16.04	
914.593	-65.19	
914.767	-112.3	
914.941	20.82	
915.115	-71.34	
915.288	-34.47	
915.462	18.77	
915.636	49.49	
915.81	-79.53	
915.983	-38.57	
916.157	-106.15	
916.331	-104.11	
916.504	-46.76	
916.678	-50.86	
916.852	-40.62	
917.025	-52.91	
917.199	61.78	
917.372	-106.15	
917.546	26.96	
917.719	-30.38	
917.893	49.49	
918.066	-73.39	
918.24	-124.58	
918.413	-1.71	
918.587	51.54	
918.76	-20.14	
918.934	-13.99	
919.107	-11.95	
919.28	10.58	
919.454	-1.71	
919.627	-63.15	
919.8	-5.8	
919.974	-42.67	
920.147	-97.96	
920.32	-108.2	
920.494	4.44	
920.667	74.07	
920.84	-1.71	
921.013	-87.72	
921.186	-50.86	
921.36	-44.71	
921.533	-71.34	
921.706	-57	
921.879	-40.62	
922.052	-85.67	
922.225	-63.15	
922.398	-63.15	
922.571	33.11	
922.744	-130.73	
922.917	-34.47	
923.09	-20.14	
923.263	6.49	
923.436	-104.11	
923.609	-11.95	
923.782	-5.8	
923.955	-61.1	
924.128	-48.81	
924.301	29.01	
924.474	4.44	
924.647	8.53	
924.819	51.54	
924.992	8.53	
925.165	24.92	
925.338	65.88	
925.511	-11.95	
925.683	18.77	
925.856	-11.95	
926.029	-16.04	
926.201	100.69	
926.374	35.16	
926.547	-44.71	
926.719	-61.1	
926.892	29.01	
927.065	12.63	
927.237	31.06	
927.41	86.36	
927.582	-28.33	
927.755	-3.75	
927.927	-83.63	
928.1	74.07	
928.272	-50.86	
928.445	-63.15	
928.617	10.58	
928.79	-73.39	
928.962	-32.43	
929.134	6.49	
929.307	-83.63	
929.479	-75.43	
929.651	-54.95	
929.824	6.49	
929.996	-3.75	
930.168	22.87	
930.341	20.82	
930.513	-100.01	
930.685	35.16	
930.857	-28.33	
931.029	-110.25	
931.202	-38.57	
931.374	-100.01	
931.546	-24.23	
931.718	-83.63	
931.89	-71.34	
932.062	-73.39	
932.234	-87.72	
932.406	-13.99	
932.578	-3.75	
932.75	-34.47	
932.922	-48.81	
933.094	26.96	
933.266	-77.48	
933.438	-26.28	
933.61	31.06	
933.782	-77.48	
933.954	16.73	
934.126	-87.72	
934.298	-73.39	
934.47	-50.86	
934.641	39.25	
934.813	-134.82	
934.985	20.82	
935.157	-16.04	
935.329	29.01	
935.5	-87.72	
935.672	-46.76	
935.844	-140.97	
936.015	74.07	
936.187	-104.11	
936.359	-30.38	
936.53	-44.71	
936.702	86.36	
936.874	-5.8	
937.045	59.73	
937.217	-63.15	
937.388	-20.14	
937.56	2.39	
937.731	4.44	
937.903	8.53	
938.074	-71.34	
938.246	-20.14	
938.417	-54.95	
938.588	-46.76	
938.76	76.12	
938.931	-145.06	
939.103	-100.01	
939.274	-153.26	
939.445	-18.09	
939.617	-102.06	
939.788	-87.72	
939.959	-54.95	
940.13	104.79	
940.302	-28.33	
940.473	10.58	
940.644	-38.57	
940.815	-38.57	
940.987	-116.39	
941.158	-69.29	
941.329	-79.53	
941.5	33.11	
941.671	51.54	
941.842	41.3	
942.013	-104.11	
942.184	-87.72	
942.355	-67.24	
942.526	-93.87	
942.697	-36.52	
942.868	-22.19	
943.039	-16.04	
943.21	-163.5	
943.381	-83.63	
943.552	41.3	
943.723	92.5	
943.894	-85.67	
944.065	14.68	
944.235	-65.19	
944.406	-83.63	
944.577	-69.29	
944.748	2.39	
944.919	-24.23	
945.089	-67.24	
945.26	76.12	
945.431	-120.49	
945.601	-59.05	
945.772	35.16	
945.943	-57	
946.113	-28.33	
946.284	53.59	
946.455	26.96	
946.625	-16.04	
946.796	-61.1	
946.966	-32.43	
947.137	-20.14	
947.307	-120.49	
947.478	-71.34	
947.648	-36.52	
947.819	-63.15	
947.989	-100.01	
948.16	-26.28	
948.33	-61.1	
948.5	-5.8	
948.671	49.49	
948.841	2.39	
949.012	-5.8	
949.182	-91.82	
949.352	-52.91	
949.522	-34.47	
949.693	-71.34	
949.863	88.4	
950.033	-32.43	
950.203	-87.72	
950.374	22.87	
950.544	22.87	
950.714	-24.23	
950.884	-81.58	
951.054	-52.91	
951.224	6.49	
951.394	-54.95	
951.564	-24.23	
951.735	-22.19	
951.905	-118.44	
952.075	-71.34	
952.245	-5.8	
952.415	-26.28	
952.585	33.11	
952.754	-71.34	
952.924	59.73	
953.094	-48.81	
953.264	-112.3	
953.434	29.01	
953.604	-75.43	
953.774	-67.24	
953.944	-69.29	
954.113	-71.34	
954.283	43.35	
954.453	8.53	
954.623	-24.23	
954.792	-36.52	
954.962	-38.57	
955.132	-20.14	
955.302	-79.53	
955.471	-61.1	
955.641	-3.75	
955.81	-63.15	
955.98	-30.38	
956.15	14.68	
956.319	57.68	
956.489	-54.95	
956.658	-167.59	
956.828	-65.19	
956.997	67.92	
957.167	-91.82	
957.336	-59.05	
957.506	-44.71	
957.675	-32.43	
957.845	-38.57	
958.014	43.35	
958.183	-36.52	
958.353	-93.87	
958.522	-71.34	
958.691	-57	
958.861	-73.39	
959.03	-42.67	
959.199	-79.53	
959.368	-65.19	
959.538	0.34	
959.707	-3.75	
959.876	20.82	
960.045	-40.62	
960.214	45.4	
960.383	-102.06	
960.553	-46.76	
960.722	-5.8	
960.891	-97.96	
961.06	10.58	
961.229	-73.39	
961.398	18.77	
961.567	26.96	
961.736	-79.53	
961.905	-79.53	
962.074	-28.33	
962.243	6.49	
962.412	29.01	
962.581	-44.71	
962.75	-3.75	
962.918	-11.95	
963.087	-28.33	
963.256	2.39	
963.425	-13.99	
963.594	-13.99	
963.763	-87.72	
963.931	-61.1	
964.1	-104.11	
964.269	-95.91	
964.437	-95.91	
964.606	53.59	
964.775	-153.26	
964.943	80.21	
965.112	-30.38	
965.281	20.82	
965.449	-42.67	
965.618	-81.58	
965.786	-7.85	
965.955	-54.95	
966.124	-77.48	
966.292	-3.75	
966.461	-54.95	
966.629	0.34	
966.797	-20.14	
966.966	-50.86	
967.134	12.63	
967.303	-79.53	
967.471	-91.82	
967.639	35.16	
967.808	45.4	
967.976	-149.16	
968.144	63.83	
968.313	-1.71	
968.481	55.64	
968.649	-1.71	
968.817	-93.87	
968.986	20.82	
969.154	-81.58	
969.322	22.87	
969.49	-20.14	
969.658	-24.23	
969.827	-79.53	
969.995	-54.95	
970.163	2.39	
970.331	-61.1	
970.499	-34.47	
970.667	45.4	
970.835	-30.38	
971.003	-63.15	
971.171	8.53	
971.339	74.07	
971.507	-77.48	
971.675	-52.91	
971.843	-46.76	
972.011	12.63	
972.178	84.31	
972.346	37.2	
972.514	-5.8	
972.682	-18.09	
972.85	-26.28	
973.018	4.44	
973.185	41.3	
973.353	-16.04	
973.521	-65.19	
973.689	-26.28	
973.856	26.96	
974.024	-57	
974.192	26.96	
974.359	-89.77	
974.527	141.65	
974.694	-18.09	
974.862	-85.67	
975.03	49.49	
975.197	-13.99	
975.365	-18.09	
975.532	-40.62	
975.7	-79.53	
975.867	-87.72	
976.035	-5.8	
976.202	-30.38	
976.369	-22.19	
976.537	-57	
976.704	4.44	
976.872	2.39	
977.039	-3.75	
977.206	-83.63	
977.374	-34.47	
977.541	-1.71	
977.708	82.26	
977.875	-42.67	
978.043	20.82	
978.21	-5.8	
978.377	-46.76	
978.544	-5.8	
978.711	-44.71	
978.879	-22.19	
979.046	-30.38	
979.213	-61.1	
979.38	-81.58	
979.547	-34.47	
979.714	-67.24	
979.881	53.59	
980.048	24.92	
980.215	-30.38	
980.382	-108.2	
980.549	69.97	
980.716	-1.71	
980.883	10.58	
981.05	0.34	
981.217	18.77	
981.384	-36.52	
981.55	6.49	
981.717	98.64	
981.884	-57	
982.051	-24.23	
982.218	-26.28	
982.384	-32.43	
982.551	-65.19	
982.718	-73.39	
982.885	-24.23	
983.051	-149.16	
983.218	24.92	
983.385	-36.52	
983.551	-34.47	
983.718	-179.88	
983.885	20.82	
984.051	-89.77	
984.218	-9.9	
984.384	72.02	
984.551	47.44	
984.717	39.25	
984.884	2.39	
985.05	-26.28	
985.217	-71.34	
985.383	-69.29	
985.55	-124.58	
985.716	-44.71	
985.882	35.16	
986.049	-61.1	
986.215	-13.99	
986.381	0.34	
986.548	-22.19	
986.714	-36.52	
986.88	-28.33	
987.046	-57	
987.213	-116.39	
987.379	-22.19	
987.545	-97.96	
987.711	-67.24	
987.877	-30.38	
988.044	16.73	
988.21	-18.09	
988.376	-42.67	
988.542	-61.1	
988.708	29.01	
988.874	-38.57	
989.04	-48.81	
989.206	-85.67	
989.372	-7.85	
989.538	-110.25	
989.704	-63.15	
989.87	0.34	
990.036	-24.23	
990.202	-77.48	
990.368	-79.53	
990.534	33.11	
990.699	-110.25	
990.865	0.34	
991.031	-87.72	
991.197	-79.53	
991.363	-75.43	
991.528	-83.63	
991.694	-71.34	
991.86	-11.95	
992.025	53.59	
992.191	-30.38	
992.357	-65.19	
992.522	-71.34	
992.688	20.82	
992.854	-26.28	
993.019	-36.52	
993.185	10.58	
993.35	-16.04	
993.516	-50.86	
993.681	-126.63	
993.847	49.49	
994.012	-100.01	
994.178	-93.87	
994.343	-32.43	
994.509	10.58	
994.674	-44.71	
994.84	-36.52	
995.005	-32.43	
995.17	-42.67	
995.336	-28.33	
995.501	37.2	
995.666	-97.96	
995.831	-34.47	
995.997	-30.38	
996.162	-67.24	
996.327	213.33	
996.492	-32.43	
996.658	-52.91	
996.823	-32.43	
996.988	-38.57	
997.153	72.02	
997.318	-104.11	
997.483	-30.38	
997.648	-157.35	
997.813	-18.09	
997.978	45.4	
998.143	-87.72	
998.308	-93.87	
998.473	-38.57	
998.638	-50.86	
998.803	-38.57	
998.968	-3.75	
999.133	-112.3	
999.298	-57	
999.463	6.49	
999.628	-102.06	
999.793	37.2	
999.957	-38.57	
1000.122	-50.86	
1000.287	-118.44	
1000.452	-52.91	
1000.616	-54.95	
1000.781	-54.95	
1000.946	26.96	
1001.111	-120.49	
1001.275	20.82	
1001.44	-136.87	
1001.604	12.63	
1001.769	-26.28	
1001.934	-73.39	
1002.098	-38.57	
1002.263	-73.39	
1002.427	-50.86	
1002.592	-28.33	
1002.756	-93.87	
1002.921	-5.8	
1003.085	33.11	
1003.25	-40.62	
1003.414	-48.81	
1003.579	-13.99	
1003.743	-79.53	
1003.907	6.49	
1004.072	-71.34	
1004.236	59.73	
1004.4	-59.05	
1004.565	0.34	
1004.729	-38.57	
1004.893	-34.47	
1005.057	-22.19	
1005.222	-30.38	
1005.386	-71.34	
1005.55	6.49	
1005.714	-42.67	
1005.878	-24.23	
1006.042	-24.23	
1006.206	-3.75	
1006.371	4.44	
1006.535	16.73	
1006.699	-147.11	
1006.863	-5.8	
1007.027	29.01	
1007.191	29.01	
1007.355	-48.81	
1007.519	20.82	
1007.683	49.49	
1007.847	-91.82	
1008.01	26.96	
1008.174	-28.33	
1008.338	-87.72	
1008.502	-22.19	
1008.666	10.58	
1008.83	-13.99	
1008.993	-52.91	
1009.157	39.25	
1009.321	29.01	
1009.485	-34.47	
1009.648	-50.86	
1009.812	-71.34	
1009.976	-120.49	
1010.139	-79.53	
1010.303	47.44	
1010.467	18.77	
1010.63	-22.19	
1010.794	-44.71	
1010.957	8.53	
1011.121	35.16	
1011.285	72.02	
1011.448	-24.23	
1011.612	-75.43	
1011.775	67.92	
1011.938	-13.99	
1012.102	-52.91	
1012.265	-104.11	
1012.429	-75.43	
1012.592	-46.76	
1012.755	-65.19	
1012.919	18.77	
1013.082	-46.76	
1013.245	-32.43	
1013.409	-20.14	
1013.572	-67.24	
1013.735	-26.28	
1013.898	82.26	
1014.062	-104.11	
1014.225	76.12	
1014.388	-20.14	
1014.551	-93.87	
1014.714	24.92	
1014.877	-63.15	
1015.041	-22.19	
1015.204	33.11	
1015.367	-46.76	
1015.53	18.77	
1015.693	-38.57	
1015.856	-75.43	
1016.019	-61.1	
1016.182	-63.15	
1016.345	6.49	
1016.508	-20.14	
1016.67	-89.77	
1016.833	-44.71	
1016.996	35.16	
1017.159	-67.24	
1017.322	0.34	
1017.485	-9.9	
1017.648	-44.71	
1017.81	-114.34	
1017.973	-52.91	
1018.136	-69.29	
1018.298	-44.71	
1018.461	-38.57	
1018.624	-63.15	
1018.787	-38.57	
1018.949	-57	
1019.112	-22.19	
1019.274	-67.24	
1019.437	-22.19	
1019.6	-3.75	
1019.762	-16.04	
1019.925	-48.81	
1020.087	-42.67	
1020.25	84.31	
1020.412	-44.71	
1020.575	-79.53	
1020.737	-30.38	
1020.899	-5.8	
1021.062	-42.67	
1021.224	-40.62	
1021.387	100.69	
1021.549	-36.52	
1021.711	-67.24	
1021.874	-52.91	
1022.036	24.92	
1022.198	-30.38	
1022.36	-73.39	
1022.523	-57	
1022.685	-26.28	
1022.847	-11.95	
1023.009	-95.91	
1023.171	-16.04	
1023.333	-67.24	
1023.496	-83.63	
1023.658	67.92	
1023.82	311.63	
1023.982	-18.09	
1024.144	-102.06	
1024.306	-69.29	
1024.468	-85.67	
1024.63	-5.8	
1024.792	-32.43	
1024.954	-73.39	
1025.116	-106.15	
1025.278	-42.67	
1025.44	76.12	
1025.601	-57	
1025.763	-75.43	
1025.925	-48.81	
1026.087	-22.19	
1026.249	-13.99	
1026.41	2.39	
1026.572	133.46	
1026.734	0.34	
1026.896	37.2	
1027.057	-93.87	
1027.219	-32.43	
1027.381	-136.87	
1027.542	-26.28	
1027.704	-36.52	
1027.866	-65.19	
1028.027	-52.91	
1028.189	-18.09	
1028.35	-42.67	
1028.512	-13.99	
1028.673	-106.15	
1028.835	-57	
1028.996	33.11	
1029.158	20.82	
1029.319	-28.33	
1029.481	2.39	
1029.642	-106.15	
1029.803	10.58	
1029.965	2.39	
1030.126	-11.95	
1030.287	-155.3	
1030.449	18.77	
1030.61	-50.86	
1030.771	-3.75	
1030.933	-48.81	
1031.094	2.39	
1031.255	-61.1	
1031.416	59.73	
1031.577	-61.1	
1031.738	-13.99	
1031.9	43.35	
1032.061	-69.29	
1032.222	-9.9	
1032.383	-57	
1032.544	10.58	
1032.705	29.01	
1032.866	-110.25	
1033.027	-44.71	
1033.188	-36.52	
1033.349	-108.2	
1033.51	-26.28	
1033.671	-5.8	
1033.832	-83.63	
1033.993	-63.15	
1034.153	-40.62	
1034.314	26.96	
1034.475	24.92	
1034.636	-36.52	
1034.797	-59.05	
1034.957	-89.77	
1035.118	-11.95	
1035.279	-46.76	
1035.44	43.35	
1035.6	-54.95	
1035.761	12.63	
1035.922	10.58	
1036.082	-63.15	
1036.243	33.11	
1036.404	-20.14	
1036.564	-116.39	
1036.725	26.96	
1036.885	-126.63	
1037.046	-30.38	
1037.206	-30.38	
1037.367	41.3	
1037.527	-26.28	
1037.688	-65.19	
1037.848	-61.1	
1038.008	-42.67	
1038.169	-102.06	
