USB4E00404_1:101		
345.868	-281.77	
346.082	-281.77	
346.296	-281.77	
346.51	-146.6	
346.724	-169.13	
346.937	-113.83	
347.151	-11.43	
347.365	52.05	
347.579	2.9	
347.793	58.2	
348.006	58.2	
348.22	-19.63	
348.434	-13.48	
348.648	35.67	
348.861	-46.25	
349.075	17.24	
349.289	-19.63	
349.502	-13.48	
349.716	418.64	
349.93	594.76	
350.143	723.79	
350.357	734.03	
350.571	801.61	
350.784	875.34	
350.998	822.09	
351.212	1133.38	
351.425	1391.42	
351.639	1641.28	
351.852	1768.25	
352.066	1880.89	
352.28	1530.69	
352.493	1217.35	
352.707	658.25	
352.92	361.3	
353.134	68.44	
353.347	54.1	
353.561	29.52	
353.774	50	
353.988	56.15	
354.201	0.85	
354.415	113.49	
354.628	86.87	
354.841	27.48	
355.055	54.1	
355.268	31.57	
355.482	56.15	
355.695	-36.01	
355.908	68.44	
356.122	54.1	
356.335	50	
356.549	82.77	
356.762	13.14	
356.975	29.52	
357.189	103.25	
357.402	88.92	
357.615	95.06	
357.828	250.71	
358.042	310.1	
358.255	482.13	
358.468	611.15	
358.682	799.56	
358.895	858.95	
359.108	1065.8	
359.321	1233.73	
359.534	1155.91	
359.748	928.58	
359.961	770.89	
360.174	537.42	
360.387	316.24	
360.6	226.13	
360.813	113.49	
361.027	138.07	
361.24	11.09	
361.453	93.01	
361.666	39.76	
361.879	29.52	
362.092	70.48	
362.305	205.65	
362.518	144.21	
362.731	226.13	
362.944	179.03	
363.157	103.25	
363.37	277.33	
363.583	148.31	
363.796	172.88	
364.009	152.4	
364.222	66.39	
364.435	58.2	
364.648	119.64	
364.861	29.52	
365.074	-56.49	
365.287	115.54	
365.5	4.95	
365.713	-48.3	
365.926	123.73	
366.139	74.58	
366.352	-7.34	
366.564	-48.3	
366.777	27.48	
366.99	152.4	
367.203	35.67	
367.416	105.3	
367.629	179.03	
367.841	105.3	
368.054	289.62	
368.267	211.79	
368.48	262.99	
368.693	242.51	
368.905	217.94	
369.118	224.08	
369.331	209.75	
369.544	90.96	
369.756	222.03	
369.969	58.2	
370.182	117.59	
370.394	211.79	
370.607	17.24	
370.82	21.33	
371.032	86.87	
371.245	-52.39	
371.458	21.33	
371.67	86.87	
371.883	90.96	
372.095	-44.2	
372.308	-23.72	
372.52	11.09	
372.733	37.72	
372.946	4.95	
373.158	-52.39	
373.371	17.24	
373.583	-15.53	
373.796	78.68	
374.008	37.72	
374.221	78.68	
374.433	-36.01	
374.646	60.24	
374.858	144.21	
375.071	113.49	
375.283	62.29	
375.495	7	
375.708	60.24	
375.92	-25.77	
376.133	-33.96	
376.345	17.24	
376.557	-17.58	
376.77	66.39	
376.982	-9.39	
377.194	95.06	
377.407	-25.77	
377.619	-48.3	
377.831	103.25	
378.044	66.39	
378.256	39.76	
378.468	-93.35	
378.68	17.24	
378.893	13.14	
379.105	62.29	
379.317	-64.68	
379.529	-74.92	
379.742	95.06	
379.954	43.86	
380.166	37.72	
380.378	17.24	
380.59	-11.43	
380.803	86.87	
381.015	-36.01	
381.227	78.68	
381.439	385.87	
381.651	152.4	
381.863	109.4	
382.075	123.73	
382.287	9.05	
382.499	80.72	
382.712	31.57	
382.924	-21.67	
383.136	117.59	
383.348	-54.44	
383.56	17.24	
383.772	37.72	
383.984	-9.39	
384.196	88.92	
384.408	23.38	
384.62	54.1	
384.832	154.45	
385.044	-9.39	
385.255	27.48	
385.467	62.29	
385.679	211.79	
385.891	27.48	
386.103	78.68	
386.315	17.24	
386.527	9.05	
386.739	-50.35	
386.951	144.21	
387.162	15.19	
387.374	31.57	
387.586	84.82	
387.798	-9.39	
388.01	131.92	
388.221	-60.59	
388.433	72.53	
388.645	39.76	
388.857	13.14	
389.069	17.24	
389.28	115.54	
389.492	-3.24	
389.704	-5.29	
389.915	74.58	
390.127	39.76	
390.339	7	
390.55	60.24	
390.762	78.68	
390.974	119.64	
391.185	25.43	
391.397	17.24	
391.609	-36.01	
391.82	125.78	
392.032	-7.34	
392.243	90.96	
392.455	50	
392.667	90.96	
392.878	29.52	
393.09	-56.49	
393.301	90.96	
393.513	52.05	
393.724	9.05	
393.936	33.62	
394.147	97.11	
394.359	-15.53	
394.57	37.72	
394.782	0.85	
394.993	-9.39	
395.204	-17.58	
395.416	138.07	
395.627	17.24	
395.839	88.92	
396.05	97.11	
396.261	37.72	
396.473	-11.43	
396.684	113.49	
396.896	50	
397.107	82.77	
397.318	95.06	
397.529	47.96	
397.741	45.91	
397.952	-9.39	
398.163	72.53	
398.375	52.05	
398.586	62.29	
398.797	117.59	
399.008	58.2	
399.22	115.54	
399.431	82.77	
399.642	17.24	
399.853	74.58	
400.064	17.24	
400.276	181.07	
400.487	39.76	
400.698	80.72	
400.909	111.44	
401.12	13.14	
401.331	37.72	
401.542	97.11	
401.754	43.86	
401.965	68.44	
402.176	138.07	
402.387	19.29	
402.598	45.91	
402.809	-44.2	
403.02	93.01	
403.231	66.39	
403.442	76.63	
403.653	131.92	
403.864	2.9	
404.075	-3.24	
404.286	54.1	
404.497	68.44	
404.708	78.68	
404.919	-9.39	
405.13	-7.34	
405.341	33.62	
405.551	41.81	
405.762	111.44	
405.973	-3.24	
406.184	-9.39	
406.395	84.82	
406.606	-27.82	
406.817	121.68	
407.027	136.02	
407.238	-58.54	
407.449	117.59	
407.66	70.48	
407.871	31.57	
408.081	66.39	
408.292	66.39	
408.503	54.1	
408.714	156.5	
408.924	-52.39	
409.135	-19.63	
409.346	70.48	
409.556	121.68	
409.767	97.11	
409.978	97.11	
410.188	90.96	
410.399	58.2	
410.61	23.38	
410.82	72.53	
411.031	27.48	
411.242	-19.63	
411.452	0.85	
411.663	47.96	
411.873	140.12	
412.084	142.16	
412.295	35.67	
412.505	-27.82	
412.716	33.62	
412.926	64.34	
413.137	17.24	
413.347	74.58	
413.558	115.54	
413.768	11.09	
413.979	95.06	
414.189	84.82	
414.399	78.68	
414.61	39.76	
414.82	-31.91	
415.031	27.48	
415.241	17.24	
415.451	123.73	
415.662	146.26	
415.872	39.76	
416.083	68.44	
416.293	-23.72	
416.503	43.86	
416.714	121.68	
416.924	13.14	
417.134	23.38	
417.344	60.24	
417.555	109.4	
417.765	99.16	
417.975	90.96	
418.186	222.03	
418.396	70.48	
418.606	78.68	
418.816	115.54	
419.026	54.1	
419.237	29.52	
419.447	119.64	
419.657	86.87	
419.867	105.3	
420.077	95.06	
420.287	193.36	
420.497	-31.91	
420.708	191.31	
420.918	47.96	
421.128	93.01	
421.338	-31.91	
421.548	21.33	
421.758	80.72	
421.968	37.72	
422.178	78.68	
422.388	-3.24	
422.598	70.48	
422.808	33.62	
423.018	107.35	
423.228	35.67	
423.438	82.77	
423.648	142.16	
423.858	86.87	
424.068	72.53	
424.278	76.63	
424.488	70.48	
424.698	95.06	
424.907	27.48	
425.117	7	
425.327	58.2	
425.537	123.73	
425.747	119.64	
425.957	146.26	
426.167	152.4	
426.376	166.74	
426.586	33.62	
426.796	72.53	
427.006	72.53	
427.216	168.79	
427.425	56.15	
427.635	66.39	
427.845	109.4	
428.054	70.48	
428.264	72.53	
428.474	60.24	
428.684	86.87	
428.893	54.1	
429.103	123.73	
429.313	64.34	
429.522	115.54	
429.732	58.2	
429.941	142.16	
430.151	99.16	
430.361	82.77	
430.57	146.26	
430.78	86.87	
430.989	27.48	
431.199	176.98	
431.409	60.24	
431.618	25.43	
431.828	76.63	
432.037	-15.53	
432.247	99.16	
432.456	15.19	
432.666	41.81	
432.875	205.65	
433.084	82.77	
433.294	62.29	
433.503	76.63	
433.713	82.77	
433.922	136.02	
434.132	45.91	
434.341	95.06	
434.55	80.72	
434.76	31.57	
434.969	64.34	
435.178	37.72	
435.388	148.31	
435.597	19.29	
435.806	140.12	
436.016	-3.24	
436.225	64.34	
436.434	148.31	
436.643	72.53	
436.853	84.82	
437.062	107.35	
437.271	176.98	
437.48	101.2	
437.69	70.48	
437.899	136.02	
438.108	138.07	
438.317	33.62	
438.526	17.24	
438.735	115.54	
438.945	43.86	
439.154	205.65	
439.363	39.76	
439.572	25.43	
439.781	90.96	
439.99	105.3	
440.199	115.54	
440.408	58.2	
440.617	103.25	
440.826	150.36	
441.035	95.06	
441.244	113.49	
441.453	74.58	
441.662	152.4	
441.871	172.88	
442.08	189.27	
442.289	217.94	
442.498	181.07	
442.707	228.18	
442.916	265.04	
443.125	162.64	
443.334	70.48	
443.543	107.35	
443.752	47.96	
443.961	152.4	
444.169	228.18	
444.378	37.72	
444.587	66.39	
444.796	176.98	
445.005	84.82	
445.213	86.87	
445.422	121.68	
445.631	111.44	
445.84	103.25	
446.049	119.64	
446.257	31.57	
446.466	127.83	
446.675	78.68	
446.883	86.87	
447.092	176.98	
447.301	217.94	
447.51	133.97	
447.718	138.07	
447.927	-38.06	
448.135	150.36	
448.344	115.54	
448.553	131.92	
448.761	105.3	
448.97	183.12	
449.179	72.53	
449.387	125.78	
449.596	72.53	
449.804	95.06	
450.013	230.23	
450.221	113.49	
450.43	99.16	
450.638	142.16	
450.847	123.73	
451.055	133.97	
451.264	72.53	
451.472	113.49	
451.681	121.68	
451.889	127.83	
452.097	62.29	
452.306	86.87	
452.514	111.44	
452.723	191.31	
452.931	258.9	
453.139	297.81	
453.348	252.75	
453.556	303.95	
453.764	359.25	
453.973	207.7	
454.181	242.51	
454.389	295.76	
454.598	205.65	
454.806	189.27	
455.014	217.94	
455.222	131.92	
455.431	129.88	
455.639	136.02	
455.847	66.39	
456.055	185.17	
456.264	27.48	
456.472	146.26	
456.68	99.16	
456.888	131.92	
457.096	174.93	
457.304	185.17	
457.512	129.88	
457.721	117.59	
457.929	136.02	
458.137	131.92	
458.345	258.9	
458.553	281.43	
458.761	179.03	
458.969	148.31	
459.177	211.79	
459.385	78.68	
459.593	185.17	
459.801	70.48	
460.009	133.97	
460.217	185.17	
460.425	144.21	
460.633	230.23	
460.841	111.44	
461.049	131.92	
461.257	148.31	
461.465	154.45	
461.673	207.7	
461.88	172.88	
462.088	170.83	
462.296	222.03	
462.504	117.59	
462.712	125.78	
462.92	174.93	
463.127	154.45	
463.335	76.63	
463.543	185.17	
463.751	154.45	
463.959	277.33	
464.166	187.22	
464.374	250.71	
464.582	250.71	
464.79	193.36	
464.997	191.31	
465.205	242.51	
465.413	168.79	
465.62	293.71	
465.828	201.55	
466.036	250.71	
466.243	260.95	
466.451	242.51	
466.658	209.75	
466.866	189.27	
467.074	185.17	
467.281	168.79	
467.489	217.94	
467.696	158.55	
467.904	224.08	
468.111	252.75	
468.319	277.33	
468.527	154.45	
468.734	269.14	
468.942	205.65	
469.149	252.75	
469.356	260.95	
469.564	426.83	
469.771	717.64	
469.979	893.77	
470.186	1084.23	
470.394	1016.65	
470.601	1127.24	
470.808	1084.23	
471.016	1016.65	
471.223	1055.56	
471.43	955.21	
471.638	805.71	
471.845	770.89	
472.052	623.44	
472.26	490.32	
472.467	514.89	
472.674	269.14	
472.882	230.23	
473.089	281.43	
473.296	201.55	
473.503	183.12	
473.711	185.17	
473.918	174.93	
474.125	285.52	
474.332	326.48	
474.539	353.1	
474.746	486.22	
474.954	322.38	
475.161	338.77	
475.368	406.35	
475.575	254.8	
475.782	301.9	
475.989	303.95	
476.196	324.43	
476.403	189.27	
476.61	146.26	
476.817	154.45	
477.024	144.21	
477.231	185.17	
477.438	201.55	
477.645	199.51	
477.852	324.43	
478.059	326.48	
478.266	400.21	
478.473	338.77	
478.68	389.97	
478.887	332.62	
479.094	281.43	
479.301	310.1	
479.508	271.19	
479.715	209.75	
479.922	260.95	
480.129	320.34	
480.335	281.43	
480.542	445.26	
480.749	392.02	
480.956	344.91	
481.163	441.17	
481.369	549.71	
481.576	471.89	
481.783	435.02	
481.99	404.3	
482.196	361.3	
482.403	426.83	
482.61	471.89	
482.817	566.09	
483.023	666.44	
483.23	535.37	
483.437	510.8	
483.643	521.04	
483.85	445.26	
484.057	527.18	
484.263	353.1	
484.47	416.59	
484.676	312.14	
484.883	521.04	
485.09	400.21	
485.296	435.02	
485.503	562	
485.709	437.07	
485.916	453.45	
486.122	439.12	
486.329	506.7	
486.535	426.83	
486.742	301.9	
486.948	303.95	
487.155	301.9	
487.361	318.29	
487.567	361.3	
487.774	398.16	
487.98	500.56	
488.187	449.36	
488.393	508.75	
488.599	389.97	
488.806	340.82	
489.012	371.54	
489.219	359.25	
489.425	308.05	
489.631	279.38	
489.837	166.74	
490.044	297.81	
490.25	240.47	
490.456	258.9	
490.663	312.14	
490.869	170.83	
491.075	269.14	
491.281	232.27	
491.487	179.03	
491.694	228.18	
491.9	136.02	
492.106	226.13	
492.312	176.98	
492.518	230.23	
492.724	316.24	
492.931	107.35	
493.137	189.27	
493.343	262.99	
493.549	394.06	
493.755	326.48	
493.961	346.96	
494.167	258.9	
494.373	242.51	
494.579	424.78	
494.785	420.69	
494.991	504.65	
495.197	518.99	
495.403	510.8	
495.609	451.41	
495.815	480.08	
496.021	412.5	
496.227	432.97	
496.433	463.69	
496.639	342.86	
496.845	363.34	
497.05	463.69	
497.256	246.61	
497.462	232.27	
497.668	279.38	
497.874	277.33	
498.08	172.88	
498.286	228.18	
498.491	213.84	
498.697	279.38	
498.903	252.75	
499.109	279.38	
499.314	256.85	
499.52	301.9	
499.726	377.68	
499.932	369.49	
500.137	496.46	
500.343	398.16	
500.549	334.67	
500.754	258.9	
500.96	420.69	
501.166	310.1	
501.371	320.34	
501.577	283.47	
501.782	451.41	
501.988	617.29	
502.194	738.12	
502.399	1196.87	
502.605	1946.42	
502.81	2652.97	
503.016	3324.71	
503.221	3529.5	
503.427	3296.04	
503.632	2964.26	
503.838	2325.3	
504.043	1870.65	
504.249	1684.28	
504.454	1393.47	
504.66	1166.15	
504.865	1098.56	
505.071	1160	
505.276	879.43	
505.481	795.47	
505.687	727.88	
505.892	674.64	
506.097	613.2	
506.303	516.94	
506.508	772.94	
506.713	1026.89	
506.919	1690.43	
507.124	1907.51	
507.329	2202.42	
507.535	2265.91	
507.74	2167.6	
507.945	1669.95	
508.15	1497.92	
508.356	1295.17	
508.561	1069.89	
508.766	848.71	
508.971	785.23	
509.176	826.18	
509.381	865.1	
509.587	738.12	
509.792	777.03	
509.997	709.45	
510.202	942.92	
510.407	1405.76	
510.612	2198.32	
510.817	2757.42	
511.022	3328.8	
511.227	3568.41	
511.432	2937.64	
511.637	2736.94	
511.842	2220.85	
512.047	1792.83	
512.252	1536.83	
512.457	1454.91	
512.662	1258.31	
512.867	1086.28	
513.072	1170.24	
513.277	1239.87	
513.482	1663.8	
513.687	1991.48	
513.892	2218.8	
514.097	2231.09	
514.302	2143.03	
514.507	1925.94	
514.711	1866.55	
514.916	1749.82	
515.121	1573.69	
515.326	1366.85	
515.531	1160	
515.735	992.07	
515.94	852.81	
516.145	809.8	
516.35	807.75	
516.554	586.57	
516.759	570.19	
516.964	467.79	
517.169	435.02	
517.373	551.76	
517.578	662.35	
517.783	951.11	
517.987	1162.05	
518.192	1590.08	
518.396	1674.04	
518.601	1823.55	
518.806	1684.28	
519.01	1434.43	
519.215	1573.69	
519.419	1704.76	
519.624	1925.94	
519.829	2149.17	
520.033	2339.63	
520.238	2218.8	
520.442	1913.66	
520.647	1854.27	
520.851	1614.65	
521.055	1405.76	
521.26	1389.38	
521.464	1422.14	
521.669	1272.64	
521.873	1110.85	
522.078	1010.5	
522.282	906.06	
522.486	764.75	
522.691	781.13	
522.895	820.04	
523.099	672.59	
523.304	555.85	
523.508	416.59	
523.712	494.41	
523.917	439.12	
524.121	379.73	
524.325	273.23	
524.53	379.73	
524.734	277.33	
524.938	310.1	
525.142	308.05	
525.346	291.66	
525.551	258.9	
525.755	346.96	
525.959	209.75	
526.163	267.09	
526.367	306	
526.571	318.29	
526.776	371.54	
526.98	439.12	
527.184	361.3	
527.388	512.85	
527.592	402.26	
527.796	367.44	
528	514.89	
528.204	494.41	
528.408	371.54	
528.612	484.17	
528.816	650.06	
529.02	709.45	
529.224	881.48	
529.428	973.64	
529.632	908.1	
529.836	1006.41	
530.04	711.5	
530.244	674.64	
530.448	580.43	
530.652	582.48	
530.855	478.03	
531.059	594.76	
531.263	693.07	
531.467	797.51	
531.671	1573.69	
531.875	3257.12	
532.078	5395.2	
532.282	6982.38	
532.486	7607.01	
532.69	7979.74	
532.893	8491.73	
533.097	9249.48	
533.301	10091.2	
533.505	11053.74	
533.708	11072.17	
533.912	9628.35	
534.116	7494.37	
534.319	5681.92	
534.523	4717.33	
534.727	4379.41	
534.93	3857.18	
535.134	3636	
535.338	3210.02	
535.541	2716.46	
535.745	2394.93	
535.948	2054.97	
536.152	1854.27	
536.355	1758.01	
536.559	1364.8	
536.762	1262.4	
536.966	1047.37	
537.169	832.33	
537.373	738.12	
537.576	504.65	
537.78	676.68	
537.983	549.71	
538.187	490.32	
538.39	609.1	
538.593	1456.96	
538.797	3842.84	
539	7056.11	
539.204	9923.26	
539.407	11492.01	
539.61	11764.39	
539.814	10070.72	
540.017	7238.37	
540.22	4940.55	
540.424	4051.74	
540.627	3443.49	
540.83	3210.02	
541.033	2949.93	
541.237	2677.55	
541.44	2497.33	
541.643	2097.97	
541.846	1872.7	
542.049	1753.91	
542.253	1612.6	
542.456	1248.07	
542.659	1078.08	
542.862	992.07	
543.065	795.47	
543.268	799.56	
543.471	635.72	
543.674	576.33	
543.878	727.88	
544.081	719.69	
544.284	637.77	
544.487	658.25	
544.69	602.96	
544.893	637.77	
545.096	586.57	
545.299	586.57	
545.502	385.87	
545.705	383.82	
545.908	484.17	
546.111	408.4	
546.314	389.97	
546.516	432.97	
546.719	289.62	
546.922	482.13	
547.125	406.35	
547.328	504.65	
547.531	422.73	
547.734	443.21	
547.936	541.52	
548.139	439.12	
548.342	535.37	
548.545	361.3	
548.748	381.78	
548.95	475.98	
549.153	426.83	
549.356	457.55	
549.559	443.21	
549.761	344.91	
549.964	410.45	
550.167	344.91	
550.369	461.65	
550.572	400.21	
550.775	525.13	
550.977	392.02	
551.18	453.45	
551.383	432.97	
551.585	439.12	
551.788	312.14	
551.99	406.35	
552.193	510.8	
552.396	527.18	
552.598	504.65	
552.801	564.04	
553.003	525.13	
553.206	512.85	
553.408	602.96	
553.611	537.42	
553.813	459.6	
554.015	435.02	
554.218	572.24	
554.42	453.45	
554.623	529.23	
554.825	705.35	
555.027	1033.03	
555.23	1497.92	
555.432	1889.08	
555.635	2124.6	
555.837	2245.43	
556.039	1821.5	
556.242	1438.53	
556.444	985.93	
556.646	949.06	
556.848	918.34	
557.051	836.42	
557.253	809.8	
557.455	725.83	
557.657	734.03	
557.86	723.79	
558.062	822.09	
558.264	695.11	
558.466	631.63	
558.668	641.87	
558.87	545.61	
559.073	602.96	
559.275	553.8	
559.477	590.67	
559.679	494.41	
559.881	635.72	
560.083	607.05	
560.285	566.09	
560.487	584.52	
560.689	602.96	
560.891	586.57	
561.093	629.58	
561.295	502.61	
561.497	518.99	
561.699	627.53	
561.901	635.72	
562.103	660.3	
562.305	574.28	
562.507	555.85	
562.709	619.34	
562.911	676.68	
563.113	666.44	
563.314	748.36	
563.516	668.49	
563.718	686.92	
563.92	863.05	
564.122	1168.2	
564.323	1706.81	
564.525	2865.96	
564.727	3629.85	
564.929	4465.43	
565.131	4469.52	
565.332	4356.88	
565.534	3640.09	
565.736	2880.3	
565.937	2347.83	
566.139	2159.41	
566.341	1868.6	
566.542	1626.94	
566.744	1682.24	
566.946	1495.87	
567.147	1481.53	
567.349	1348.42	
567.551	1459.01	
567.752	2100.02	
567.954	2530.09	
568.155	3005.22	
568.357	3066.66	
568.558	2951.98	
568.76	2581.29	
568.961	2251.57	
569.163	1495.87	
569.364	1483.58	
569.566	1483.58	
569.767	1430.34	
569.969	1338.18	
570.17	1489.73	
570.372	1534.78	
570.573	1649.47	
570.774	2177.84	
570.976	2607.92	
571.177	2884.39	
571.378	2765.61	
571.58	2583.34	
571.781	2257.71	
571.982	1762.11	
572.184	1545.02	
572.385	1389.38	
572.586	1440.58	
572.788	1465.15	
572.989	1422.14	
573.19	1397.57	
573.391	2052.92	
573.592	3408.67	
573.794	4985.61	
573.995	6296.31	
574.196	6791.92	
574.397	6650.61	
574.598	5548.8	
574.799	4993.8	
575.001	7142.12	
575.202	12974.74	
575.403	20046.37	
575.604	26132.93	
575.805	28256.68	
576.006	26653.12	
576.207	21953.03	
576.408	15878.76	
576.609	10850.99	
576.81	8331.99	
577.011	7107.3	
577.212	6339.32	
577.413	5673.73	
577.614	5387.01	
577.815	4840.2	
578.016	4580.11	
578.217	4487.95	
578.418	4240.15	
578.619	4035.35	
578.819	3879.71	
579.02	4197.14	
579.221	5016.33	
579.422	5935.87	
579.623	6941.42	
579.824	7009	
580.024	6900.46	
580.225	6243.06	
580.426	5815.04	
580.627	7379.68	
580.827	10576.56	
581.028	14533.24	
581.229	16992.85	
581.43	18346.56	
581.63	16851.54	
581.831	13654.66	
582.032	10578.61	
582.232	8313.56	
582.433	7049.96	
582.634	6513.39	
582.834	6359.8	
583.035	6382.32	
583.235	7064.3	
583.436	10957.49	
583.636	34181.45	
583.837	64323.46	
584.038	64323.46	
584.238	64323.46	
584.439	64323.46	
584.639	64323.46	
584.84	64323.46	
585.04	64323.46	
585.241	64323.46	
585.441	64323.46	
585.641	64323.46	
585.842	64323.46	
586.042	64323.46	
586.243	64323.46	
586.443	64323.46	
586.643	64323.46	
586.844	64323.46	
587.044	64323.46	
587.244	64323.46	
587.445	64323.46	
587.645	64323.46	
587.845	64323.46	
588.046	64323.46	
588.246	64323.46	
588.446	64323.46	
588.646	64323.46	
588.847	64323.46	
589.047	64323.46	
589.247	64323.46	
589.447	64323.46	
589.647	64323.46	
589.847	64323.46	
590.048	64323.46	
590.248	64323.46	
590.448	64323.46	
590.648	64323.46	
590.848	64323.46	
591.048	64323.46	
591.248	64323.46	
591.448	64323.46	
591.648	64323.46	
591.848	64323.46	
592.048	64323.46	
592.248	64323.46	
592.448	64323.46	
592.648	64323.46	
592.848	64323.46	
593.048	64323.46	
593.248	64323.46	
593.448	64323.46	
593.648	64323.46	
593.848	64323.46	
594.048	64323.46	
594.248	64323.46	
594.447	64323.46	
594.647	64323.46	
594.847	64323.46	
595.047	64323.46	
595.247	64323.46	
595.447	64323.46	
595.646	64323.46	
595.846	64323.46	
596.046	64323.46	
596.246	64323.46	
596.445	64323.46	
596.645	64323.46	
596.845	64323.46	
597.044	64323.46	
597.244	64323.46	
597.444	64323.46	
597.643	64323.46	
597.843	64323.46	
598.043	64323.46	
598.242	64323.46	
598.442	64323.46	
598.641	64323.46	
598.841	64323.46	
599.041	64323.46	
599.24	64323.46	
599.44	64323.46	
599.639	64323.46	
599.839	64323.46	
600.038	64323.46	
600.238	64323.46	
600.437	64323.46	
600.637	64323.46	
600.836	64323.46	
601.035	64323.46	
601.235	64323.46	
601.434	64323.46	
601.634	64323.46	
601.833	64323.46	
602.032	64323.46	
602.232	64323.46	
602.431	64323.46	
602.63	64323.46	
602.83	64323.46	
603.029	64323.46	
603.228	64323.46	
603.427	64323.46	
603.627	64323.46	
603.826	64323.46	
604.025	64323.46	
604.224	64323.46	
604.424	64323.46	
604.623	64323.46	
604.822	64323.46	
605.021	64323.46	
605.22	64323.46	
605.419	64323.46	
605.618	64323.46	
605.818	64323.46	
606.017	64323.46	
606.216	64323.46	
606.415	64323.46	
606.614	64323.46	
606.813	64323.46	
607.012	64323.46	
607.211	64323.46	
607.41	64323.46	
607.609	64323.46	
607.808	64323.46	
608.007	64323.46	
608.206	64323.46	
608.405	64323.46	
608.604	64323.46	
608.802	64323.46	
609.001	64323.46	
609.2	64323.46	
609.399	64323.46	
609.598	64323.46	
609.797	64323.46	
609.996	64323.46	
610.194	64323.46	
610.393	64323.46	
610.592	64323.46	
610.791	64323.46	
610.99	64323.46	
611.188	64323.46	
611.387	64323.46	
611.586	64323.46	
611.784	64323.46	
611.983	64323.46	
612.182	64323.46	
612.38	64323.46	
612.579	64323.46	
612.778	64323.46	
612.976	64323.46	
613.175	64323.46	
613.374	64323.46	
613.572	64323.46	
613.771	64323.46	
613.969	64323.46	
614.168	64323.46	
614.366	64323.46	
614.565	64323.46	
614.763	64323.46	
614.962	64323.46	
615.16	64323.46	
615.359	64323.46	
615.557	64323.46	
615.756	64323.46	
615.954	64323.46	
616.153	64323.46	
616.351	64323.46	
616.549	64323.46	
616.748	64323.46	
616.946	64323.46	
617.144	64323.46	
617.343	64323.46	
617.541	64323.46	
617.739	64323.46	
617.938	64323.46	
618.136	64323.46	
618.334	64323.46	
618.532	64323.46	
618.731	64323.46	
618.929	64323.46	
619.127	64323.46	
619.325	64323.46	
619.523	64323.46	
619.722	64323.46	
619.92	64323.46	
620.118	64323.46	
620.316	64323.46	
620.514	64323.46	
620.712	64323.46	
620.91	64323.46	
621.108	64323.46	
621.306	64323.46	
621.505	64323.46	
621.703	64323.46	
621.901	64323.46	
622.099	64323.46	
622.297	64323.46	
622.495	64323.46	
622.693	64323.46	
622.89	64323.46	
623.088	64323.46	
623.286	64323.46	
623.484	64323.46	
623.682	64323.46	
623.88	64323.46	
624.078	64323.46	
624.276	64323.46	
624.474	64323.46	
624.671	64323.46	
624.869	64323.46	
625.067	64323.46	
625.265	64323.46	
625.463	64323.46	
625.66	64323.46	
625.858	64323.46	
626.056	64323.46	
626.254	64323.46	
626.451	64323.46	
626.649	64323.46	
626.847	64323.46	
627.044	64323.46	
627.242	64323.46	
627.44	64323.46	
627.637	64323.46	
627.835	64323.46	
628.032	64323.46	
628.23	64323.46	
628.428	64323.46	
628.625	64323.46	
628.823	64323.46	
629.02	64323.46	
629.218	64323.46	
629.415	64323.46	
629.613	64323.46	
629.81	64323.46	
630.008	64323.46	
630.205	64323.46	
630.403	64323.46	
630.6	64323.46	
630.797	64323.46	
630.995	64323.46	
631.192	64323.46	
631.39	64323.46	
631.587	64323.46	
631.784	64323.46	
631.982	64323.46	
632.179	64323.46	
632.376	64323.46	
632.574	64323.46	
632.771	64323.46	
632.968	64323.46	
633.165	64323.46	
633.363	64323.46	
633.56	64323.46	
633.757	64323.46	
633.954	64323.46	
634.151	64323.46	
634.349	64323.46	
634.546	64323.46	
634.743	64323.46	
634.94	64323.46	
635.137	64323.46	
635.334	64323.46	
635.531	64323.46	
635.728	64323.46	
635.925	64323.46	
636.122	64323.46	
636.319	64323.46	
636.516	64323.46	
636.713	64323.46	
636.91	64323.46	
637.107	64323.46	
637.304	64323.46	
637.501	64323.46	
637.698	64323.46	
637.895	64323.46	
638.092	64323.46	
638.289	64323.46	
638.486	64323.46	
638.683	64323.46	
638.88	64323.46	
639.076	64323.46	
639.273	64323.46	
639.47	64323.46	
639.667	64323.46	
639.864	64323.46	
640.06	64323.46	
640.257	64323.46	
640.454	64323.46	
640.651	64323.46	
640.847	64323.46	
641.044	64323.46	
641.241	64323.46	
641.437	64323.46	
641.634	64323.46	
641.831	64323.46	
642.027	64323.46	
642.224	64323.46	
642.421	64323.46	
642.617	64323.46	
642.814	64323.46	
643.01	64323.46	
643.207	64323.46	
643.403	64323.46	
643.6	64323.46	
643.796	64323.46	
643.993	64323.46	
644.189	64323.46	
644.386	64323.46	
644.582	64323.46	
644.779	64323.46	
644.975	64323.46	
645.172	64323.46	
645.368	64323.46	
645.564	64323.46	
645.761	64323.46	
645.957	64323.46	
646.153	64323.46	
646.35	64323.46	
646.546	64323.46	
646.742	64323.46	
646.939	64323.46	
647.135	64323.46	
647.331	64323.46	
647.527	64323.46	
647.724	64323.46	
647.92	64323.46	
648.116	64323.46	
648.312	64323.46	
648.509	64323.46	
648.705	64323.46	
648.901	64323.46	
649.097	64323.46	
649.293	64323.46	
649.489	64323.46	
649.685	64323.46	
649.881	64323.46	
650.077	64323.46	
650.274	64323.46	
650.47	64323.46	
650.666	64323.46	
650.862	64323.46	
651.058	64323.46	
651.254	64323.46	
651.45	64323.46	
651.645	64323.46	
651.841	64323.46	
652.037	64323.46	
652.233	64323.46	
652.429	64323.46	
652.625	64323.46	
652.821	64323.46	
653.017	64323.46	
653.213	64323.46	
653.408	64323.46	
653.604	64323.46	
653.8	64323.46	
653.996	64323.46	
654.192	64323.46	
654.387	64323.46	
654.583	64323.46	
654.779	64323.46	
654.975	64323.46	
655.17	64323.46	
655.366	64323.46	
655.562	64323.46	
655.757	64323.46	
655.953	64323.46	
656.149	64323.46	
656.344	64323.46	
656.54	64323.46	
656.735	64323.46	
656.931	64323.46	
657.127	64323.46	
657.322	64323.46	
657.518	64323.46	
657.713	64323.46	
657.909	64323.46	
658.104	64323.46	
658.3	64323.46	
658.495	64323.46	
658.691	64323.46	
658.886	64323.46	
659.082	64323.46	
659.277	64323.46	
659.472	64323.46	
659.668	64323.46	
659.863	64323.46	
660.059	64323.46	
660.254	64323.46	
660.449	64323.46	
660.644	64323.46	
660.84	64323.46	
661.035	64323.46	
661.23	64323.46	
661.426	64323.46	
661.621	64323.46	
661.816	64323.46	
662.011	64323.46	
662.207	64323.46	
662.402	64323.46	
662.597	64323.46	
662.792	64323.46	
662.987	64323.46	
663.182	64323.46	
663.377	64323.46	
663.573	64323.46	
663.768	64323.46	
663.963	64323.46	
664.158	64323.46	
664.353	64323.46	
664.548	64323.46	
664.743	64323.46	
664.938	64323.46	
665.133	64323.46	
665.328	64323.46	
665.523	64323.46	
665.718	64323.46	
665.913	64323.46	
666.108	64323.46	
666.303	64323.46	
666.498	64323.46	
666.692	64323.46	
666.887	64323.46	
667.082	64323.46	
667.277	64323.46	
667.472	64323.46	
667.667	64323.46	
667.861	64323.46	
668.056	64323.46	
668.251	64323.46	
668.446	64323.46	
668.64	64323.46	
668.835	64323.46	
669.03	64323.46	
669.225	64323.46	
669.419	64323.46	
669.614	64323.46	
669.809	64323.46	
670.003	64323.46	
670.198	64323.46	
670.393	64323.46	
670.587	64323.46	
670.782	64323.46	
670.976	64323.46	
671.171	64323.46	
671.365	64323.46	
671.56	64323.46	
671.754	64323.46	
671.949	64323.46	
672.143	64323.46	
672.338	64323.46	
672.532	64323.46	
672.727	64323.46	
672.921	64323.46	
673.116	64323.46	
673.31	64323.46	
673.504	64323.46	
673.699	64323.46	
673.893	64323.46	
674.088	64323.46	
674.282	64323.46	
674.476	64323.46	
674.67	64323.46	
674.865	64323.46	
675.059	64323.46	
675.253	64323.46	
675.448	64323.46	
675.642	64323.46	
675.836	64323.46	
676.03	64323.46	
676.224	64323.46	
676.419	64323.46	
676.613	64323.46	
676.807	64323.46	
677.001	64323.46	
677.195	64323.46	
677.389	64323.46	
677.583	64323.46	
677.777	64323.46	
677.972	64323.46	
678.166	64323.46	
678.36	64323.46	
678.554	64323.46	
678.748	64323.46	
678.942	64323.46	
679.136	64323.46	
679.33	64323.46	
679.524	64323.46	
679.717	64323.46	
679.911	64323.46	
680.105	64323.46	
680.299	64323.46	
680.493	64323.46	
680.687	64323.46	
680.881	64323.46	
681.075	64323.46	
681.268	64323.46	
681.462	64323.46	
681.656	64323.46	
681.85	64323.46	
682.044	64323.46	
682.237	64323.46	
682.431	64323.46	
682.625	64323.46	
682.819	64323.46	
683.012	64323.46	
683.206	64323.46	
683.4	64323.46	
683.593	64323.46	
683.787	64323.46	
683.981	64323.46	
684.174	64323.46	
684.368	64323.46	
684.561	64323.46	
684.755	64323.46	
684.948	64323.46	
685.142	64323.46	
685.335	64323.46	
685.529	64323.46	
685.722	64323.46	
685.916	64323.46	
686.109	64323.46	
686.303	64323.46	
686.496	64323.46	
686.69	64323.46	
686.883	64323.46	
687.077	64323.46	
687.27	64323.46	
687.463	64323.46	
687.657	64323.46	
687.85	64323.46	
688.043	64323.46	
688.237	64323.46	
688.43	64323.46	
688.623	64323.46	
688.816	64323.46	
689.01	64323.46	
689.203	64323.46	
689.396	64323.46	
689.589	64323.46	
689.783	64323.46	
689.976	64323.46	
690.169	64323.46	
690.362	64323.46	
690.555	64323.46	
690.748	64323.46	
690.941	64323.46	
691.135	64323.46	
691.328	64323.46	
691.521	64323.46	
691.714	64323.46	
691.907	64323.46	
692.1	64323.46	
692.293	64323.46	
692.486	64323.46	
692.679	64323.46	
692.872	64323.46	
693.065	64323.46	
693.258	64323.46	
693.451	64323.46	
693.644	64323.46	
693.836	64323.46	
694.029	64323.46	
694.222	64323.46	
694.415	64323.46	
694.608	64323.46	
694.801	64323.46	
694.993	64323.46	
695.186	64323.46	
695.379	64323.46	
695.572	64323.46	
695.765	64323.46	
695.957	64323.46	
696.15	64323.46	
696.343	64323.46	
696.535	64323.46	
696.728	64323.46	
696.921	64323.46	
697.113	64323.46	
697.306	64323.46	
697.499	64323.46	
697.691	64323.46	
697.884	64323.46	
698.076	64323.46	
698.269	64323.46	
698.462	64323.46	
698.654	64323.46	
698.847	64323.46	
699.039	64323.46	
699.232	64323.46	
699.424	64323.46	
699.617	64323.46	
699.809	64323.46	
700.001	64323.46	
700.194	64323.46	
700.386	64323.46	
700.579	64323.46	
700.771	64323.46	
700.963	64323.46	
701.156	64323.46	
701.348	64323.46	
701.54	64323.46	
701.733	64323.46	
701.925	64323.46	
702.117	64323.46	
702.309	64323.46	
702.502	64323.46	
702.694	64323.46	
702.886	64323.46	
703.078	64323.46	
703.271	64323.46	
703.463	64323.46	
703.655	64323.46	
703.847	64323.46	
704.039	64323.46	
704.231	64323.46	
704.423	64323.46	
704.615	64323.46	
704.808	64323.46	
705	64323.46	
705.192	64323.46	
705.384	64323.46	
705.576	64323.46	
705.768	64323.46	
705.96	64323.46	
706.152	64323.46	
706.344	64323.46	
706.536	64323.46	
706.727	64323.46	
706.919	64323.46	
707.111	64323.46	
707.303	64323.46	
707.495	64323.46	
707.687	64323.46	
707.879	64323.46	
708.071	64323.46	
708.262	64323.46	
708.454	64323.46	
708.646	64323.46	
708.838	64323.46	
709.029	64323.46	
709.221	64323.46	
709.413	64323.46	
709.605	64323.46	
709.796	64323.46	
709.988	64323.46	
710.18	64323.46	
710.371	64323.46	
710.563	64323.46	
710.755	64323.46	
710.946	64323.46	
711.138	64323.46	
711.329	64323.46	
711.521	64323.46	
711.712	64323.46	
711.904	64323.46	
712.095	64323.46	
712.287	64323.46	
712.478	64323.46	
712.67	64323.46	
712.861	64323.46	
713.053	64323.46	
713.244	64323.46	
713.436	64323.46	
713.627	64323.46	
713.818	64323.46	
714.01	64323.46	
714.201	64323.46	
714.393	64323.46	
714.584	64323.46	
714.775	64323.46	
714.966	64323.46	
715.158	64323.46	
715.349	64323.46	
715.54	64323.46	
715.732	64323.46	
715.923	64323.46	
716.114	64323.46	
716.305	64323.46	
716.496	64323.46	
716.688	64323.46	
716.879	64323.46	
717.07	64323.46	
717.261	64323.46	
717.452	64323.46	
717.643	64323.46	
717.834	64323.46	
718.025	64323.46	
718.216	64323.46	
718.407	64323.46	
718.598	64323.46	
718.789	64323.46	
718.98	64323.46	
719.171	64323.46	
719.362	64323.46	
719.553	64323.46	
719.744	64323.46	
719.935	64323.46	
720.126	64323.46	
720.317	64323.46	
720.508	64323.46	
720.699	64323.46	
720.889	64323.46	
721.08	64323.46	
721.271	64323.46	
721.462	64323.46	
721.653	64323.46	
721.843	64323.46	
722.034	64323.46	
722.225	64323.46	
722.416	64323.46	
722.606	64323.46	
722.797	64323.46	
722.988	64323.46	
723.178	64323.46	
723.369	64323.46	
723.56	64323.46	
723.75	64323.46	
723.941	64323.46	
724.132	64323.46	
724.322	64323.46	
724.513	64323.46	
724.703	64323.46	
724.894	64323.46	
725.084	64323.46	
725.275	64323.46	
725.465	64323.46	
725.656	64323.46	
725.846	64323.46	
726.037	64323.46	
726.227	64323.46	
726.417	64323.46	
726.608	64323.46	
726.798	64323.46	
726.989	64323.46	
727.179	64323.46	
727.369	64323.46	
727.56	64323.46	
727.75	64323.46	
727.94	64323.46	
728.131	64323.46	
728.321	64323.46	
728.511	64323.46	
728.701	64323.46	
728.892	64323.46	
729.082	64323.46	
729.272	64323.46	
729.462	64323.46	
729.652	64323.46	
729.842	64323.46	
730.033	64323.46	
730.223	64323.46	
730.413	64323.46	
730.603	64323.46	
730.793	64323.46	
730.983	64323.46	
731.173	64323.46	
731.363	64323.46	
731.553	64323.46	
731.743	64323.46	
731.933	64323.46	
732.123	64323.46	
732.313	64323.46	
732.503	64323.46	
732.693	64323.46	
732.883	64323.46	
733.073	64323.46	
733.263	64323.46	
733.452	64323.46	
733.642	64323.46	
733.832	64323.46	
734.022	64323.46	
734.212	64323.46	
734.402	64323.46	
734.591	64323.46	
734.781	64323.46	
734.971	64323.46	
735.161	64323.46	
735.35	64323.46	
735.54	64323.46	
735.73	64323.46	
735.919	64323.46	
736.109	64323.46	
736.299	64323.46	
736.488	64323.46	
736.678	64323.46	
736.867	64323.46	
737.057	64323.46	
737.247	64323.46	
737.436	64323.46	
737.626	64323.46	
737.815	64323.46	
738.005	64323.46	
738.194	64323.46	
738.384	64323.46	
738.573	64323.46	
738.763	64323.46	
738.952	64323.46	
739.141	64323.46	
739.331	64323.46	
739.52	64323.46	
739.71	64323.46	
739.899	64323.46	
740.088	64323.46	
740.278	64323.46	
740.467	64323.46	
740.656	64323.46	
740.846	64323.46	
741.035	64323.46	
741.224	64323.46	
741.413	64323.46	
741.603	64323.46	
741.792	64323.46	
741.981	64323.46	
742.17	64323.46	
742.359	64323.46	
742.548	64323.46	
742.738	64323.46	
742.927	64323.46	
743.116	64323.46	
743.305	64323.46	
743.494	64323.46	
743.683	64323.46	
743.872	64323.46	
744.061	64323.46	
744.25	64323.46	
744.439	64323.46	
744.628	64323.46	
744.817	64323.46	
745.006	64323.46	
745.195	64323.46	
745.384	64323.46	
745.573	64323.46	
745.762	64323.46	
745.951	64323.46	
746.139	64323.46	
746.328	64323.46	
746.517	64323.46	
746.706	64323.46	
746.895	64323.46	
747.084	64323.46	
747.272	64323.46	
747.461	64323.46	
747.65	64323.46	
747.839	64323.46	
748.027	64323.46	
748.216	64323.46	
748.405	64323.46	
748.593	64323.46	
748.782	64323.46	
748.971	64323.46	
749.159	64323.46	
749.348	64323.46	
749.536	64323.46	
749.725	64323.46	
749.914	64323.46	
750.102	64323.46	
750.291	64323.46	
750.479	64323.46	
750.668	64323.46	
750.856	64323.46	
751.045	64323.46	
751.233	64323.46	
751.421	64323.46	
751.61	57153.52	
751.798	64323.46	
751.987	2927.4	
752.175	64323.46	
752.363	12769.94	
752.552	64323.46	
752.74	22817.27	
752.928	64323.46	
753.117	25756.11	
753.305	64323.46	
753.493	21613.07	
753.682	64323.46	
753.87	17123.92	
754.058	34380.1	
754.246	11584.16	
754.434	8989.39	
754.623	7385.83	
754.811	6140.66	
754.999	5339.91	
755.187	4373.27	
755.375	3640.09	
755.563	3076.9	
755.751	2419.5	
755.94	1758.01	
756.128	1430.34	
756.316	975.69	
756.504	791.37	
756.692	625.48	
756.88	422.73	
757.068	394.06	
757.256	228.18	
757.444	365.39	
757.632	328.53	
757.819	230.23	
758.007	230.23	
758.195	240.47	
758.383	179.03	
758.571	293.71	
758.759	277.33	
758.947	181.07	
759.135	148.31	
759.322	191.31	
759.51	193.36	
759.698	185.17	
759.886	125.78	
760.073	170.83	
760.261	187.22	
760.449	211.79	
760.637	244.56	
760.824	193.36	
761.012	185.17	
761.2	93.01	
761.387	207.7	
761.575	154.45	
761.762	160.59	
761.95	207.7	
762.138	121.68	
762.325	191.31	
762.513	193.36	
762.7	238.42	
762.888	250.71	
763.075	209.75	
763.263	187.22	
763.45	211.79	
763.638	146.26	
763.825	213.84	
764.012	93.01	
764.2	179.03	
764.387	113.49	
764.575	203.6	
764.762	265.04	
764.949	267.09	
765.137	111.44	
765.324	228.18	
765.511	86.87	
765.699	193.36	
765.886	119.64	
766.073	158.55	
766.26	185.17	
766.448	127.83	
766.635	101.2	
766.822	224.08	
767.009	215.89	
767.196	148.31	
767.383	222.03	
767.571	119.64	
767.758	176.98	
767.945	222.03	
768.132	168.79	
768.319	201.55	
768.506	58.2	
768.693	199.51	
768.88	209.75	
769.067	185.17	
769.254	142.16	
769.441	193.36	
769.628	197.46	
769.815	88.92	
770.002	131.92	
770.189	205.65	
770.376	181.07	
770.563	109.4	
770.75	195.41	
770.936	248.66	
771.123	119.64	
771.31	205.65	
771.497	197.46	
771.684	211.79	
771.87	195.41	
772.057	136.02	
772.244	275.28	
772.431	144.21	
772.617	232.27	
772.804	152.4	
772.991	103.25	
773.177	117.59	
773.364	168.79	
773.551	86.87	
773.737	131.92	
773.924	105.3	
774.111	191.31	
774.297	31.57	
774.484	78.68	
774.67	250.71	
774.857	13.14	
775.043	78.68	
775.23	219.99	
775.416	154.45	
775.603	150.36	
775.789	129.88	
775.976	148.31	
776.162	162.64	
776.349	162.64	
776.535	308.05	
776.721	172.88	
776.908	234.32	
777.094	277.33	
777.28	228.18	
777.467	217.94	
777.653	176.98	
777.839	148.31	
778.025	95.06	
778.212	172.88	
778.398	125.78	
778.584	152.4	
778.77	146.26	
778.957	123.73	
779.143	156.5	
779.329	101.2	
779.515	84.82	
779.701	150.36	
779.887	146.26	
780.073	66.39	
780.26	-7.34	
780.446	310.1	
780.632	119.64	
780.818	66.39	
781.004	99.16	
781.19	37.72	
781.376	117.59	
781.562	47.96	
781.748	47.96	
781.934	95.06	
782.12	158.55	
782.305	70.48	
782.491	117.59	
782.677	99.16	
782.863	310.1	
783.049	215.89	
783.235	250.71	
783.421	193.36	
783.606	265.04	
783.792	209.75	
783.978	187.22	
784.164	105.3	
784.349	136.02	
784.535	101.2	
784.721	160.59	
784.907	250.71	
785.092	279.38	
785.278	123.73	
785.464	80.72	
785.649	23.38	
785.835	172.88	
786.02	56.15	
786.206	109.4	
786.392	113.49	
786.577	115.54	
786.763	164.69	
786.948	101.2	
787.134	154.45	
787.319	129.88	
787.505	68.44	
787.69	136.02	
787.876	154.45	
788.061	136.02	
788.246	15.19	
788.432	21.33	
788.617	150.36	
788.803	41.81	
788.988	-19.63	
789.173	103.25	
789.359	97.11	
789.544	156.5	
789.729	168.79	
789.915	54.1	
790.1	95.06	
790.285	154.45	
790.47	70.48	
790.655	176.98	
790.841	119.64	
791.026	111.44	
791.211	80.72	
791.396	54.1	
791.581	148.31	
791.766	273.23	
791.952	269.14	
792.137	314.19	
792.322	406.35	
792.507	529.23	
792.692	842.57	
792.877	1477.44	
793.062	2282.29	
793.247	2896.68	
793.432	3496.74	
793.617	3793.69	
793.802	3533.6	
793.987	3007.27	
794.172	2423.6	
794.356	1995.57	
794.541	1540.93	
794.726	1153.86	
794.911	1117	
795.096	817.99	
795.281	660.3	
795.466	668.49	
795.65	594.76	
795.835	516.94	
796.02	469.84	
796.205	549.71	
796.389	445.26	
796.574	267.09	
796.759	189.27	
796.943	136.02	
797.128	86.87	
797.313	72.53	
797.497	103.25	
797.682	164.69	
797.867	99.16	
798.051	-11.43	
798.236	84.82	
798.42	29.52	
798.605	86.87	
798.789	88.92	
798.974	152.4	
799.158	109.4	
799.343	74.58	
799.527	129.88	
799.712	35.67	
799.896	121.68	
800.081	70.48	
800.265	140.12	
800.449	52.05	
800.634	27.48	
800.818	35.67	
801.002	174.93	
801.187	99.16	
801.371	37.72	
801.555	103.25	
801.74	97.11	
801.924	66.39	
802.108	76.63	
802.292	95.06	
802.477	27.48	
802.661	222.03	
802.845	172.88	
803.029	111.44	
803.213	127.83	
803.397	60.24	
803.581	54.1	
803.766	66.39	
803.95	148.31	
804.134	56.15	
804.318	47.96	
804.502	82.77	
804.686	58.2	
804.87	133.97	
805.054	183.12	
805.238	56.15	
805.422	62.29	
805.606	33.62	
805.79	70.48	
805.973	66.39	
806.157	144.21	
806.341	127.83	
806.525	260.95	
806.709	545.61	
806.893	1123.14	
807.077	1788.73	
807.26	2405.17	
807.444	2702.12	
807.628	2714.41	
807.812	2499.38	
807.995	2020.15	
808.179	1694.52	
808.363	1309.51	
808.546	973.64	
808.73	832.33	
808.914	652.11	
809.097	615.24	
809.281	553.8	
809.465	529.23	
809.648	439.12	
809.832	490.32	
810.015	439.12	
810.199	457.55	
810.382	529.23	
810.566	873.29	
810.749	1141.57	
810.933	1315.65	
811.116	1454.91	
811.3	1536.83	
811.483	1401.66	
811.667	1313.6	
811.85	1289.03	
812.034	1577.79	
812.217	2648.88	
812.4	3752.73	
812.584	5157.64	
812.767	6249.21	
812.95	6769.39	
813.133	6443.76	
813.317	5427.97	
813.5	4428.56	
813.683	3451.68	
813.866	2542.38	
814.05	2134.84	
814.233	1745.72	
814.416	1426.24	
814.599	1315.65	
814.782	1049.41	
814.965	932.68	
815.149	883.53	
815.332	805.71	
815.515	701.26	
815.698	531.28	
815.881	488.27	
816.064	480.08	
816.247	252.75	
816.43	176.98	
816.613	201.55	
816.796	207.7	
816.979	80.72	
817.162	207.7	
817.345	115.54	
817.528	37.72	
817.711	27.48	
817.893	82.77	
818.076	78.68	
818.259	111.44	
818.442	136.02	
818.625	2.9	
818.808	54.1	
818.99	72.53	
819.173	37.72	
819.356	76.63	
819.539	150.36	
819.721	125.78	
819.904	70.48	
820.087	88.92	
820.269	64.34	
820.452	121.68	
820.635	33.62	
820.817	123.73	
821	193.36	
821.182	123.73	
821.365	37.72	
821.548	140.12	
821.73	52.05	
821.913	62.29	
822.095	164.69	
822.278	99.16	
822.46	90.96	
822.642	123.73	
822.825	199.51	
823.007	131.92	
823.19	125.78	
823.372	166.74	
823.555	97.11	
823.737	217.94	
823.919	234.32	
824.102	176.98	
824.284	201.55	
824.466	439.12	
824.648	557.9	
824.831	869.19	
825.013	1127.24	
825.195	1758.01	
825.377	2272.05	
825.56	2618.16	
825.742	2939.69	
825.924	2970.41	
826.106	2894.63	
826.288	2407.22	
826.47	1907.51	
826.652	1561.41	
826.835	1225.54	
827.017	1024.84	
827.199	768.84	
827.381	746.31	
827.563	643.92	
827.745	686.92	
827.927	615.24	
828.109	584.52	
828.291	858.95	
828.473	1817.4	
828.655	3578.65	
828.836	5776.13	
829.018	8211.16	
829.2	9917.12	
829.382	10592.95	
829.564	9796.29	
829.746	8213.21	
829.928	6673.14	
830.109	5036.81	
830.291	3824.41	
830.473	2970.41	
830.655	2517.81	
830.836	2151.22	
831.018	1850.17	
831.2	1733.43	
831.382	1481.53	
831.563	1264.45	
831.745	1307.46	
831.926	1164.1	
832.108	928.58	
832.29	760.65	
832.471	576.33	
832.653	424.78	
832.834	437.07	
833.016	273.23	
833.197	215.89	
833.379	136.02	
833.56	283.47	
833.742	232.27	
833.923	230.23	
834.105	197.46	
834.286	324.43	
834.468	166.74	
834.649	88.92	
834.83	211.79	
835.012	336.72	
835.193	580.43	
835.374	865.1	
835.556	1160	
835.737	1508.16	
835.918	2108.21	
836.1	4520.72	
836.281	10476.21	
836.462	19999.27	
836.643	29585.81	
836.824	39383.29	
837.006	44912.81	
837.187	44632.24	
837.368	38881.54	
837.549	32282.98	
837.73	25088.47	
837.911	18633.27	
838.092	14912.11	
838.273	12073.63	
838.455	9949.89	
838.636	8518.36	
838.817	7492.32	
838.998	6589.17	
839.179	5888.76	
839.36	5460.74	
839.54	4860.68	
839.721	4203.29	
839.902	3830.55	
840.083	3531.55	
840.264	3486.5	
840.445	4182.81	
840.626	5192.45	
840.807	6363.89	
840.988	7695.07	
841.168	8184.54	
841.349	7394.02	
841.53	6234.87	
841.711	5036.81	
841.891	3779.36	
842.072	2947.88	
842.253	2300.72	
842.434	1911.61	
842.614	1635.13	
842.795	1381.18	
842.976	1282.88	
843.156	1141.57	
843.337	1147.72	
843.517	1002.31	
843.698	942.92	
843.878	832.33	
844.059	609.1	
844.24	590.67	
844.42	498.51	
844.601	303.95	
844.781	453.45	
844.962	564.04	
845.142	828.23	
845.322	809.8	
845.503	1121.09	
845.683	1104.71	
845.864	1076.04	
846.044	932.68	
846.224	705.35	
846.405	541.52	
846.585	447.31	
846.765	459.6	
846.946	396.11	
847.126	521.04	
847.306	420.69	
847.486	617.29	
847.667	920.39	
847.847	1944.38	
848.027	4643.6	
848.207	9528	
848.387	14484.09	
848.567	19425.84	
848.747	23613.93	
848.928	24222.18	
849.108	21389.84	
849.288	17959.49	
849.468	13771.4	
849.648	10324.66	
849.828	7932.64	
850.008	6476.53	
850.188	5485.31	
850.368	4696.85	
850.548	4147.99	
850.728	3885.85	
850.908	3406.63	
851.088	3054.37	
851.267	2845.48	
851.447	2466.61	
851.627	2163.51	
851.807	1872.7	
851.987	1690.43	
852.167	1268.55	
852.346	1039.17	
852.526	615.24	
852.706	475.98	
852.886	367.44	
853.065	299.86	
853.245	357.2	
853.425	422.73	
853.605	484.17	
853.784	607.05	
853.964	512.85	
854.143	482.13	
854.323	432.97	
854.503	332.62	
854.682	217.94	
854.862	355.15	
855.041	205.65	
855.221	166.74	
855.4	170.83	
855.58	228.18	
855.759	381.78	
855.939	531.28	
856.118	639.82	
856.298	760.65	
856.477	750.41	
856.657	697.16	
856.836	648.01	
857.015	693.07	
857.195	766.79	
857.374	934.73	
857.553	1844.03	
857.733	3560.22	
857.912	5706.49	
858.091	7922.4	
858.27	9937.6	
858.45	10216.12	
858.629	9556.68	
858.808	8151.77	
858.987	6402.8	
859.166	4885.26	
859.345	3836.7	
859.525	3101.48	
859.704	2569.01	
859.883	2227	
860.062	1905.46	
860.241	1659.71	
860.42	1610.56	
860.599	1540.93	
860.778	1393.47	
860.957	1205.06	
861.136	1117	
861.315	1073.99	
861.494	1016.65	
861.673	985.93	
861.852	1379.14	
862.031	2749.23	
862.21	4281.11	
862.388	6058.74	
862.567	7641.82	
862.746	8475.35	
862.925	7936.73	
863.104	6982.38	
863.283	6148.86	
863.461	4981.51	
863.64	4537.1	
863.819	5344	
863.997	7906.01	
864.176	11592.36	
864.355	14799.48	
864.534	18438.72	
864.712	20314.66	
864.891	19470.89	
865.069	16595.54	
865.248	13859.46	
865.427	10699.44	
865.605	8147.67	
865.784	6609.65	
865.962	5456.64	
866.141	4764.43	
866.319	4162.33	
866.498	4309.78	
866.676	4944.65	
866.855	5536.51	
867.033	6603.5	
867.212	7291.62	
867.39	7607.01	
867.568	6806.25	
867.747	6009.59	
867.925	5034.76	
868.103	3986.2	
868.282	2992.94	
868.46	2329.39	
868.638	1860.41	
868.817	1606.46	
868.995	1381.18	
869.173	1477.44	
869.351	1262.4	
869.529	1293.12	
869.708	1233.73	
869.886	1227.59	
870.064	1065.8	
870.242	895.82	
870.42	774.99	
870.598	629.58	
870.776	680.78	
870.954	508.75	
871.133	308.05	
871.311	295.76	
871.489	277.33	
871.667	189.27	
871.845	131.92	
872.023	144.21	
872.2	158.55	
872.378	111.44	
872.556	88.92	
872.734	113.49	
872.912	121.68	
873.09	113.49	
873.268	127.83	
873.446	66.39	
873.623	131.92	
873.801	78.68	
873.979	70.48	
874.157	164.69	
874.335	148.31	
874.512	189.27	
874.69	78.68	
874.868	129.88	
875.045	158.55	
875.223	93.01	
875.401	136.02	
875.578	260.95	
875.756	637.77	
875.934	1198.92	
876.111	1506.11	
876.289	2128.69	
876.466	3521.31	
876.644	5921.53	
876.821	9450.18	
876.999	13290.12	
877.176	17044.05	
877.354	19773.99	
877.531	20488.73	
877.709	18797.11	
877.886	15911.52	
878.063	12495.51	
878.241	10035.9	
878.418	7582.43	
878.596	6277.88	
878.773	5155.59	
878.95	4340.5	
879.127	3646.24	
879.305	3207.97	
879.482	3169.06	
879.659	2753.32	
879.836	2556.72	
880.014	2415.41	
880.191	2110.26	
880.368	2007.86	
880.545	1686.33	
880.722	1459.01	
880.9	1356.61	
881.077	1012.55	
881.254	695.11	
881.431	490.32	
881.608	355.15	
881.785	349.01	
881.962	211.79	
882.139	230.23	
882.316	199.51	
882.493	318.29	
882.67	111.44	
882.847	64.34	
883.024	291.66	
883.201	90.96	
883.378	129.88	
883.554	113.49	
883.731	633.68	
883.908	1354.56	
884.085	2310.96	
884.262	3183.4	
884.439	4297.49	
884.615	4911.88	
884.792	4956.94	
884.969	4381.46	
885.146	4453.14	
885.322	4080.41	
885.499	4164.37	
885.676	4338.45	
885.852	4483.86	
886.029	3824.41	
886.205	3410.72	
886.382	2781.99	
886.559	2282.29	
886.735	1725.24	
886.912	1508.16	
887.088	1203.01	
887.265	1151.81	
887.441	971.59	
887.618	1002.31	
887.794	815.94	
887.971	729.93	
888.147	738.12	
888.324	684.87	
888.5	602.96	
888.676	494.41	
888.853	373.58	
889.029	342.86	
889.205	230.23	
889.382	283.47	
889.558	193.36	
889.734	187.22	
889.911	154.45	
890.087	103.25	
890.263	127.83	
890.439	303.95	
890.616	467.79	
890.792	727.88	
890.968	922.44	
891.144	1084.23	
891.32	1039.17	
891.496	830.28	
891.672	824.14	
891.848	594.76	
892.025	508.75	
892.201	394.06	
892.377	301.9	
892.553	193.36	
892.729	230.23	
892.905	353.1	
893.081	222.03	
893.256	154.45	
893.432	164.69	
893.608	201.55	
893.784	107.35	
893.96	189.27	
894.136	72.53	
894.312	129.88	
894.488	66.39	
894.663	176.98	
894.839	64.34	
895.015	113.49	
895.191	37.72	
895.366	23.38	
895.542	90.96	
895.718	54.1	
895.894	54.1	
896.069	-23.72	
896.245	90.96	
896.421	-62.63	
896.596	7	
896.772	47.96	
896.947	21.33	
897.123	72.53	
897.298	58.2	
897.474	258.9	
897.649	246.61	
897.825	357.2	
898	361.3	
898.176	387.92	
898.351	394.06	
898.527	232.27	
898.702	224.08	
898.878	152.4	
899.053	133.97	
899.228	58.2	
899.404	148.31	
899.579	127.83	
899.754	84.82	
899.93	154.45	
900.105	93.01	
900.28	29.52	
900.455	17.24	
900.631	23.38	
900.806	58.2	
900.981	45.91	
901.156	-25.77	
901.331	41.81	
901.507	-50.35	
901.682	35.67	
901.857	47.96	
902.032	133.97	
902.207	52.05	
902.382	52.05	
902.557	78.68	
902.732	60.24	
902.907	-23.72	
903.082	121.68	
903.257	0.85	
903.432	37.72	
903.607	-36.01	
903.782	15.19	
903.957	45.91	
904.132	47.96	
904.306	-103.59	
904.481	-5.29	
904.656	54.1	
904.831	21.33	
905.006	-27.82	
905.181	113.49	
905.355	-15.53	
905.53	0.85	
905.705	-44.2	
905.879	-3.24	
906.054	23.38	
906.229	82.77	
906.404	-3.24	
906.578	47.96	
906.753	52.05	
906.927	60.24	
907.102	-70.83	
907.277	-54.44	
907.451	45.91	
907.626	33.62	
907.8	-70.83	
907.975	11.09	
908.149	50	
908.324	-1.19	
908.498	-27.82	
908.673	47.96	
908.847	17.24	
909.021	-15.53	
909.196	54.1	
909.37	13.14	
909.544	80.72	
909.719	-23.72	
909.893	-105.64	
910.067	-19.63	
910.242	-3.24	
910.416	9.05	
910.59	113.49	
910.764	4.95	
910.939	23.38	
911.113	31.57	
911.287	-15.53	
911.461	82.77	
911.635	-70.83	
911.809	90.96	
911.984	119.64	
912.158	-11.43	
912.332	103.25	
912.506	4.95	
912.68	-11.43	
912.854	35.67	
913.028	54.1	
913.202	262.99	
913.376	480.08	
913.55	713.55	
913.724	953.16	
913.898	1180.48	
914.071	1397.57	
914.245	1284.93	
914.419	1174.34	
914.593	824.14	
914.767	578.38	
914.941	465.74	
915.115	375.63	
915.288	248.66	
915.462	357.2	
915.636	252.75	
915.81	176.98	
915.983	275.28	
916.157	244.56	
916.331	222.03	
916.504	217.94	
916.678	179.03	
916.852	121.68	
917.025	140.12	
917.199	228.18	
917.372	99.16	
917.546	66.39	
917.719	99.16	
917.893	138.07	
918.066	66.39	
918.24	131.92	
918.413	60.24	
918.587	170.83	
918.76	488.27	
918.934	588.62	
919.107	852.81	
919.28	1026.89	
919.454	1039.17	
919.627	930.63	
919.8	676.68	
919.974	527.18	
920.147	312.14	
920.32	379.73	
920.494	465.74	
920.667	768.84	
920.84	863.05	
921.013	885.58	
921.186	1045.32	
921.36	957.25	
921.533	889.67	
921.706	817.99	
921.879	717.64	
922.052	521.04	
922.225	541.52	
922.398	420.69	
922.571	439.12	
922.744	306	
922.917	254.8	
923.09	246.61	
923.263	201.55	
923.436	168.79	
923.609	125.78	
923.782	189.27	
923.955	203.6	
924.128	82.77	
924.301	219.99	
924.474	144.21	
924.647	148.31	
924.819	217.94	
924.992	187.22	
925.165	154.45	
925.338	39.76	
925.511	31.57	
925.683	43.86	
925.856	82.77	
926.029	23.38	
926.201	47.96	
926.374	78.68	
926.547	144.21	
926.719	86.87	
926.892	88.92	
927.065	119.64	
927.237	95.06	
927.41	47.96	
927.582	58.2	
927.755	-3.24	
927.927	-36.01	
928.1	64.34	
928.272	97.11	
928.445	82.77	
928.617	219.99	
928.79	402.26	
928.962	564.04	
929.134	719.69	
929.307	600.91	
929.479	551.76	
929.651	451.41	
929.824	518.99	
929.996	508.75	
930.168	490.32	
930.341	475.98	
930.513	383.82	
930.685	342.86	
930.857	383.82	
931.029	308.05	
931.202	484.17	
931.374	584.52	
931.546	582.48	
931.718	686.92	
931.89	723.79	
932.062	682.83	
932.234	508.75	
932.406	318.29	
932.578	201.55	
932.75	260.95	
932.922	236.37	
933.094	193.36	
933.266	213.84	
933.438	125.78	
933.61	230.23	
933.782	131.92	
933.954	154.45	
934.126	138.07	
934.298	164.69	
934.47	64.34	
934.641	23.38	
934.813	-101.55	
934.985	136.02	
935.157	88.92	
935.329	113.49	
935.5	9.05	
935.672	90.96	
935.844	168.79	
936.015	160.59	
936.187	43.86	
936.359	133.97	
936.53	66.39	
936.702	105.3	
936.874	103.25	
937.045	95.06	
937.217	41.81	
937.388	86.87	
937.56	45.91	
937.731	80.72	
937.903	11.09	
938.074	19.29	
938.246	-13.48	
938.417	-64.68	
938.588	39.76	
938.76	189.27	
938.931	37.72	
939.103	-79.02	
939.274	-19.63	
939.445	25.43	
939.617	0.85	
939.788	29.52	
939.959	-72.87	
940.13	125.78	
940.302	-3.24	
940.473	7	
940.644	-60.59	
940.815	33.62	
940.987	-33.96	
941.158	82.77	
941.329	133.97	
941.5	267.09	
941.671	228.18	
941.842	160.59	
942.013	136.02	
942.184	15.19	
942.355	117.59	
942.526	115.54	
942.697	52.05	
942.868	19.29	
943.039	33.62	
943.21	29.52	
943.381	64.34	
943.552	111.44	
943.723	176.98	
943.894	-1.19	
944.065	66.39	
944.235	-17.58	
944.406	13.14	
944.577	-15.53	
944.748	111.44	
944.919	47.96	
945.089	31.57	
945.26	101.2	
945.431	17.24	
945.601	47.96	
945.772	19.29	
945.943	7	
946.113	33.62	
946.284	-17.58	
946.455	-11.43	
946.625	-5.29	
946.796	62.29	
946.966	45.91	
947.137	88.92	
947.307	86.87	
947.478	160.59	
947.648	265.04	
947.819	148.31	
947.989	140.12	
948.16	217.94	
948.33	205.65	
948.5	121.68	
948.671	84.82	
948.841	37.72	
949.012	111.44	
949.182	62.29	
949.352	58.2	
949.522	78.68	
949.693	41.81	
949.863	9.05	
950.033	4.95	
950.203	-3.24	
950.374	78.68	
950.544	58.2	
950.714	9.05	
950.884	15.19	
951.054	52.05	
951.224	37.72	
951.394	72.53	
951.564	93.01	
951.735	43.86	
951.905	82.77	
952.075	90.96	
952.245	193.36	
952.415	201.55	
952.585	217.94	
952.754	113.49	
952.924	226.13	
953.094	154.45	
953.264	113.49	
953.434	136.02	
953.604	138.07	
953.774	115.54	
953.944	43.86	
954.113	78.68	
954.283	201.55	
954.453	86.87	
954.623	27.48	
954.792	41.81	
954.962	47.96	
955.132	93.01	
955.302	13.14	
955.471	17.24	
955.641	99.16	
955.81	80.72	
955.98	-23.72	
956.15	105.3	
956.319	78.68	
956.489	101.2	
956.658	-44.2	
956.828	60.24	
956.997	47.96	
957.167	-68.78	
957.336	29.52	
957.506	-44.2	
957.675	35.67	
957.845	52.05	
958.014	-7.34	
958.183	11.09	
958.353	17.24	
958.522	-31.91	
958.691	-83.11	
958.861	-56.49	
959.03	-21.67	
959.199	-25.77	
959.368	15.19	
959.538	-15.53	
959.707	0.85	
959.876	-7.34	
960.045	-48.3	
960.214	154.45	
960.383	95.06	
960.553	7	
960.722	76.63	
960.891	-1.19	
961.06	-5.29	
961.229	54.1	
961.398	74.58	
961.567	35.67	
961.736	-27.82	
961.905	-21.67	
962.074	0.85	
962.243	64.34	
962.412	129.88	
962.581	35.67	
962.75	0.85	
962.918	-52.39	
963.087	-15.53	
963.256	23.38	
963.425	-42.15	
963.594	72.53	
963.763	43.86	
963.931	19.29	
964.1	-81.07	
964.269	-11.43	
964.437	-23.72	
964.606	68.44	
964.775	72.53	
964.943	328.53	
965.112	404.3	
965.281	518.99	
965.449	596.81	
965.618	578.38	
965.786	641.87	
965.955	506.7	
966.124	406.35	
966.292	387.92	
966.461	269.14	
966.629	273.23	
966.797	148.31	
966.966	217.94	
967.134	224.08	
967.303	66.39	
967.471	138.07	
967.639	176.98	
967.808	240.47	
967.976	64.34	
968.144	160.59	
968.313	121.68	
968.481	156.5	
968.649	211.79	
968.817	82.77	
968.986	121.68	
969.154	-5.29	
969.322	-33.96	
969.49	31.57	
969.658	31.57	
969.827	35.67	
969.995	25.43	
970.163	164.69	
970.331	111.44	
970.499	62.29	
970.667	131.92	
970.835	11.09	
971.003	15.19	
971.171	-19.63	
971.339	123.73	
971.507	27.48	
971.675	23.38	
971.843	-15.53	
972.011	13.14	
972.178	86.87	
972.346	11.09	
972.514	-17.58	
972.682	-40.11	
972.85	-27.82	
973.018	66.39	
973.185	-48.3	
973.353	23.38	
973.521	19.29	
973.689	19.29	
973.856	9.05	
974.024	4.95	
974.192	-52.39	
974.359	-13.48	
974.527	123.73	
974.694	-95.4	
974.862	45.91	
975.03	41.81	
975.197	29.52	
975.365	7	
975.532	-70.83	
975.7	33.62	
975.867	21.33	
976.035	-27.82	
976.202	-74.92	
976.369	25.43	
976.537	-68.78	
976.704	70.48	
976.872	-68.78	
977.039	115.54	
977.206	13.14	
977.374	2.9	
977.541	-42.15	
977.708	101.2	
977.875	7	
978.043	-19.63	
978.21	13.14	
978.377	-48.3	
978.544	-19.63	
978.711	11.09	
978.879	25.43	
979.046	21.33	
979.213	-56.49	
979.38	86.87	
979.547	-74.92	
979.714	-13.48	
979.881	35.67	
980.048	58.2	
980.215	-83.11	
980.382	-60.59	
980.549	109.4	
980.716	82.77	
980.883	9.05	
981.05	47.96	
981.217	60.24	
981.384	35.67	
981.55	-42.15	
981.717	148.31	
981.884	-87.21	
982.051	-17.58	
982.218	-52.39	
982.384	37.72	
982.551	-107.69	
982.718	2.9	
982.885	19.29	
983.051	-95.4	
983.218	43.86	
983.385	15.19	
983.551	31.57	
983.718	-58.54	
983.885	29.52	
984.051	-1.19	
984.218	-21.67	
984.384	-44.2	
984.551	50	
984.717	54.1	
984.884	17.24	
985.05	-95.4	
985.217	25.43	
985.383	0.85	
985.55	-58.54	
985.716	17.24	
985.882	19.29	
986.049	-79.02	
986.215	39.76	
986.381	13.14	
986.548	-29.87	
986.714	74.58	
986.88	7	
987.046	-52.39	
987.213	21.33	
987.379	-17.58	
987.545	-23.72	
987.711	-29.87	
987.877	37.72	
988.044	50	
988.21	15.19	
988.376	35.67	
988.542	78.68	
988.708	47.96	
988.874	4.95	
989.04	-3.24	
989.206	4.95	
989.372	-15.53	
989.538	-44.2	
989.704	-29.87	
989.87	72.53	
990.036	7	
990.202	-52.39	
990.368	-50.35	
990.534	66.39	
990.699	-42.15	
990.865	-13.48	
991.031	-3.24	
991.197	62.29	
991.363	80.72	
991.528	-60.59	
991.694	-31.91	
991.86	-40.11	
992.025	54.1	
992.191	-19.63	
992.357	23.38	
992.522	-66.73	
992.688	21.33	
992.854	-19.63	
993.019	-68.78	
993.185	56.15	
993.35	43.86	
993.516	7	
993.681	-62.63	
993.847	0.85	
994.012	-11.43	
994.178	-42.15	
994.343	-46.25	
994.509	86.87	
994.674	-50.35	
994.84	-44.2	
995.005	2.9	
995.17	-66.73	
995.336	-74.92	
995.501	37.72	
995.666	-79.02	
995.831	-46.25	
995.997	11.09	
996.162	-13.48	
996.327	213.84	
996.492	123.73	
996.658	-40.11	
996.823	-109.74	
996.988	-38.06	
997.153	52.05	
997.318	-27.82	
997.483	23.38	
997.648	-87.21	
997.813	-42.15	
997.978	117.59	
998.143	0.85	
998.308	-31.91	
998.473	-109.74	
998.638	90.96	
998.803	25.43	
998.968	-31.91	
999.133	21.33	
999.298	-44.2	
999.463	4.95	
999.628	-23.72	
999.793	37.72	
999.957	54.1	
1000.122	-66.73	
1000.287	-130.22	
1000.452	-25.77	
1000.616	-36.01	
1000.781	2.9	
1000.946	35.67	
1001.111	-40.11	
1001.275	60.24	
1001.44	-25.77	
1001.604	-64.68	
1001.769	-19.63	
1001.934	9.05	
1002.098	4.95	
1002.263	-19.63	
1002.427	-44.2	
1002.592	80.72	
1002.756	19.29	
1002.921	-44.2	
1003.085	-42.15	
1003.25	39.76	
1003.414	7	
1003.579	0.85	
1003.743	-52.39	
1003.907	-60.59	
1004.072	-9.39	
1004.236	179.03	
1004.4	-36.01	
1004.565	-25.77	
1004.729	-64.68	
1004.893	47.96	
1005.057	13.14	
1005.222	-68.78	
1005.386	-3.24	
1005.55	-1.19	
1005.714	-42.15	
1005.878	-62.63	
1006.042	54.1	
1006.206	-46.25	
1006.371	43.86	
1006.535	76.63	
1006.699	-99.5	
1006.863	-23.72	
1007.027	58.2	
1007.191	66.39	
1007.355	15.19	
1007.519	25.43	
1007.683	-23.72	
1007.847	-11.43	
1008.01	58.2	
1008.174	76.63	
1008.338	7	
1008.502	45.91	
1008.666	-64.68	
1008.83	17.24	
1008.993	-5.29	
1009.157	7	
1009.321	27.48	
1009.485	-31.91	
1009.648	15.19	
1009.812	-38.06	
1009.976	-7.34	
1010.139	-56.49	
1010.303	62.29	
1010.467	-140.46	
1010.63	-1.19	
1010.794	54.1	
1010.957	25.43	
1011.121	62.29	
1011.285	19.29	
1011.448	-3.24	
1011.612	-68.78	
1011.775	86.87	
1011.938	-15.53	
1012.102	-7.34	
1012.265	-44.2	
1012.429	-85.16	
1012.592	-3.24	
1012.755	17.24	
1012.919	19.29	
1013.082	-31.91	
1013.245	-58.54	
1013.409	-103.59	
1013.572	-27.82	
1013.735	-1.19	
1013.898	97.11	
1014.062	-70.83	
1014.225	119.64	
1014.388	62.29	
1014.551	7	
1014.714	60.24	
1014.877	-7.34	
1015.041	25.43	
1015.204	-3.24	
1015.367	-38.06	
1015.53	17.24	
1015.693	-27.82	
1015.856	23.38	
1016.019	-138.41	
1016.182	-33.96	
1016.345	45.91	
1016.508	17.24	
1016.67	-1.19	
1016.833	74.58	
1016.996	45.91	
1017.159	-89.26	
1017.322	-9.39	
1017.485	-66.73	
1017.648	11.09	
1017.81	19.29	
1017.973	-50.35	
1018.136	-46.25	
1018.298	21.33	
1018.461	-66.73	
1018.624	-3.24	
1018.787	-36.01	
1018.949	-17.58	
1019.112	25.43	
1019.274	-1.19	
1019.437	-44.2	
1019.6	13.14	
1019.762	37.72	
1019.925	-91.31	
1020.087	17.24	
1020.25	-29.87	
1020.412	-36.01	
1020.575	-56.49	
1020.737	-101.55	
1020.899	-21.67	
1021.062	-58.54	
1021.224	13.14	
1021.387	111.44	
1021.549	70.48	
1021.711	11.09	
1021.874	25.43	
1022.036	4.95	
1022.198	-58.54	
1022.36	-66.73	
1022.523	-3.24	
1022.685	-25.77	
1022.847	-66.73	
1023.009	-58.54	
1023.171	-17.58	
1023.333	-97.45	
1023.496	-19.63	
1023.658	66.39	
1023.82	353.1	
1023.982	33.62	
1024.144	-126.12	
1024.306	-42.15	
1024.468	-72.87	
1024.63	21.33	
1024.792	-21.67	
1024.954	-9.39	
1025.116	15.19	
1025.278	-3.24	
1025.44	35.67	
1025.601	-27.82	
1025.763	-25.77	
1025.925	-58.54	
1026.087	4.95	
1026.249	-11.43	
1026.41	-33.96	
1026.572	90.96	
1026.734	13.14	
1026.896	15.19	
1027.057	-17.58	
1027.219	33.62	
1027.381	-103.59	
1027.542	-60.59	
1027.704	-70.83	
1027.866	-50.35	
1028.027	4.95	
1028.189	-33.96	
1028.35	27.48	
1028.512	9.05	
1028.673	-15.53	
1028.835	-115.88	
1028.996	62.29	
1029.158	-21.67	
1029.319	82.77	
1029.481	-27.82	
1029.642	17.24	
1029.803	17.24	
1029.965	88.92	
1030.126	-107.69	
1030.287	-17.58	
1030.449	-27.82	
1030.61	27.48	
1030.771	-25.77	
1030.933	7	
1031.094	119.64	
1031.255	-46.25	
1031.416	0.85	
1031.577	-68.78	
1031.738	-9.39	
1031.9	-107.69	
1032.061	-3.24	
1032.222	-48.3	
1032.383	-11.43	
1032.544	66.39	
1032.705	74.58	
1032.866	25.43	
1033.027	-23.72	
1033.188	41.81	
1033.349	11.09	
1033.51	21.33	
1033.671	39.76	
1033.832	33.62	
1033.993	-33.96	
1034.153	-48.3	
1034.314	-1.19	
1034.475	90.96	
1034.636	-11.43	
1034.797	-7.34	
1034.957	17.24	
1035.118	-7.34	
1035.279	17.24	
1035.44	-31.91	
1035.6	58.2	
1035.761	35.67	
1035.922	-56.49	
1036.082	-52.39	
1036.243	-29.87	
1036.404	-15.53	
1036.564	-17.58	
1036.725	-9.39	
1036.885	-36.01	
1037.046	2.9	
1037.206	-31.91	
1037.367	-7.34	
1037.527	11.09	
1037.688	15.19	
1037.848	-50.35	
1038.008	-13.48	
1038.169	-29.87	
