USB4E00404_1:101		
345.868	-162.98	
346.082	-162.98	
346.296	-162.98	
346.51	-253.09	
346.724	-152.74	
346.937	-38.06	
347.151	-19.63	
347.365	2.9	
347.579	33.62	
347.793	31.57	
348.006	-17.58	
348.22	115.54	
348.434	-42.15	
348.648	58.2	
348.861	-113.83	
349.075	7	
349.289	-17.58	
349.502	-87.21	
349.716	35.67	
349.93	82.77	
350.143	109.4	
350.357	66.39	
350.571	9.05	
350.784	129.88	
350.998	-25.77	
351.212	13.14	
351.425	4.95	
351.639	13.14	
351.852	54.1	
352.066	27.48	
352.28	-17.58	
352.493	115.54	
352.707	25.43	
352.92	-64.68	
353.134	54.1	
353.347	-1.19	
353.561	9.05	
353.774	-70.83	
353.988	25.43	
354.201	-48.3	
354.415	-29.87	
354.628	64.34	
354.841	-38.06	
355.055	-9.39	
355.268	-21.67	
355.482	-81.07	
355.695	-58.54	
355.908	-74.92	
356.122	2.9	
356.335	-31.91	
356.549	107.35	
356.762	-21.67	
356.975	19.29	
357.189	99.16	
357.402	-17.58	
357.615	-25.77	
357.828	2.9	
358.042	-1.19	
358.255	-23.72	
358.468	47.96	
358.682	2.9	
358.895	41.81	
359.108	-66.73	
359.321	0.85	
359.534	35.67	
359.748	-21.67	
359.961	41.81	
360.174	31.57	
360.387	66.39	
360.6	39.76	
360.813	-136.36	
361.027	15.19	
361.24	-42.15	
361.453	88.92	
361.666	-103.59	
361.879	-91.31	
362.092	-11.43	
362.305	-58.54	
362.518	0.85	
362.731	21.33	
362.944	-54.44	
363.157	-46.25	
363.37	-29.87	
363.583	-1.19	
363.796	-21.67	
364.009	-97.45	
364.222	-31.91	
364.435	-38.06	
364.648	62.29	
364.861	-68.78	
365.074	-36.01	
365.287	17.24	
365.5	-74.92	
365.713	-56.49	
365.926	39.76	
366.139	0.85	
366.352	-33.96	
366.564	-38.06	
366.777	-44.2	
366.99	23.38	
367.203	-33.96	
367.416	-83.11	
367.629	-25.77	
367.841	7	
368.054	15.19	
368.267	-58.54	
368.48	52.05	
368.693	-25.77	
368.905	35.67	
369.118	-15.53	
369.331	-70.83	
369.544	-5.29	
369.756	62.29	
369.969	-87.21	
370.182	2.9	
370.394	56.15	
370.607	-126.12	
370.82	-95.4	
371.032	23.38	
371.245	-107.69	
371.458	-66.73	
371.67	-85.16	
371.883	-23.72	
372.095	-25.77	
372.308	9.05	
372.52	2.9	
372.733	17.24	
372.946	97.11	
373.158	-52.39	
373.371	-21.67	
373.583	7	
373.796	-9.39	
374.008	76.63	
374.221	11.09	
374.433	-44.2	
374.646	37.72	
374.858	101.2	
375.071	0.85	
375.283	-40.11	
375.495	-31.91	
375.708	54.1	
375.92	-152.74	
376.133	-36.01	
376.345	-138.41	
376.557	-103.59	
376.77	-17.58	
376.982	-40.11	
377.194	-17.58	
377.407	-148.65	
377.619	-74.92	
377.831	23.38	
378.044	21.33	
378.256	-25.77	
378.468	-54.44	
378.68	-29.87	
378.893	-1.19	
379.105	-15.53	
379.317	-89.26	
379.529	-70.83	
379.742	76.63	
379.954	-33.96	
380.166	35.67	
380.378	4.95	
380.59	-50.35	
380.803	-101.55	
381.015	-29.87	
381.227	133.97	
381.439	344.91	
381.651	105.3	
381.863	-29.87	
382.075	-36.01	
382.287	62.29	
382.499	-50.35	
382.712	-72.87	
382.924	11.09	
383.136	109.4	
383.348	-89.26	
383.56	-79.02	
383.772	31.57	
383.984	-107.69	
384.196	7	
384.408	-42.15	
384.62	-15.53	
384.832	58.2	
385.044	-1.19	
385.255	-38.06	
385.467	54.1	
385.679	123.73	
385.891	39.76	
386.103	-1.19	
386.315	-48.3	
386.527	-70.83	
386.739	-142.5	
386.951	56.15	
387.162	60.24	
387.374	-27.82	
387.586	11.09	
387.798	-42.15	
388.01	105.3	
388.221	9.05	
388.433	-29.87	
388.645	-13.48	
388.857	-111.78	
389.069	-1.19	
389.28	-7.34	
389.492	-3.24	
389.704	-27.82	
389.915	-11.43	
390.127	-48.3	
390.339	0.85	
390.55	-25.77	
390.762	-54.44	
390.974	9.05	
391.185	-42.15	
391.397	-15.53	
391.609	23.38	
391.82	-13.48	
392.032	-74.92	
392.243	47.96	
392.455	-31.91	
392.667	72.53	
392.878	-5.29	
393.09	-81.07	
393.301	25.43	
393.513	43.86	
393.724	-48.3	
393.936	-33.96	
394.147	-101.55	
394.359	-58.54	
394.57	-79.02	
394.782	-40.11	
394.993	-29.87	
395.204	7	
395.416	35.67	
395.627	-31.91	
395.839	-27.82	
396.05	-11.43	
396.261	-5.29	
396.473	-46.25	
396.684	-5.29	
396.896	-9.39	
397.107	39.76	
397.318	21.33	
397.529	17.24	
397.741	-21.67	
397.952	-7.34	
398.163	43.86	
398.375	-48.3	
398.586	-103.59	
398.797	-52.39	
399.008	-95.4	
399.22	105.3	
399.431	-52.39	
399.642	-25.77	
399.853	-1.19	
400.064	-33.96	
400.276	15.19	
400.487	29.52	
400.698	-29.87	
400.909	-23.72	
401.12	-50.35	
401.331	19.29	
401.542	19.29	
401.754	-15.53	
401.965	-19.63	
402.176	43.86	
402.387	-50.35	
402.598	-99.5	
402.809	31.57	
403.02	7	
403.231	-38.06	
403.442	-56.49	
403.653	95.06	
403.864	-38.06	
404.075	-25.77	
404.286	-79.02	
404.497	-3.24	
404.708	33.62	
404.919	-66.73	
405.13	7	
405.341	-29.87	
405.551	-42.15	
405.762	-60.59	
405.973	-111.78	
406.184	-124.07	
406.395	13.14	
406.606	27.48	
406.817	27.48	
407.027	-15.53	
407.238	-81.07	
407.449	-81.07	
407.66	13.14	
407.871	-38.06	
408.081	39.76	
408.292	50	
408.503	-58.54	
408.714	-15.53	
408.924	-74.92	
409.135	-72.87	
409.346	4.95	
409.556	-7.34	
409.767	76.63	
409.978	-36.01	
410.188	-7.34	
410.399	-89.26	
410.61	-64.68	
410.82	29.52	
411.031	-7.34	
411.242	-15.53	
411.452	-40.11	
411.663	-25.77	
411.873	56.15	
412.084	45.91	
412.295	31.57	
412.505	-74.92	
412.716	-33.96	
412.926	101.2	
413.137	-66.73	
413.347	-13.48	
413.558	39.76	
413.768	35.67	
413.979	103.25	
414.189	35.67	
414.399	17.24	
414.61	-40.11	
414.82	7	
415.031	9.05	
415.241	-15.53	
415.451	-19.63	
415.662	0.85	
415.872	-25.77	
416.083	-29.87	
416.293	-101.55	
416.503	47.96	
416.714	23.38	
416.924	-76.97	
417.134	-38.06	
417.344	-91.31	
417.555	-74.92	
417.765	25.43	
417.975	4.95	
418.186	60.24	
418.396	43.86	
418.606	-58.54	
418.816	101.2	
419.026	-48.3	
419.237	39.76	
419.447	74.58	
419.657	78.68	
419.867	-42.15	
420.077	50	
420.287	174.93	
420.497	-9.39	
420.708	50	
420.918	-50.35	
421.128	64.34	
421.338	31.57	
421.548	7	
421.758	19.29	
421.968	-33.96	
422.178	-11.43	
422.388	-60.59	
422.598	-7.34	
422.808	-97.45	
423.018	90.96	
423.228	-46.25	
423.438	35.67	
423.648	-1.19	
423.858	19.29	
424.068	-76.97	
424.278	-7.34	
424.488	-119.98	
424.698	39.76	
424.907	-54.44	
425.117	-74.92	
425.327	0.85	
425.537	-3.24	
425.747	125.78	
425.957	-66.73	
426.167	43.86	
426.376	74.58	
426.586	-58.54	
426.796	-15.53	
427.006	-25.77	
427.216	56.15	
427.425	60.24	
427.635	9.05	
427.845	-54.44	
428.054	60.24	
428.264	-107.69	
428.474	-46.25	
428.684	-19.63	
428.893	-5.29	
429.103	-46.25	
429.313	-9.39	
429.522	2.9	
429.732	17.24	
429.941	21.33	
430.151	7	
430.361	47.96	
430.57	-5.29	
430.78	62.29	
430.989	-19.63	
431.199	133.97	
431.409	45.91	
431.618	-54.44	
431.828	-7.34	
432.037	7	
432.247	-46.25	
432.456	-64.68	
432.666	-38.06	
432.875	84.82	
433.084	21.33	
433.294	-70.83	
433.503	9.05	
433.713	27.48	
433.922	35.67	
434.132	-7.34	
434.341	-15.53	
434.55	35.67	
434.76	-68.78	
434.969	-11.43	
435.178	56.15	
435.388	123.73	
435.597	111.44	
435.806	-31.91	
436.016	-79.02	
436.225	-15.53	
436.434	50	
436.643	-1.19	
436.853	-3.24	
437.062	-9.39	
437.271	-21.67	
437.48	-3.24	
437.69	-42.15	
437.899	43.86	
438.108	-23.72	
438.317	-40.11	
438.526	-50.35	
438.735	-5.29	
438.945	-70.83	
439.154	15.19	
439.363	-27.82	
439.572	17.24	
439.781	-107.69	
439.99	23.38	
440.199	-5.29	
440.408	-17.58	
440.617	-17.58	
440.826	-29.87	
441.035	-1.19	
441.244	-25.77	
441.453	-33.96	
441.662	-81.07	
441.871	21.33	
442.08	-103.59	
442.289	-81.07	
442.498	-60.59	
442.707	-3.24	
442.916	9.05	
443.125	-44.2	
443.334	-21.67	
443.543	7	
443.752	7	
443.961	-9.39	
444.169	88.92	
444.378	-38.06	
444.587	-7.34	
444.796	35.67	
445.005	19.29	
445.213	-33.96	
445.422	103.25	
445.631	-40.11	
445.84	-17.58	
446.049	9.05	
446.257	-17.58	
446.466	41.81	
446.675	-29.87	
446.883	15.19	
447.092	-23.72	
447.301	64.34	
447.51	-70.83	
447.718	-17.58	
447.927	-146.6	
448.135	15.19	
448.344	-54.44	
448.553	9.05	
448.761	0.85	
448.97	13.14	
449.179	-83.11	
449.387	9.05	
449.596	-13.48	
449.804	39.76	
450.013	70.48	
450.221	43.86	
450.43	-5.29	
450.638	27.48	
450.847	-31.91	
451.055	-1.19	
451.264	-9.39	
451.472	62.29	
451.681	-74.92	
451.889	19.29	
452.097	25.43	
452.306	23.38	
452.514	-103.59	
452.723	-38.06	
452.931	4.95	
453.139	60.24	
453.348	43.86	
453.556	-40.11	
453.764	23.38	
453.973	-3.24	
454.181	-31.91	
454.389	11.09	
454.598	19.29	
454.806	-66.73	
455.014	25.43	
455.222	-97.45	
455.431	-17.58	
455.639	0.85	
455.847	-126.12	
456.055	93.01	
456.264	-72.87	
456.472	-83.11	
456.68	0.85	
456.888	-31.91	
457.096	41.81	
457.304	-42.15	
457.512	33.62	
457.721	31.57	
457.929	-17.58	
458.137	80.72	
458.345	60.24	
458.553	84.82	
458.761	27.48	
458.969	29.52	
459.177	74.58	
459.385	-124.07	
459.593	68.44	
459.801	37.72	
460.009	19.29	
460.217	-46.25	
460.425	25.43	
460.633	50	
460.841	11.09	
461.049	64.34	
461.257	-40.11	
461.465	-40.11	
461.673	-36.01	
461.88	21.33	
462.088	-66.73	
462.296	13.14	
462.504	27.48	
462.712	0.85	
462.92	-134.31	
463.127	27.48	
463.335	-11.43	
463.543	-7.34	
463.751	-83.11	
463.959	47.96	
464.166	-74.92	
464.374	-11.43	
464.582	64.34	
464.79	93.01	
464.997	-42.15	
465.205	47.96	
465.413	-58.54	
465.62	-38.06	
465.828	-72.87	
466.036	47.96	
466.243	-17.58	
466.451	21.33	
466.658	-56.49	
466.866	-66.73	
467.074	-38.06	
467.281	-38.06	
467.489	-3.24	
467.696	-117.93	
467.904	-21.67	
468.111	-15.53	
468.319	23.38	
468.527	-42.15	
468.734	80.72	
468.942	-99.5	
469.149	29.52	
469.356	-29.87	
469.564	-31.91	
469.771	47.96	
469.979	62.29	
470.186	119.64	
470.394	-19.63	
470.601	-58.54	
470.808	-72.87	
471.016	-66.73	
471.223	7	
471.43	-19.63	
471.638	50	
471.845	39.76	
472.052	74.58	
472.26	-13.48	
472.467	86.87	
472.674	-7.34	
472.882	-81.07	
473.089	-56.49	
473.296	-1.19	
473.503	-9.39	
473.711	0.85	
473.918	-52.39	
474.125	17.24	
474.332	41.81	
474.539	27.48	
474.746	56.15	
474.954	-76.97	
475.161	-42.15	
475.368	17.24	
475.575	-21.67	
475.782	35.67	
475.989	4.95	
476.196	-15.53	
476.403	33.62	
476.61	-138.41	
476.817	-99.5	
477.024	-13.48	
477.231	-46.25	
477.438	35.67	
477.645	-40.11	
477.852	4.95	
478.059	31.57	
478.266	66.39	
478.473	-23.72	
478.68	27.48	
478.887	88.92	
479.094	-68.78	
479.301	-1.19	
479.508	0.85	
479.715	-50.35	
479.922	27.48	
480.129	4.95	
480.335	-31.91	
480.542	101.2	
480.749	-13.48	
480.956	56.15	
481.163	-66.73	
481.369	54.1	
481.576	23.38	
481.783	15.19	
481.99	-42.15	
482.196	41.81	
482.403	-54.44	
482.61	-40.11	
482.817	37.72	
483.023	35.67	
483.23	15.19	
483.437	-13.48	
483.643	21.33	
483.85	-99.5	
484.057	90.96	
484.263	-1.19	
484.47	52.05	
484.676	-13.48	
484.883	29.52	
485.09	17.24	
485.296	76.63	
485.503	41.81	
485.709	-15.53	
485.916	41.81	
486.122	-5.29	
486.329	27.48	
486.535	7	
486.742	-1.19	
486.948	-38.06	
487.155	-83.11	
487.361	-1.19	
487.567	2.9	
487.774	-19.63	
487.98	66.39	
488.187	11.09	
488.393	27.48	
488.599	-40.11	
488.806	39.76	
489.012	47.96	
489.219	31.57	
489.425	68.44	
489.631	-11.43	
489.837	-70.83	
490.044	88.92	
490.25	-89.26	
490.456	43.86	
490.663	50	
490.869	-23.72	
491.075	35.67	
491.281	31.57	
491.487	-9.39	
491.694	-27.82	
491.9	-23.72	
492.106	56.15	
492.312	43.86	
492.518	11.09	
492.724	25.43	
492.931	-97.45	
493.137	-1.19	
493.343	-1.19	
493.549	-58.54	
493.755	-33.96	
493.961	13.14	
494.167	-91.31	
494.373	4.95	
494.579	17.24	
494.785	17.24	
494.991	-44.2	
495.197	-21.67	
495.403	-79.02	
495.609	0.85	
495.815	-89.26	
496.021	95.06	
496.227	37.72	
496.433	-44.2	
496.639	-79.02	
496.845	23.38	
497.05	107.35	
497.256	7	
497.462	-54.44	
497.668	0.85	
497.874	82.77	
498.08	-9.39	
498.286	-38.06	
498.491	-15.53	
498.697	-44.2	
498.903	-70.83	
499.109	15.19	
499.314	4.95	
499.52	-44.2	
499.726	-1.19	
499.932	101.2	
500.137	52.05	
500.343	-23.72	
500.549	-68.78	
500.754	-46.25	
500.96	107.35	
501.166	58.2	
501.371	31.57	
501.577	-11.43	
501.782	13.14	
501.988	33.62	
502.194	-54.44	
502.399	82.77	
502.605	117.59	
502.81	-19.63	
503.016	70.48	
503.221	109.4	
503.427	99.16	
503.632	82.77	
503.838	-66.73	
504.043	90.96	
504.249	80.72	
504.454	15.19	
504.66	-60.59	
504.865	-101.55	
505.071	97.11	
505.276	-76.97	
505.481	7	
505.687	-46.25	
505.892	21.33	
506.097	88.92	
506.303	-19.63	
506.508	-33.96	
506.713	17.24	
506.919	9.05	
507.124	7	
507.329	45.91	
507.535	41.81	
507.74	11.09	
507.945	-62.63	
508.15	43.86	
508.356	74.58	
508.561	0.85	
508.766	-58.54	
508.971	66.39	
509.176	80.72	
509.381	80.72	
509.587	25.43	
509.792	43.86	
509.997	37.72	
510.202	7	
510.407	31.57	
510.612	95.06	
510.817	4.95	
511.022	142.16	
511.227	113.49	
511.432	-9.39	
511.637	156.5	
511.842	-7.34	
512.047	17.24	
512.252	2.9	
512.457	35.67	
512.662	56.15	
512.867	-33.96	
513.072	7	
513.277	50	
513.482	136.02	
513.687	117.59	
513.892	172.88	
514.097	64.34	
514.302	21.33	
514.507	76.63	
514.711	84.82	
514.916	0.85	
515.121	-50.35	
515.326	60.24	
515.531	-25.77	
515.735	-31.91	
515.94	17.24	
516.145	17.24	
516.35	-76.97	
516.554	0.85	
516.759	-1.19	
516.964	31.57	
517.169	9.05	
517.373	25.43	
517.578	27.48	
517.783	9.05	
517.987	90.96	
518.192	9.05	
518.396	105.3	
518.601	86.87	
518.806	125.78	
519.01	84.82	
519.215	74.58	
519.419	13.14	
519.624	43.86	
519.829	39.76	
520.033	82.77	
520.238	37.72	
520.442	76.63	
520.647	56.15	
520.851	60.24	
521.055	35.67	
521.26	27.48	
521.464	211.79	
521.669	105.3	
521.873	-17.58	
522.078	-3.24	
522.282	-25.77	
522.486	-21.67	
522.691	-83.11	
522.895	0.85	
523.099	-9.39	
523.304	-99.5	
523.508	-29.87	
523.712	-42.15	
523.917	-103.59	
524.121	-33.96	
524.325	-17.58	
524.53	-17.58	
524.734	7	
524.938	60.24	
525.142	17.24	
525.346	-50.35	
525.551	13.14	
525.755	68.44	
525.959	15.19	
526.163	23.38	
526.367	13.14	
526.571	21.33	
526.776	-56.49	
526.98	-9.39	
527.184	-70.83	
527.388	39.76	
527.592	13.14	
527.796	-38.06	
528	84.82	
528.204	-68.78	
528.408	-70.83	
528.612	17.24	
528.816	-23.72	
529.02	-9.39	
529.224	-7.34	
529.428	-21.67	
529.632	-46.25	
529.836	15.19	
530.04	-19.63	
530.244	7	
530.448	54.1	
530.652	-60.59	
530.855	-103.59	
531.059	105.3	
531.263	-9.39	
531.467	-40.11	
531.671	80.72	
531.875	97.11	
532.078	203.6	
532.282	303.95	
532.486	297.81	
532.69	254.8	
532.893	187.22	
533.097	426.83	
533.301	328.53	
533.505	351.06	
533.708	320.34	
533.912	320.34	
534.116	105.3	
534.319	56.15	
534.523	88.92	
534.727	156.5	
534.93	35.67	
535.134	72.53	
535.338	90.96	
535.541	37.72	
535.745	39.76	
535.948	133.97	
536.152	181.07	
536.355	58.2	
536.559	56.15	
536.762	97.11	
536.966	35.67	
537.169	15.19	
537.373	21.33	
537.576	-79.02	
537.78	-44.2	
537.983	4.95	
538.187	17.24	
538.39	37.72	
538.593	-7.34	
538.797	199.51	
539	295.76	
539.204	357.2	
539.407	365.39	
539.61	367.44	
539.814	453.45	
540.017	197.46	
540.22	183.12	
540.424	60.24	
540.627	129.88	
540.83	160.59	
541.033	129.88	
541.237	90.96	
541.44	103.25	
541.643	238.42	
541.846	170.83	
542.049	195.41	
542.253	217.94	
542.456	121.68	
542.659	219.99	
542.862	162.64	
543.065	185.17	
543.268	209.75	
543.471	226.13	
543.674	115.54	
543.878	133.97	
544.081	111.44	
544.284	146.26	
544.487	105.3	
544.69	215.89	
544.893	191.31	
545.096	209.75	
545.299	258.9	
545.502	179.03	
545.705	99.16	
545.908	97.11	
546.111	125.78	
546.314	101.2	
546.516	168.79	
546.719	54.1	
546.922	74.58	
547.125	21.33	
547.328	154.45	
547.531	113.49	
547.734	133.97	
547.936	125.78	
548.139	68.44	
548.342	191.31	
548.545	62.29	
548.748	-1.19	
548.95	15.19	
549.153	50	
549.356	64.34	
549.559	-7.34	
549.761	-60.59	
549.964	0.85	
550.167	52.05	
550.369	11.09	
550.572	70.48	
550.775	99.16	
550.977	56.15	
551.18	-15.53	
551.383	-99.5	
551.585	-58.54	
551.788	-42.15	
551.99	23.38	
552.193	25.43	
552.396	62.29	
552.598	-38.06	
552.801	60.24	
553.003	-46.25	
553.206	-46.25	
553.408	-25.77	
553.611	9.05	
553.813	-19.63	
554.015	-95.4	
554.218	13.14	
554.42	-33.96	
554.623	4.95	
554.825	68.44	
555.027	-29.87	
555.23	-5.29	
555.432	7	
555.635	50	
555.837	-1.19	
556.039	76.63	
556.242	156.5	
556.444	82.77	
556.646	33.62	
556.848	41.81	
557.051	-5.29	
557.253	64.34	
557.455	-19.63	
557.657	11.09	
557.86	50	
558.062	66.39	
558.264	-11.43	
558.466	-11.43	
558.668	21.33	
558.87	-15.53	
559.073	11.09	
559.275	-19.63	
559.477	-3.24	
559.679	-5.29	
559.881	-3.24	
560.083	-42.15	
560.285	-19.63	
560.487	21.33	
560.689	4.95	
560.891	-11.43	
561.093	-13.48	
561.295	-48.3	
561.497	-70.83	
561.699	-9.39	
561.901	66.39	
562.103	45.91	
562.305	-48.3	
562.507	31.57	
562.709	-33.96	
562.911	0.85	
563.113	56.15	
563.314	-1.19	
563.516	-9.39	
563.718	35.67	
563.92	35.67	
564.122	50	
564.323	-27.82	
564.525	-62.63	
564.727	52.05	
564.929	150.36	
565.131	166.74	
565.332	154.45	
565.534	56.15	
565.736	76.63	
565.937	19.29	
566.139	78.68	
566.341	50	
566.542	-7.34	
566.744	66.39	
566.946	93.01	
567.147	129.88	
567.349	-25.77	
567.551	74.58	
567.752	80.72	
567.954	93.01	
568.155	82.77	
568.357	68.44	
568.558	82.77	
568.76	123.73	
568.961	174.93	
569.163	23.38	
569.364	-50.35	
569.566	-9.39	
569.767	35.67	
569.969	29.52	
570.17	60.24	
570.372	-31.91	
570.573	56.15	
570.774	21.33	
570.976	66.39	
571.177	39.76	
571.378	9.05	
571.58	84.82	
571.781	37.72	
571.982	105.3	
572.184	56.15	
572.385	-68.78	
572.586	50	
572.788	70.48	
572.989	-9.39	
573.19	43.86	
573.391	144.21	
573.592	25.43	
573.794	111.44	
573.995	179.03	
574.196	146.26	
574.397	228.18	
574.598	197.46	
574.799	72.53	
575.001	183.12	
575.202	392.02	
575.403	539.47	
575.604	709.45	
575.805	901.96	
576.006	869.19	
576.207	791.37	
576.408	631.63	
576.609	461.65	
576.81	209.75	
577.011	56.15	
577.212	248.66	
577.413	129.88	
577.614	232.27	
577.815	154.45	
578.016	121.68	
578.217	228.18	
578.418	197.46	
578.619	213.84	
578.819	236.37	
579.02	113.49	
579.221	170.83	
579.422	123.73	
579.623	240.47	
579.824	197.46	
580.024	297.81	
580.225	295.76	
580.426	322.38	
580.627	293.71	
580.827	383.82	
581.028	514.89	
581.229	514.89	
581.43	566.09	
581.63	670.54	
581.831	645.96	
582.032	453.45	
582.232	480.08	
582.433	318.29	
582.634	203.6	
582.834	232.27	
583.035	320.34	
583.235	465.74	
583.436	557.9	
583.636	1639.23	
583.837	4580.11	
584.038	8481.49	
584.238	14418.55	
584.439	19749.42	
584.639	23290.35	
584.84	24064.49	
585.04	21778.95	
585.241	17441.36	
585.441	10502.84	
585.641	6656.75	
585.842	4987.66	
586.042	4561.68	
586.243	4676.37	
586.443	4651.79	
586.643	5061.38	
586.844	5864.19	
587.044	6701.81	
587.244	7690.98	
587.445	8137.43	
587.645	8086.23	
587.845	7471.84	
588.046	6451.95	
588.246	4760.33	
588.446	2853.67	
588.646	2057.01	
588.847	1745.72	
589.047	1567.55	
589.247	1645.37	
589.447	1715	
589.647	1772.35	
589.847	1686.33	
590.048	1637.18	
590.248	1340.22	
590.448	1090.37	
590.648	742.22	
590.848	566.09	
591.048	527.18	
591.248	439.12	
591.448	443.21	
591.648	430.93	
591.848	301.9	
592.048	336.72	
592.248	279.38	
592.448	271.19	
592.648	371.54	
592.848	930.63	
593.048	2409.26	
593.248	4250.39	
593.448	6773.49	
593.648	9280.2	
593.848	11342.5	
594.048	12300.95	
594.248	11584.16	
594.447	9505.48	
594.647	6222.58	
594.847	3935	
595.047	2919.21	
595.247	2566.96	
595.447	2456.37	
595.646	2464.56	
595.846	2614.06	
596.046	2880.3	
596.246	3121.96	
596.445	3250.98	
596.645	3437.34	
596.845	3478.3	
597.044	3777.31	
597.244	3506.98	
597.444	3091.24	
597.643	2118.45	
597.843	1356.61	
598.043	1123.14	
598.242	1088.32	
598.442	854.86	
598.641	871.24	
598.841	848.71	
599.041	727.88	
599.24	627.53	
599.44	713.55	
599.639	396.11	
599.839	449.36	
600.038	240.47	
600.238	396.11	
600.437	230.23	
600.637	142.16	
600.836	281.43	
601.035	238.42	
601.235	228.18	
601.434	428.88	
601.634	949.06	
601.833	1459.01	
602.032	2124.6	
602.232	2859.82	
602.431	3451.68	
602.63	3449.63	
602.83	3130.15	
603.029	2566.96	
603.228	1794.87	
603.427	1237.83	
603.627	1022.79	
603.826	934.73	
604.025	836.42	
604.224	723.79	
604.424	805.71	
604.623	658.25	
604.822	545.61	
605.021	582.48	
605.22	543.57	
605.419	349.01	
605.618	492.37	
605.818	1008.45	
606.017	2509.62	
606.216	4299.54	
606.415	6554.35	
606.614	9421.51	
606.813	11199.15	
607.012	12257.95	
607.211	11385.51	
607.41	9857.73	
607.609	7158.5	
607.808	5024.52	
608.007	4336.4	
608.206	5774.08	
608.405	7779.04	
608.604	10853.04	
608.802	14207.61	
609.001	16777.81	
609.2	17787.46	
609.399	16474.71	
609.598	13720.2	
609.797	9726.66	
609.996	6353.65	
610.194	4668.17	
610.393	3832.6	
610.592	3521.31	
610.791	3218.21	
610.99	3265.32	
611.188	3037.99	
611.387	2784.04	
611.586	2513.71	
611.784	1987.38	
611.983	1489.73	
612.182	1342.27	
612.38	1342.27	
612.579	1839.93	
612.778	3873.56	
612.976	7097.07	
613.175	10848.94	
613.374	16198.24	
613.572	21334.54	
613.771	25272.79	
613.969	25321.94	
614.168	23521.77	
614.366	18752.06	
614.565	12647.06	
614.763	8958.67	
614.962	8059.61	
615.16	7963.36	
615.359	9013.96	
615.557	10453.69	
615.756	11291.31	
615.954	11244.2	
616.153	10304.18	
616.351	8717.01	
616.549	6204.15	
616.748	4029.21	
616.946	2911.02	
617.144	2204.47	
617.343	2093.88	
617.541	1901.37	
617.739	1708.86	
617.938	1585.98	
618.136	1508.16	
618.334	1203.01	
618.532	889.67	
618.731	686.92	
618.929	432.97	
619.127	349.01	
619.325	244.56	
619.523	342.86	
619.722	256.85	
619.92	418.64	
620.118	826.18	
620.316	1655.61	
620.514	2474.8	
620.712	3668.77	
620.91	4961.03	
621.108	6292.21	
621.306	6585.07	
621.505	6234.87	
621.703	5538.56	
621.901	4191	
622.099	2921.26	
622.297	2079.54	
622.495	1708.86	
622.693	1430.34	
622.89	1497.92	
623.088	1448.77	
623.286	1225.54	
623.484	1182.53	
623.682	990.02	
623.88	713.55	
624.078	527.18	
624.276	432.97	
624.474	371.54	
624.671	412.5	
624.869	594.76	
625.067	1243.97	
625.265	2929.45	
625.463	4522.77	
625.66	6849.26	
625.858	9204.42	
626.056	11586.21	
626.254	12495.51	
626.451	11682.47	
626.649	10185.4	
626.847	7570.15	
627.044	5479.17	
627.242	3736.35	
627.44	3152.68	
627.637	2812.71	
627.835	2595.63	
628.032	2253.62	
628.23	2255.67	
628.428	2024.25	
628.625	1702.72	
628.823	1430.34	
629.02	1940.28	
629.218	2431.79	
629.415	3384.1	
629.613	4533.01	
629.81	5579.52	
630.008	6411	
630.205	6292.21	
630.403	5917.44	
630.6	4676.37	
630.797	3429.15	
630.995	2536.24	
631.192	2097.97	
631.39	1841.98	
631.587	1870.65	
631.784	2650.92	
631.982	5573.38	
632.179	8514.26	
632.376	12126.88	
632.574	16382.56	
632.771	21217.81	
632.968	23638.51	
633.165	23812.59	
633.363	21842.44	
633.56	17445.45	
633.757	12446.36	
633.954	8563.41	
634.151	6699.76	
634.349	5812.99	
634.546	5174.02	
634.743	4657.93	
634.94	4303.64	
635.137	3853.08	
635.334	3173.16	
635.531	2370.35	
635.728	1620.8	
635.925	1233.73	
636.122	830.28	
636.319	756.55	
636.516	1041.22	
636.713	2259.76	
636.91	4563.73	
637.107	7207.66	
637.304	10816.18	
637.501	14545.53	
637.698	18754.1	
637.895	20150.82	
638.092	19397.17	
638.289	17609.29	
638.486	15153.77	
638.683	17695.3	
638.88	24281.57	
639.076	32946.53	
639.273	46028.95	
639.47	59342.8	
639.667	64317.31	
639.864	64317.31	
640.06	64317.31	
640.257	64317.31	
640.454	49840.22	
640.651	33126.75	
640.847	23632.36	
641.044	18244.16	
641.241	15387.24	
641.437	14205.56	
641.634	13023.89	
641.831	11524.77	
642.027	9904.83	
642.224	7240.42	
642.421	4834.06	
642.617	3056.42	
642.814	1954.62	
643.01	1198.92	
643.207	869.19	
643.403	699.21	
643.6	609.1	
643.796	455.5	
643.993	422.73	
644.189	467.79	
644.386	467.79	
644.582	357.2	
644.779	297.81	
644.975	377.68	
645.172	379.73	
645.368	353.1	
645.564	287.57	
645.761	287.57	
645.957	246.61	
646.153	250.71	
646.35	197.46	
646.546	240.47	
646.742	181.07	
646.939	197.46	
647.135	228.18	
647.331	207.7	
647.527	297.81	
647.724	234.32	
647.92	191.31	
648.116	240.47	
648.312	238.42	
648.509	222.03	
648.705	457.55	
648.901	1108.8	
649.097	3382.05	
649.293	6953.71	
649.489	10693.3	
649.685	16026.21	
649.881	21559.82	
650.077	26784.19	
650.274	29090.2	
650.47	28467.62	
650.666	25792.97	
650.862	19651.11	
651.058	14180.99	
651.254	10162.87	
651.45	7707.36	
651.645	7068.39	
651.841	7207.66	
652.037	7623.39	
652.233	8506.07	
652.429	9063.12	
652.625	9722.56	
652.821	9978.56	
653.017	9140.94	
653.213	8309.46	
653.408	6535.92	
653.604	5145.35	
653.8	3502.88	
653.996	2609.97	
654.192	2034.49	
654.387	1850.17	
654.583	1637.18	
654.779	1499.97	
654.975	1229.63	
655.17	1096.52	
655.366	834.38	
655.562	637.77	
655.757	373.58	
655.953	283.47	
656.149	203.6	
656.344	314.19	
656.54	111.44	
656.735	201.55	
656.931	105.3	
657.127	211.79	
657.322	183.12	
657.518	113.49	
657.713	199.51	
657.909	179.03	
658.104	392.02	
658.3	1039.17	
658.495	2145.08	
658.691	3414.82	
658.886	4969.23	
659.082	6789.87	
659.277	8803.02	
659.472	9755.33	
659.668	9771.71	
659.863	8856.27	
660.059	7088.87	
660.254	5376.77	
660.449	3994.39	
660.644	3035.94	
660.84	2394.93	
661.035	2169.65	
661.23	1925.94	
661.426	1639.23	
661.621	1508.16	
661.816	1227.59	
662.011	801.61	
662.207	506.7	
662.402	357.2	
662.597	445.26	
662.792	326.48	
662.987	187.22	
663.182	76.63	
663.377	162.64	
663.573	107.35	
663.768	252.75	
663.963	187.22	
664.158	52.05	
664.353	29.52	
664.548	140.12	
664.743	252.75	
664.938	195.41	
665.133	215.89	
665.328	314.19	
665.523	230.23	
665.718	219.99	
665.913	414.54	
666.108	990.02	
666.303	2622.25	
666.498	4899.59	
666.692	7187.18	
666.887	10373.82	
667.082	13800.07	
667.277	16898.64	
667.472	18190.91	
667.667	17877.57	
667.861	16005.73	
668.056	12515.99	
668.251	9550.53	
668.446	7076.59	
668.64	5358.34	
668.835	4244.24	
669.03	3842.84	
669.225	3445.54	
669.419	2978.6	
669.614	2595.63	
669.809	1911.61	
670.003	1729.34	
670.198	2458.42	
670.393	3420.96	
670.587	4821.77	
670.782	6728.43	
670.976	8655.57	
671.171	10494.65	
671.365	11078.32	
671.56	11154.09	
671.754	9812.67	
671.949	7813.85	
672.143	5702.4	
672.338	4381.46	
672.532	3259.17	
672.727	2571.05	
672.921	2390.83	
673.116	2196.28	
673.31	1780.54	
673.504	1411.9	
673.699	1125.19	
673.893	772.94	
674.088	488.27	
674.282	451.41	
674.476	271.19	
674.67	205.65	
674.865	86.87	
675.059	31.57	
675.253	72.53	
675.448	158.55	
675.642	-15.53	
675.836	19.29	
676.03	66.39	
676.224	199.51	
676.419	27.48	
676.613	52.05	
676.807	52.05	
677.001	125.78	
677.195	158.55	
677.389	105.3	
677.583	58.2	
677.777	47.96	
677.972	7	
678.166	2.9	
678.36	50	
678.554	90.96	
678.748	-13.48	
678.942	7	
679.136	97.11	
679.33	95.06	
679.524	103.25	
679.717	76.63	
679.911	-13.48	
680.105	86.87	
680.299	93.01	
680.493	-7.34	
680.687	64.34	
680.881	41.81	
681.075	41.81	
681.268	90.96	
681.462	9.05	
681.656	47.96	
681.85	78.68	
682.044	-64.68	
682.237	133.97	
682.431	31.57	
682.625	7	
682.819	19.29	
683.012	-38.06	
683.206	27.48	
683.4	-13.48	
683.593	93.01	
683.787	103.25	
683.981	39.76	
684.174	68.44	
684.368	80.72	
684.561	-42.15	
684.755	-7.34	
684.948	0.85	
685.142	-50.35	
685.335	31.57	
685.529	43.86	
685.722	37.72	
685.916	-46.25	
686.109	-21.67	
686.303	97.11	
686.496	70.48	
686.69	70.48	
686.883	-13.48	
687.077	64.34	
687.27	95.06	
687.463	127.83	
687.657	56.15	
687.85	17.24	
688.043	39.76	
688.237	121.68	
688.43	78.68	
688.623	43.86	
688.816	80.72	
689.01	127.83	
689.203	39.76	
689.396	76.63	
689.589	80.72	
689.783	64.34	
689.976	123.73	
690.169	115.54	
690.362	97.11	
690.555	166.74	
690.748	201.55	
690.941	152.4	
691.135	457.55	
691.328	1397.57	
691.521	3468.06	
691.714	5380.87	
691.907	7807.71	
692.1	10148.54	
692.293	13304.46	
692.486	15503.98	
692.679	16243.29	
692.872	15831.65	
693.065	13779.59	
693.258	11156.14	
693.451	8372.95	
693.644	6208.25	
693.836	4899.59	
694.029	3955.48	
694.222	3408.67	
694.415	3054.37	
694.608	2708.27	
694.801	2093.88	
694.993	1540.93	
695.186	897.86	
695.379	572.24	
695.572	459.6	
695.765	230.23	
695.957	271.19	
696.15	76.63	
696.343	203.6	
696.535	129.88	
696.728	164.69	
696.921	37.72	
697.113	113.49	
697.306	129.88	
697.499	195.41	
697.691	217.94	
697.884	191.31	
698.076	217.94	
698.269	187.22	
698.462	398.16	
698.654	152.4	
698.847	109.4	
699.039	115.54	
699.232	43.86	
699.424	19.29	
699.617	217.94	
699.809	9.05	
700.001	133.97	
700.194	121.68	
700.386	80.72	
700.579	140.12	
700.771	279.38	
700.963	394.06	
701.156	584.52	
701.348	1045.32	
701.54	2243.38	
701.733	5014.28	
701.925	8078.04	
702.117	11332.26	
702.309	15784.55	
702.502	20167.2	
702.694	24146.4	
702.886	26036.68	
703.078	26038.73	
703.271	23712.24	
703.463	19571.24	
703.655	15682.15	
703.847	12147.36	
704.039	9048.78	
704.231	7445.22	
704.423	6226.68	
704.615	5477.12	
704.808	4985.61	
705	4123.41	
705.192	3271.46	
705.384	2308.91	
705.576	1614.65	
705.768	1305.41	
705.96	799.56	
706.152	684.87	
706.344	465.74	
706.536	453.45	
706.727	281.43	
706.919	291.66	
707.111	283.47	
707.303	260.95	
707.495	207.7	
707.687	136.02	
707.879	191.31	
708.071	95.06	
708.262	125.78	
708.454	144.21	
708.646	103.25	
708.838	56.15	
709.029	25.43	
709.221	2.9	
709.413	115.54	
709.605	21.33	
709.796	66.39	
709.988	70.48	
710.18	2.9	
710.371	13.14	
710.563	31.57	
710.755	31.57	
710.946	47.96	
711.138	33.62	
711.329	23.38	
711.521	80.72	
711.712	39.76	
711.904	29.52	
712.095	27.48	
712.287	7	
712.478	95.06	
712.67	97.11	
712.861	23.38	
713.053	-19.63	
713.244	35.67	
713.436	-111.78	
713.627	-48.3	
713.818	11.09	
714.01	19.29	
714.201	23.38	
714.393	-5.29	
714.584	88.92	
714.775	39.76	
714.966	97.11	
715.158	-5.29	
715.349	25.43	
715.54	31.57	
715.732	330.58	
715.923	779.08	
716.114	1153.86	
716.305	1786.68	
716.496	2286.39	
716.688	2825	
716.879	3552.03	
717.07	3777.31	
717.261	3791.64	
717.452	3423.01	
717.643	2847.53	
717.834	2446.13	
718.025	1786.68	
718.216	1428.29	
718.407	1076.04	
718.598	963.4	
718.789	852.81	
718.98	746.31	
719.171	631.63	
719.362	473.93	
719.553	312.14	
719.744	269.14	
719.935	205.65	
720.126	68.44	
720.317	80.72	
720.508	107.35	
720.699	-33.96	
720.889	97.11	
721.08	72.53	
721.271	64.34	
721.462	27.48	
721.653	21.33	
721.843	121.68	
722.034	72.53	
722.225	0.85	
722.416	164.69	
722.606	273.23	
722.797	693.07	
722.988	1549.12	
723.178	2865.96	
723.369	4158.23	
723.56	5886.72	
723.75	7422.69	
723.941	9618.11	
724.132	10603.19	
724.322	10564.28	
724.513	10117.82	
724.703	8430.29	
724.894	6925.04	
725.084	5440.26	
725.275	4279.06	
725.465	3435.3	
725.656	2794.28	
725.846	2462.51	
726.037	2128.69	
726.227	1895.22	
726.417	1434.43	
726.608	1067.85	
726.798	654.16	
726.989	551.76	
727.179	291.66	
727.369	246.61	
727.56	105.3	
727.75	31.57	
727.94	154.45	
728.131	-31.91	
728.321	39.76	
728.511	43.86	
728.701	90.96	
728.892	-1.19	
729.082	23.38	
729.272	25.43	
729.462	4.95	
729.652	25.43	
729.842	-38.06	
730.033	27.48	
730.223	66.39	
730.413	45.91	
730.603	-31.91	
730.793	7	
730.983	35.67	
731.173	133.97	
731.363	-33.96	
731.553	52.05	
731.743	52.05	
731.933	-46.25	
732.123	-40.11	
732.313	-23.72	
732.503	21.33	
732.693	11.09	
732.883	-33.96	
733.073	33.62	
733.263	15.19	
733.452	15.19	
733.642	-15.53	
733.832	56.15	
734.022	68.44	
734.212	-54.44	
734.402	35.67	
734.591	52.05	
734.781	148.31	
734.971	80.72	
735.161	-66.73	
735.35	33.62	
735.54	197.46	
735.73	25.43	
735.919	29.52	
736.109	-31.91	
736.299	19.29	
736.488	-9.39	
736.678	4.95	
736.867	2.9	
737.057	99.16	
737.247	-44.2	
737.436	15.19	
737.626	-19.63	
737.815	-17.58	
738.005	-21.67	
738.194	2.9	
738.384	-62.63	
738.573	27.48	
738.763	43.86	
738.952	47.96	
739.141	-74.92	
739.331	29.52	
739.52	-38.06	
739.71	56.15	
739.899	27.48	
740.088	27.48	
740.278	-66.73	
740.467	-40.11	
740.656	-54.44	
740.846	56.15	
741.035	-36.01	
741.224	25.43	
741.413	58.2	
741.603	93.01	
741.792	-81.07	
741.981	35.67	
742.17	105.3	
742.359	478.03	
742.548	645.96	
742.738	1143.62	
742.927	1571.65	
743.116	2018.1	
743.305	2513.71	
743.494	2712.36	
743.683	2863.91	
743.872	2951.98	
744.061	2304.82	
744.25	2026.29	
744.439	1520.45	
744.628	1178.44	
744.817	1063.75	
745.006	756.55	
745.195	654.16	
745.384	615.24	
745.573	586.57	
745.762	410.45	
745.951	439.12	
746.139	293.71	
746.328	125.78	
746.517	125.78	
746.706	115.54	
746.895	80.72	
747.084	41.81	
747.272	191.31	
747.461	260.95	
747.65	430.93	
747.839	394.06	
748.027	441.17	
748.216	654.16	
748.405	787.27	
748.593	654.16	
748.782	815.94	
748.971	807.75	
749.159	562	
749.348	430.93	
749.536	250.71	
749.725	256.85	
749.914	232.27	
750.102	179.03	
750.291	127.83	
750.479	74.58	
750.668	222.03	
750.856	84.82	
751.045	45.91	
751.233	99.16	
751.421	4.95	
751.61	66.39	
751.798	-76.97	
751.987	15.19	
752.175	148.31	
752.363	193.36	
752.552	277.33	
752.74	465.74	
752.928	543.57	
753.117	602.96	
753.305	869.19	
753.493	715.59	
753.682	717.64	
753.87	729.93	
754.058	754.51	
754.246	492.37	
754.434	504.65	
754.623	363.34	
754.811	277.33	
754.999	201.55	
755.187	271.19	
755.375	236.37	
755.563	95.06	
755.751	7	
755.94	58.2	
756.128	70.48	
756.316	0.85	
756.504	80.72	
756.692	111.44	
756.88	-46.25	
757.068	-64.68	
757.256	-64.68	
757.444	-62.63	
757.632	23.38	
757.819	-60.59	
758.007	-7.34	
758.195	82.77	
758.383	-83.11	
758.571	35.67	
758.759	-1.19	
758.947	-60.59	
759.135	-33.96	
759.322	-21.67	
759.51	-105.64	
759.698	64.34	
759.886	-27.82	
760.073	-46.25	
760.261	-52.39	
760.449	-109.74	
760.637	11.09	
760.824	-66.73	
761.012	-44.2	
761.2	-101.55	
761.387	-128.17	
761.575	0.85	
761.762	-44.2	
761.95	15.19	
762.138	13.14	
762.325	-11.43	
762.513	-9.39	
762.7	25.43	
762.888	-25.77	
763.075	-1.19	
763.263	-48.3	
763.45	-21.67	
763.638	-105.64	
763.825	-95.4	
764.012	-9.39	
764.2	35.67	
764.387	-31.91	
764.575	-19.63	
764.762	-5.29	
764.949	-66.73	
765.137	-68.78	
765.324	17.24	
765.511	-31.91	
765.699	47.96	
765.886	-58.54	
766.073	56.15	
766.26	25.43	
766.448	80.72	
766.635	-44.2	
766.822	-42.15	
767.009	-50.35	
767.196	-107.69	
767.383	-19.63	
767.571	15.19	
767.758	-33.96	
767.945	-93.35	
768.132	-48.3	
768.319	0.85	
768.506	-36.01	
768.693	-81.07	
768.88	-56.49	
769.067	-38.06	
769.254	4.95	
769.441	76.63	
769.628	17.24	
769.815	-138.41	
770.002	-13.48	
770.189	-50.35	
770.376	19.29	
770.563	-66.73	
770.75	-3.24	
770.936	88.92	
771.123	-42.15	
771.31	35.67	
771.497	-33.96	
771.684	-23.72	
771.87	-21.67	
772.057	-48.3	
772.244	39.76	
772.431	-60.59	
772.617	78.68	
772.804	-107.69	
772.991	-44.2	
773.177	-113.83	
773.364	15.19	
773.551	-97.45	
773.737	-5.29	
773.924	-60.59	
774.111	58.2	
774.297	-3.24	
774.484	-33.96	
774.67	-21.67	
774.857	-64.68	
775.043	-103.59	
775.23	31.57	
775.416	-60.59	
775.603	-60.59	
775.789	11.09	
775.976	-68.78	
776.162	19.29	
776.349	-9.39	
776.535	68.44	
776.721	-79.02	
776.908	-50.35	
777.094	0.85	
777.28	93.01	
777.467	68.44	
777.653	-93.35	
777.839	7	
778.025	-60.59	
778.212	-17.58	
778.398	41.81	
778.584	31.57	
778.77	-33.96	
778.957	-17.58	
779.143	-52.39	
779.329	-107.69	
779.515	-132.26	
779.701	11.09	
779.887	68.44	
780.073	-66.73	
780.26	-103.59	
780.446	41.81	
780.632	-54.44	
780.818	11.09	
781.004	39.76	
781.19	-89.26	
781.376	7	
781.562	0.85	
781.748	-42.15	
781.934	-79.02	
782.12	-5.29	
782.305	7	
782.491	-23.72	
782.677	-56.49	
782.863	-1.19	
783.049	-54.44	
783.235	-13.48	
783.421	11.09	
783.606	-40.11	
783.792	4.95	
783.978	-91.31	
784.164	27.48	
784.349	-36.01	
784.535	-130.22	
784.721	-58.54	
784.907	13.14	
785.092	-29.87	
785.278	56.15	
785.464	-68.78	
785.649	-89.26	
785.835	17.24	
786.02	-56.49	
786.206	0.85	
786.392	-83.11	
786.577	-79.02	
786.763	-46.25	
786.948	-5.29	
787.134	-17.58	
787.319	41.81	
787.505	21.33	
787.69	-3.24	
787.876	27.48	
788.061	35.67	
788.246	-29.87	
788.432	-40.11	
788.617	17.24	
788.803	-48.3	
788.988	-54.44	
789.173	-79.02	
789.359	-46.25	
789.544	27.48	
789.729	-13.48	
789.915	-42.15	
790.1	-64.68	
790.285	39.76	
790.47	19.29	
790.655	-89.26	
790.841	-17.58	
791.026	11.09	
791.211	-50.35	
791.396	-126.12	
791.581	-23.72	
791.766	-15.53	
791.952	13.14	
792.137	56.15	
792.322	-70.83	
792.507	2.9	
792.692	-40.11	
792.877	37.72	
793.062	45.91	
793.247	-13.48	
793.432	121.68	
793.617	123.73	
793.802	236.37	
793.987	123.73	
794.172	64.34	
794.356	121.68	
794.541	-1.19	
794.726	-31.91	
794.911	54.1	
795.096	9.05	
795.281	-19.63	
795.466	-95.4	
795.65	93.01	
795.835	-5.29	
796.02	-91.31	
796.205	50	
796.389	-17.58	
796.574	-95.4	
796.759	7	
796.943	29.52	
797.128	-13.48	
797.313	-93.35	
797.497	0.85	
797.682	33.62	
797.867	-66.73	
798.051	-85.16	
798.236	-25.77	
798.42	-72.87	
798.605	-17.58	
798.789	45.91	
798.974	-44.2	
799.158	-72.87	
799.343	-33.96	
799.527	-3.24	
799.712	-95.4	
799.896	-40.11	
800.081	-3.24	
800.265	-23.72	
800.449	-111.78	
800.634	0.85	
800.818	-29.87	
801.002	82.77	
801.187	-68.78	
801.371	-9.39	
801.555	23.38	
801.74	-36.01	
801.924	-68.78	
802.108	-54.44	
802.292	-23.72	
802.477	9.05	
802.661	60.24	
802.845	115.54	
803.029	52.05	
803.213	-56.49	
803.397	-122.02	
803.581	15.19	
803.766	68.44	
803.95	2.9	
804.134	-36.01	
804.318	-150.7	
804.502	-91.31	
804.686	-5.29	
804.87	-48.3	
805.054	19.29	
805.238	-115.88	
805.422	-15.53	
805.606	-50.35	
805.79	-62.63	
805.973	-85.16	
806.157	2.9	
806.341	-3.24	
806.525	27.48	
806.709	-15.53	
806.893	23.38	
807.077	27.48	
807.26	43.86	
807.444	0.85	
807.628	-54.44	
807.812	2.9	
807.995	131.92	
808.179	41.81	
808.363	35.67	
808.546	0.85	
808.73	39.76	
808.914	-56.49	
809.097	66.39	
809.281	-46.25	
809.465	105.3	
809.648	17.24	
809.832	-40.11	
810.015	93.01	
810.199	4.95	
810.382	-81.07	
810.566	-52.39	
810.749	58.2	
810.933	50	
811.116	-89.26	
811.3	11.09	
811.483	-74.92	
811.667	58.2	
811.85	72.53	
812.034	13.14	
812.217	52.05	
812.4	76.63	
812.584	27.48	
812.767	162.64	
812.95	136.02	
813.133	74.58	
813.317	228.18	
813.5	183.12	
813.683	138.07	
813.866	90.96	
814.05	215.89	
814.233	-9.39	
814.416	31.57	
814.599	76.63	
814.782	23.38	
814.965	-87.21	
815.149	13.14	
815.332	-9.39	
815.515	-5.29	
815.698	-13.48	
815.881	-81.07	
816.064	21.33	
816.247	-1.19	
816.43	-42.15	
816.613	66.39	
816.796	115.54	
816.979	-19.63	
817.162	27.48	
817.345	13.14	
817.528	-31.91	
817.711	-93.35	
817.893	-23.72	
818.076	9.05	
818.259	25.43	
818.442	64.34	
818.625	-25.77	
818.808	-19.63	
818.99	9.05	
819.173	-46.25	
819.356	-52.39	
819.539	-19.63	
819.721	-85.16	
819.904	-31.91	
820.087	-101.55	
820.269	-25.77	
820.452	11.09	
820.635	-83.11	
820.817	4.95	
821	19.29	
821.182	72.53	
821.365	-62.63	
821.548	-76.97	
821.73	-19.63	
821.913	54.1	
822.095	35.67	
822.278	-70.83	
822.46	-58.54	
822.642	-11.43	
822.825	39.76	
823.007	54.1	
823.19	-5.29	
823.372	25.43	
823.555	-17.58	
823.737	45.91	
823.919	-33.96	
824.102	-81.07	
824.284	15.19	
824.466	86.87	
824.648	47.96	
824.831	-60.59	
825.013	41.81	
825.195	-9.39	
825.377	-5.29	
825.56	86.87	
825.742	25.43	
825.924	58.2	
826.106	121.68	
826.288	99.16	
826.47	2.9	
826.652	160.59	
826.835	23.38	
827.017	45.91	
827.199	37.72	
827.381	-23.72	
827.563	70.48	
827.745	52.05	
827.927	-3.24	
828.109	-38.06	
828.291	9.05	
828.473	13.14	
828.655	78.68	
828.836	107.35	
829.018	121.68	
829.2	109.4	
829.382	207.7	
829.564	301.9	
829.746	289.62	
829.928	410.45	
830.109	209.75	
830.291	228.18	
830.473	148.31	
830.655	138.07	
830.836	39.76	
831.018	15.19	
831.2	-17.58	
831.382	88.92	
831.563	54.1	
831.745	66.39	
831.926	9.05	
832.108	90.96	
832.29	7	
832.471	-15.53	
832.653	25.43	
832.834	-23.72	
833.016	-97.45	
833.197	29.52	
833.379	-111.78	
833.56	17.24	
833.742	9.05	
833.923	-42.15	
834.105	23.38	
834.286	99.16	
834.468	4.95	
834.649	11.09	
834.83	35.67	
835.012	-40.11	
835.193	-68.78	
835.374	-119.98	
835.556	35.67	
835.737	9.05	
835.918	-3.24	
836.1	127.83	
836.281	256.85	
836.462	394.06	
836.643	531.28	
836.824	942.92	
837.006	1000.26	
837.187	1350.46	
837.368	1432.38	
837.549	1391.42	
837.73	1309.51	
837.911	1256.26	
838.092	914.25	
838.273	596.81	
838.455	521.04	
838.636	387.92	
838.817	324.43	
838.998	205.65	
839.179	260.95	
839.36	142.16	
839.54	176.98	
839.721	211.79	
839.902	277.33	
840.083	156.5	
840.264	170.83	
840.445	203.6	
840.626	121.68	
840.807	113.49	
840.988	162.64	
841.168	219.99	
841.349	252.75	
841.53	166.74	
841.711	179.03	
841.891	113.49	
842.072	138.07	
842.253	121.68	
842.434	-54.44	
842.614	88.92	
842.795	31.57	
842.976	64.34	
843.156	-19.63	
843.337	74.58	
843.517	13.14	
843.698	68.44	
843.878	17.24	
844.059	15.19	
844.24	2.9	
844.42	2.9	
844.601	-5.29	
844.781	0.85	
844.962	-9.39	
845.142	-25.77	
845.322	-15.53	
845.503	7	
845.683	101.2	
845.864	41.81	
846.044	19.29	
846.224	-25.77	
846.405	-87.21	
846.585	23.38	
846.765	58.2	
846.946	68.44	
847.126	-101.55	
847.306	-44.2	
847.486	-50.35	
847.667	-11.43	
847.847	60.24	
848.027	109.4	
848.207	133.97	
848.387	262.99	
848.567	416.59	
848.747	617.29	
848.928	656.2	
849.108	742.22	
849.288	736.07	
849.468	582.48	
849.648	494.41	
849.828	371.54	
850.008	303.95	
850.188	306	
850.368	154.45	
850.548	99.16	
850.728	262.99	
850.908	179.03	
851.088	162.64	
851.267	111.44	
851.447	207.7	
851.627	101.2	
851.807	88.92	
851.987	121.68	
852.167	113.49	
852.346	138.07	
852.526	-29.87	
852.706	-11.43	
852.886	-46.25	
853.065	-83.11	
853.245	39.76	
853.425	-38.06	
853.605	-103.59	
853.784	39.76	
853.964	84.82	
854.143	-48.3	
854.323	13.14	
854.503	43.86	
854.682	-19.63	
854.862	60.24	
855.041	-46.25	
855.221	4.95	
855.4	-27.82	
855.58	-15.53	
855.759	-11.43	
855.939	-70.83	
856.118	-36.01	
856.298	-46.25	
856.477	72.53	
856.657	-44.2	
856.836	60.24	
857.015	-19.63	
857.195	-19.63	
857.374	54.1	
857.553	129.88	
857.733	33.62	
857.912	37.72	
858.091	52.05	
858.27	174.93	
858.45	183.12	
858.629	279.38	
858.808	262.99	
858.987	205.65	
859.166	291.66	
859.345	146.26	
859.525	238.42	
859.704	74.58	
859.883	54.1	
860.062	90.96	
860.241	-38.06	
860.42	0.85	
860.599	152.4	
860.778	15.19	
860.957	4.95	
861.136	4.95	
861.315	80.72	
861.494	47.96	
861.673	13.14	
861.852	17.24	
862.031	50	
862.21	109.4	
862.388	115.54	
862.567	183.12	
862.746	230.23	
862.925	189.27	
863.104	262.99	
863.283	303.95	
863.461	160.59	
863.64	219.99	
863.819	142.16	
863.997	277.33	
864.176	271.19	
864.355	351.06	
864.534	385.87	
864.712	533.33	
864.891	629.58	
865.069	682.83	
865.248	562	
865.427	613.2	
865.605	592.72	
865.784	355.15	
865.962	324.43	
866.141	162.64	
866.319	113.49	
866.498	113.49	
866.676	211.79	
866.855	140.12	
867.033	230.23	
867.212	181.07	
867.39	260.95	
867.568	230.23	
867.747	271.19	
867.925	256.85	
868.103	295.76	
868.282	138.07	
868.46	37.72	
868.638	136.02	
868.817	60.24	
868.995	140.12	
869.173	15.19	
869.351	-66.73	
869.529	-38.06	
869.708	-25.77	
869.886	76.63	
870.064	-66.73	
870.242	56.15	
870.42	7	
870.598	-40.11	
870.776	39.76	
870.954	-13.48	
871.133	-17.58	
871.311	-38.06	
871.489	17.24	
871.667	-25.77	
871.845	-5.29	
872.023	-38.06	
872.2	15.19	
872.378	23.38	
872.556	-29.87	
872.734	17.24	
872.912	35.67	
873.09	27.48	
873.268	-103.59	
873.446	4.95	
873.623	58.2	
873.801	-48.3	
873.979	-66.73	
874.157	-70.83	
874.335	11.09	
874.512	50	
874.69	-1.19	
874.868	-44.2	
875.045	-89.26	
875.223	-115.88	
875.401	-29.87	
875.578	-85.16	
875.756	-68.78	
875.934	-13.48	
876.111	-50.35	
876.289	-15.53	
876.466	50	
876.644	76.63	
876.821	269.14	
876.999	357.2	
877.176	367.44	
877.354	406.35	
877.531	688.97	
877.709	666.44	
877.886	768.84	
878.063	600.91	
878.241	412.5	
878.418	443.21	
878.596	297.81	
878.773	181.07	
878.95	138.07	
879.127	64.34	
879.305	31.57	
879.482	72.53	
879.659	-7.34	
879.836	39.76	
880.014	0.85	
880.191	101.2	
880.368	88.92	
880.545	90.96	
880.722	72.53	
880.9	39.76	
881.077	111.44	
881.254	21.33	
881.431	-40.11	
881.608	-107.69	
881.785	-23.72	
881.962	-23.72	
882.139	4.95	
882.316	-17.58	
882.493	2.9	
882.67	-68.78	
882.847	-87.21	
883.024	-54.44	
883.201	-33.96	
883.378	17.24	
883.554	-56.49	
883.731	39.76	
883.908	146.26	
884.085	0.85	
884.262	27.48	
884.439	-1.19	
884.615	9.05	
884.792	203.6	
884.969	113.49	
885.146	244.56	
885.322	256.85	
885.499	25.43	
885.676	60.24	
885.852	160.59	
886.029	115.54	
886.205	78.68	
886.382	64.34	
886.559	95.06	
886.735	56.15	
886.912	93.01	
887.088	4.95	
887.265	15.19	
887.441	9.05	
887.618	-99.5	
887.794	17.24	
887.971	-9.39	
888.147	39.76	
888.324	29.52	
888.5	15.19	
888.676	11.09	
888.853	-17.58	
889.029	-23.72	
889.205	64.34	
889.382	-70.83	
889.558	13.14	
889.734	41.81	
889.911	-95.4	
890.087	-89.26	
890.263	-33.96	
890.439	-1.19	
890.616	-46.25	
890.792	9.05	
890.968	-23.72	
891.144	23.38	
891.32	-66.73	
891.496	-52.39	
891.672	-25.77	
891.848	-107.69	
892.025	2.9	
892.201	-58.54	
892.377	-15.53	
892.553	-91.31	
892.729	-9.39	
892.905	-33.96	
893.081	23.38	
893.256	-60.59	
893.432	-17.58	
893.608	13.14	
893.784	2.9	
893.96	-56.49	
894.136	-66.73	
894.312	17.24	
894.488	0.85	
894.663	52.05	
894.839	-5.29	
895.015	25.43	
895.191	-5.29	
895.366	-3.24	
895.542	-15.53	
895.718	-25.77	
895.894	-103.59	
896.069	-70.83	
896.245	74.58	
896.421	-7.34	
896.596	-95.4	
896.772	2.9	
896.947	-48.3	
897.123	31.57	
897.298	-17.58	
897.474	2.9	
897.649	-74.92	
897.825	54.1	
898	-83.11	
898.176	78.68	
898.351	-42.15	
898.527	64.34	
898.702	-79.02	
898.878	-56.49	
899.053	-105.64	
899.228	-25.77	
899.404	-33.96	
899.579	-23.72	
899.754	58.2	
899.93	-13.48	
900.105	-31.91	
900.28	115.54	
900.455	-68.78	
900.631	-101.55	
900.806	-25.77	
900.981	-38.06	
901.156	-33.96	
901.331	0.85	
901.507	-169.13	
901.682	-115.88	
901.857	-29.87	
902.032	41.81	
902.207	-5.29	
902.382	-60.59	
902.557	4.95	
902.732	193.36	
902.907	-58.54	
903.082	-25.77	
903.257	4.95	
903.432	113.49	
903.607	-11.43	
903.782	27.48	
903.957	-25.77	
904.132	21.33	
904.306	-17.58	
904.481	-33.96	
904.656	23.38	
904.831	47.96	
905.006	-62.63	
905.181	33.62	
905.355	-68.78	
905.53	-15.53	
905.705	-81.07	
905.879	2.9	
906.054	-50.35	
906.229	-74.92	
906.404	-87.21	
906.578	43.86	
906.753	-97.45	
906.927	-70.83	
907.102	-33.96	
907.277	-91.31	
907.451	-64.68	
907.626	-40.11	
907.8	-111.78	
907.975	0.85	
908.149	-3.24	
908.324	-56.49	
908.498	-13.48	
908.673	-97.45	
908.847	-62.63	
909.021	-60.59	
909.196	-33.96	
909.37	-19.63	
909.544	0.85	
909.719	-48.3	
909.893	-124.07	
910.067	-31.91	
910.242	-17.58	
910.416	119.64	
910.59	-33.96	
910.764	-42.15	
910.939	-38.06	
911.113	31.57	
911.287	-109.74	
911.461	-31.91	
911.635	-64.68	
911.809	33.62	
911.984	-19.63	
912.158	-62.63	
912.332	-31.91	
912.506	-60.59	
912.68	-74.92	
912.854	-79.02	
913.028	-46.25	
913.202	58.2	
913.376	9.05	
913.55	-70.83	
913.724	39.76	
913.898	2.9	
914.071	27.48	
914.245	62.29	
914.419	33.62	
914.593	-36.01	
914.767	-42.15	
914.941	25.43	
915.115	21.33	
915.288	7	
915.462	-7.34	
915.636	47.96	
915.81	7	
915.983	19.29	
916.157	-38.06	
916.331	-17.58	
916.504	-72.87	
916.678	25.43	
916.852	-76.97	
917.025	-85.16	
917.199	58.2	
917.372	-42.15	
917.546	-58.54	
917.719	-1.19	
917.893	-21.67	
918.066	-68.78	
918.24	-64.68	
918.413	31.57	
918.587	2.9	
918.76	-9.39	
918.934	-119.98	
919.107	-29.87	
919.28	68.44	
919.454	-48.3	
919.627	111.44	
919.8	-15.53	
919.974	-38.06	
920.147	-36.01	
920.32	-13.48	
920.494	4.95	
920.667	58.2	
920.84	56.15	
921.013	-50.35	
921.186	0.85	
921.36	-132.26	
921.533	-52.39	
921.706	70.48	
921.879	-21.67	
922.052	-87.21	
922.225	21.33	
922.398	-76.97	
922.571	82.77	
922.744	-11.43	
922.917	-46.25	
923.09	-72.87	
923.263	-1.19	
923.436	-56.49	
923.609	-5.29	
923.782	-85.16	
923.955	11.09	
924.128	-60.59	
924.301	4.95	
924.474	-23.72	
924.647	11.09	
924.819	2.9	
924.992	19.29	
925.165	-56.49	
925.338	9.05	
925.511	-58.54	
925.683	-48.3	
925.856	-17.58	
926.029	-15.53	
926.201	7	
926.374	101.2	
926.547	-17.58	
926.719	4.95	
926.892	17.24	
927.065	72.53	
927.237	15.19	
927.41	43.86	
927.582	-70.83	
927.755	-74.92	
927.927	-1.19	
928.1	-74.92	
928.272	11.09	
928.445	-126.12	
928.617	-15.53	
928.79	15.19	
928.962	-42.15	
929.134	19.29	
929.307	-60.59	
929.479	-85.16	
929.651	-33.96	
929.824	-15.53	
929.996	21.33	
930.168	41.81	
930.341	-50.35	
930.513	-52.39	
930.685	-27.82	
930.857	-103.59	
931.029	-160.94	
931.202	64.34	
931.374	-15.53	
931.546	62.29	
931.718	43.86	
931.89	-111.78	
932.062	13.14	
932.234	-44.2	
932.406	-103.59	
932.578	-38.06	
932.75	-42.15	
932.922	-87.21	
933.094	-40.11	
933.266	-52.39	
933.438	31.57	
933.61	121.68	
933.782	25.43	
933.954	2.9	
934.126	-27.82	
934.298	-50.35	
934.47	-11.43	
934.641	-126.12	
934.813	-103.59	
934.985	-1.19	
935.157	-48.3	
935.329	-36.01	
935.5	-31.91	
935.672	15.19	
935.844	-15.53	
936.015	27.48	
936.187	-5.29	
936.359	2.9	
936.53	-1.19	
936.702	-7.34	
936.874	52.05	
937.045	52.05	
937.217	-83.11	
937.388	-11.43	
937.56	15.19	
937.731	-91.31	
937.903	-15.53	
938.074	-72.87	
938.246	-72.87	
938.417	-56.49	
938.588	-58.54	
938.76	72.53	
938.931	-111.78	
939.103	-117.93	
939.274	-42.15	
939.445	-44.2	
939.617	41.81	
939.788	-54.44	
939.959	-70.83	
940.13	-13.48	
940.302	11.09	
940.473	-11.43	
940.644	-79.02	
940.815	0.85	
940.987	-31.91	
941.158	-64.68	
941.329	-7.34	
941.5	-17.58	
941.671	7	
941.842	-9.39	
942.013	2.9	
942.184	-70.83	
942.355	2.9	
942.526	-50.35	
942.697	58.2	
942.868	-33.96	
943.039	-29.87	
943.21	-97.45	
943.381	31.57	
943.552	-23.72	
943.723	41.81	
943.894	-95.4	
944.065	-1.19	
944.235	-27.82	
944.406	-38.06	
944.577	37.72	
944.748	68.44	
944.919	-58.54	
945.089	-48.3	
945.26	52.05	
945.431	-72.87	
945.601	-42.15	
945.772	-21.67	
945.943	-38.06	
946.113	7	
946.284	-25.77	
946.455	9.05	
946.625	-115.88	
946.796	-91.31	
946.966	-83.11	
947.137	-85.16	
947.307	-111.78	
947.478	-111.78	
947.648	-54.44	
947.819	-9.39	
947.989	50	
948.16	-33.96	
948.33	-87.21	
948.5	-52.39	
948.671	-11.43	
948.841	-87.21	
949.012	-58.54	
949.182	-9.39	
949.352	-46.25	
949.522	11.09	
949.693	-11.43	
949.863	-72.87	
950.033	-23.72	
950.203	-36.01	
950.374	11.09	
950.544	23.38	
950.714	11.09	
950.884	-7.34	
951.054	-5.29	
951.224	56.15	
951.394	7	
951.564	43.86	
951.735	47.96	
951.905	-83.11	
952.075	-54.44	
952.245	-25.77	
952.415	4.95	
952.585	-42.15	
952.754	-46.25	
952.924	7	
953.094	-46.25	
953.264	-103.59	
953.434	-25.77	
953.604	-58.54	
953.774	31.57	
953.944	-93.35	
954.113	19.29	
954.283	80.72	
954.453	11.09	
954.623	-95.4	
954.792	-83.11	
954.962	47.96	
955.132	-42.15	
955.302	-99.5	
955.471	-117.93	
955.641	-9.39	
955.81	-17.58	
955.98	19.29	
956.15	-21.67	
956.319	60.24	
956.489	-5.29	
956.658	-58.54	
956.828	29.52	
956.997	17.24	
957.167	-50.35	
957.336	-76.97	
957.506	-95.4	
957.675	-54.44	
957.845	2.9	
958.014	-17.58	
958.183	-15.53	
958.353	-33.96	
958.522	-38.06	
958.691	27.48	
958.861	-95.4	
959.03	-29.87	
959.199	-85.16	
959.368	25.43	
959.538	31.57	
959.707	-9.39	
959.876	33.62	
960.045	23.38	
960.214	72.53	
960.383	33.62	
960.553	-44.2	
960.722	-13.48	
960.891	45.91	
961.06	37.72	
961.229	-56.49	
961.398	-21.67	
961.567	-19.63	
961.736	-23.72	
961.905	-29.87	
962.074	-64.68	
962.243	-9.39	
962.412	72.53	
962.581	-15.53	
962.75	-36.01	
962.918	4.95	
963.087	0.85	
963.256	50	
963.425	-13.48	
963.594	50	
963.763	9.05	
963.931	-91.31	
964.1	-7.34	
964.269	-25.77	
964.437	-95.4	
964.606	-19.63	
964.775	-50.35	
964.943	52.05	
965.112	97.11	
965.281	-23.72	
965.449	39.76	
965.618	-115.88	
965.786	-50.35	
965.955	33.62	
966.124	-62.63	
966.292	0.85	
966.461	-9.39	
966.629	-3.24	
966.797	-97.45	
966.966	37.72	
967.134	-13.48	
967.303	-76.97	
967.471	-25.77	
967.639	-9.39	
967.808	2.9	
967.976	-87.21	
968.144	31.57	
968.313	13.14	
968.481	31.57	
968.649	-11.43	
968.817	-44.2	
968.986	-11.43	
969.154	-33.96	
969.322	-74.92	
969.49	-29.87	
969.658	11.09	
969.827	-101.55	
969.995	-40.11	
970.163	-40.11	
970.331	-25.77	
970.499	82.77	
970.667	58.2	
970.835	-36.01	
971.003	-25.77	
971.171	-103.59	
971.339	84.82	
971.507	17.24	
971.675	-107.69	
971.843	-17.58	
972.011	58.2	
972.178	103.25	
972.346	29.52	
972.514	-25.77	
972.682	-9.39	
972.85	-23.72	
973.018	-11.43	
973.185	-66.73	
973.353	-21.67	
973.521	-31.91	
973.689	-1.19	
973.856	4.95	
974.024	23.38	
974.192	35.67	
974.359	-25.77	
974.527	107.35	
974.694	11.09	
974.862	-76.97	
975.03	4.95	
975.197	-5.29	
975.365	-36.01	
975.532	-50.35	
975.7	-21.67	
975.867	54.1	
976.035	19.29	
976.202	-3.24	
976.369	31.57	
976.537	0.85	
976.704	-33.96	
976.872	52.05	
977.039	-29.87	
977.206	23.38	
977.374	-23.72	
977.541	-17.58	
977.708	97.11	
977.875	62.29	
978.043	-66.73	
978.21	-76.97	
978.377	-81.07	
978.544	-83.11	
978.711	39.76	
978.879	-87.21	
979.046	27.48	
979.213	-3.24	
979.38	-31.91	
979.547	-9.39	
979.714	-175.27	
979.881	-56.49	
980.048	-38.06	
980.215	-21.67	
980.382	-46.25	
980.549	2.9	
980.716	-46.25	
980.883	-42.15	
981.05	37.72	
981.217	60.24	
981.384	-103.59	
981.55	7	
981.717	78.68	
981.884	-64.68	
982.051	-95.4	
982.218	-101.55	
982.384	-25.77	
982.551	11.09	
982.718	-42.15	
982.885	-5.29	
983.051	-101.55	
983.218	9.05	
983.385	17.24	
983.551	-1.19	
983.718	-46.25	
983.885	13.14	
984.051	-46.25	
984.218	-44.2	
984.384	-44.2	
984.551	31.57	
984.717	86.87	
984.884	-7.34	
985.05	-66.73	
985.217	-52.39	
985.383	-83.11	
985.55	-87.21	
985.716	-48.3	
985.882	-19.63	
986.049	-62.63	
986.215	-3.24	
986.381	9.05	
986.548	-44.2	
986.714	27.48	
986.88	7	
987.046	-85.16	
987.213	-27.82	
987.379	-17.58	
987.545	47.96	
987.711	-33.96	
987.877	-42.15	
988.044	-5.29	
988.21	74.58	
988.376	66.39	
988.542	-38.06	
988.708	115.54	
988.874	-87.21	
989.04	21.33	
989.206	-105.64	
989.372	-9.39	
989.538	-126.12	
989.704	-9.39	
989.87	-33.96	
990.036	0.85	
990.202	-56.49	
990.368	-46.25	
990.534	-21.67	
990.699	9.05	
990.865	0.85	
991.031	-17.58	
991.197	-130.22	
991.363	72.53	
991.528	-56.49	
991.694	-21.67	
991.86	25.43	
992.025	27.48	
992.191	66.39	
992.357	-17.58	
992.522	-64.68	
992.688	47.96	
992.854	-40.11	
993.019	21.33	
993.185	-83.11	
993.35	-52.39	
993.516	-62.63	
993.681	-130.22	
993.847	13.14	
994.012	-119.98	
994.178	29.52	
994.343	11.09	
994.509	-68.78	
994.674	-97.45	
994.84	-25.77	
995.005	13.14	
995.17	-64.68	
995.336	-101.55	
995.501	-64.68	
995.666	-50.35	
995.831	15.19	
995.997	68.44	
996.162	-23.72	
996.327	281.43	
996.492	31.57	
996.658	31.57	
996.823	-122.02	
996.988	-50.35	
997.153	15.19	
997.318	-56.49	
997.483	25.43	
997.648	-66.73	
997.813	7	
997.978	-27.82	
998.143	-58.54	
998.308	9.05	
998.473	-68.78	
998.638	41.81	
998.803	35.67	
998.968	-52.39	
999.133	-46.25	
999.298	-7.34	
999.463	50	
999.628	-1.19	
999.793	121.68	
999.957	0.85	
1000.122	-33.96	
1000.287	-33.96	
1000.452	-103.59	
1000.616	-70.83	
1000.781	-66.73	
1000.946	-40.11	
1001.111	-50.35	
1001.275	-17.58	
1001.44	-21.67	
1001.604	-72.87	
1001.769	52.05	
1001.934	-107.69	
1002.098	-91.31	
1002.263	-1.19	
1002.427	-115.88	
1002.592	25.43	
1002.756	78.68	
1002.921	-25.77	
1003.085	-50.35	
1003.25	11.09	
1003.414	0.85	
1003.579	-68.78	
1003.743	-50.35	
1003.907	-1.19	
1004.072	-124.07	
1004.236	129.88	
1004.4	-17.58	
1004.565	19.29	
1004.729	-36.01	
1004.893	-33.96	
1005.057	35.67	
1005.222	-99.5	
1005.386	-68.78	
1005.55	-5.29	
1005.714	-113.83	
1005.878	-52.39	
1006.042	-50.35	
1006.206	-46.25	
1006.371	-7.34	
1006.535	4.95	
1006.699	-19.63	
1006.863	27.48	
1007.027	9.05	
1007.191	33.62	
1007.355	-79.02	
1007.519	-27.82	
1007.683	25.43	
1007.847	-42.15	
1008.01	-54.44	
1008.174	-40.11	
1008.338	-62.63	
1008.502	-27.82	
1008.666	31.57	
1008.83	25.43	
1008.993	-50.35	
1009.157	-40.11	
1009.321	-9.39	
1009.485	-5.29	
1009.648	-54.44	
1009.812	-42.15	
1009.976	-1.19	
1010.139	-74.92	
1010.303	-9.39	
1010.467	-21.67	
1010.63	15.19	
1010.794	41.81	
1010.957	43.86	
1011.121	66.39	
1011.285	43.86	
1011.448	47.96	
1011.612	-13.48	
1011.775	62.29	
1011.938	-33.96	
1012.102	-107.69	
1012.265	-62.63	
1012.429	-15.53	
1012.592	47.96	
1012.755	-107.69	
1012.919	86.87	
1013.082	-52.39	
1013.245	17.24	
1013.409	-62.63	
1013.572	-60.59	
1013.735	33.62	
1013.898	103.25	
1014.062	-62.63	
1014.225	125.78	
1014.388	-5.29	
1014.551	-142.5	
1014.714	47.96	
1014.877	23.38	
1015.041	9.05	
1015.204	-5.29	
1015.367	-48.3	
1015.53	2.9	
1015.693	-31.91	
1015.856	-38.06	
1016.019	-122.02	
1016.182	37.72	
1016.345	27.48	
1016.508	-74.92	
1016.67	-111.78	
1016.833	31.57	
1016.996	-13.48	
1017.159	-33.96	
1017.322	-62.63	
1017.485	-38.06	
1017.648	-25.77	
1017.81	-31.91	
1017.973	-48.3	
1018.136	-15.53	
1018.298	-31.91	
1018.461	-87.21	
1018.624	-64.68	
1018.787	17.24	
1018.949	-56.49	
1019.112	-64.68	
1019.274	19.29	
1019.437	27.48	
1019.6	-70.83	
1019.762	-83.11	
1019.925	-74.92	
1020.087	2.9	
1020.25	-44.2	
1020.412	-42.15	
1020.575	-17.58	
1020.737	-87.21	
1020.899	-42.15	
1021.062	-81.07	
1021.224	15.19	
1021.387	9.05	
1021.549	-5.29	
1021.711	33.62	
1021.874	-74.92	
1022.036	4.95	
1022.198	-58.54	
1022.36	-91.31	
1022.523	-13.48	
1022.685	21.33	
1022.847	-38.06	
1023.009	-91.31	
1023.171	41.81	
1023.333	-46.25	
1023.496	-33.96	
1023.658	113.49	
1023.82	285.52	
1023.982	0.85	
1024.144	-36.01	
1024.306	-70.83	
1024.468	-29.87	
1024.63	-66.73	
1024.792	-54.44	
1024.954	2.9	
1025.116	-7.34	
1025.278	33.62	
1025.44	-3.24	
1025.601	-21.67	
1025.763	-85.16	
1025.925	-25.77	
1026.087	-23.72	
1026.249	72.53	
1026.41	-122.02	
1026.572	27.48	
1026.734	-11.43	
1026.896	-128.17	
1027.057	-46.25	
1027.219	23.38	
1027.381	-113.83	
1027.542	-95.4	
1027.704	-83.11	
1027.866	-17.58	
1028.027	43.86	
1028.189	-72.87	
1028.35	-13.48	
1028.512	45.91	
1028.673	15.19	
1028.835	-33.96	
1028.996	-31.91	
1029.158	-38.06	
1029.319	19.29	
1029.481	-36.01	
1029.642	2.9	
1029.803	109.4	
1029.965	76.63	
1030.126	-48.3	
1030.287	-83.11	
1030.449	-42.15	
1030.61	-9.39	
1030.771	-89.26	
1030.933	-58.54	
1031.094	-25.77	
1031.255	-117.93	
1031.416	-50.35	
1031.577	-7.34	
1031.738	23.38	
1031.9	15.19	
1032.061	15.19	
1032.222	-15.53	
1032.383	90.96	
1032.544	27.48	
1032.705	88.92	
1032.866	-44.2	
1033.027	-54.44	
1033.188	-64.68	
1033.349	-42.15	
1033.51	11.09	
1033.671	33.62	
1033.832	-70.83	
1033.993	-93.35	
1034.153	-27.82	
1034.314	23.38	
1034.475	-13.48	
1034.636	-3.24	
1034.797	86.87	
1034.957	15.19	
1035.118	64.34	
1035.279	2.9	
1035.44	23.38	
1035.6	21.33	
1035.761	-42.15	
1035.922	-81.07	
1036.082	-68.78	
1036.243	-5.29	
1036.404	-81.07	
1036.564	-56.49	
1036.725	52.05	
1036.885	-107.69	
1037.046	-66.73	
1037.206	-70.83	
1037.367	-56.49	
1037.527	11.09	
1037.688	33.62	
1037.848	-195.75	
1038.008	7	
1038.169	-87.21	
