USB4E00404_1:101		
345.868	-164.86	
346.082	-164.86	
346.296	-164.86	
346.51	-115.71	
346.724	-123.9	
346.937	-13.31	
347.151	3.07	
347.365	46.08	
347.579	3.07	
347.793	82.94	
348.006	-13.31	
348.22	7.17	
348.434	7.17	
348.648	-11.26	
348.861	-80.89	
349.075	21.5	
349.289	-52.22	
349.502	-52.22	
349.716	128	
349.93	158.72	
350.143	228.35	
350.357	226.3	
350.571	269.31	
350.784	203.77	
350.998	175.1	
351.212	314.36	
351.425	242.68	
351.639	359.42	
351.852	445.43	
352.066	476.15	
352.28	390.14	
352.493	361.47	
352.707	312.32	
352.92	68.61	
353.134	80.89	
353.347	-5.12	
353.561	21.5	
353.774	17.41	
353.988	68.61	
354.201	-41.98	
354.415	-23.55	
354.628	87.04	
354.841	-33.79	
355.055	44.03	
355.268	-19.46	
355.482	-19.46	
355.695	-21.5	
355.908	15.36	
356.122	23.55	
356.335	-66.56	
356.549	76.8	
356.762	39.94	
356.975	52.22	
357.189	58.37	
357.402	54.27	
357.615	-33.79	
357.828	103.42	
358.042	134.14	
358.255	177.15	
358.468	33.79	
358.682	84.99	
358.895	259.07	
359.108	226.3	
359.321	277.5	
359.534	281.6	
359.748	216.06	
359.961	183.29	
360.174	138.24	
360.387	136.19	
360.6	80.89	
360.813	13.31	
361.027	66.56	
361.24	-48.13	
361.453	27.65	
361.666	-46.08	
361.879	-46.08	
362.092	29.7	
362.305	66.56	
362.518	46.08	
362.731	115.71	
362.944	31.74	
363.157	-58.37	
363.37	7.17	
363.583	74.75	
363.796	27.65	
364.009	13.31	
364.222	-21.5	
364.435	-17.41	
364.648	-78.85	
364.861	-29.7	
365.074	5.12	
365.287	35.84	
365.5	-35.84	
365.713	23.55	
365.926	101.37	
366.139	76.8	
366.352	-78.85	
366.564	-50.18	
366.777	15.36	
366.99	60.42	
367.203	-31.74	
367.416	-44.03	
367.629	23.55	
367.841	66.56	
368.054	121.85	
368.267	-27.65	
368.48	17.41	
368.693	46.08	
368.905	113.66	
369.118	39.94	
369.331	60.42	
369.544	52.22	
369.756	128	
369.969	-29.7	
370.182	-3.07	
370.394	80.89	
370.607	-68.61	
370.82	64.51	
371.032	70.65	
371.245	15.36	
371.458	66.56	
371.67	64.51	
371.883	-41.98	
372.095	46.08	
372.308	-5.12	
372.52	-19.46	
372.733	76.8	
372.946	-27.65	
373.158	-35.84	
373.371	-33.79	
373.583	-41.98	
373.796	3.07	
374.008	93.18	
374.221	23.55	
374.433	-3.07	
374.646	7.17	
374.858	52.22	
375.071	3.07	
375.283	-19.46	
375.495	56.32	
375.708	-1.02	
375.92	-23.55	
376.133	-13.31	
376.345	-17.41	
376.557	31.74	
376.77	-15.36	
376.982	60.42	
377.194	21.5	
377.407	-62.46	
377.619	-29.7	
377.831	-23.55	
378.044	117.76	
378.256	31.74	
378.468	41.98	
378.68	21.5	
378.893	58.37	
379.105	48.13	
379.317	-95.23	
379.529	-21.5	
379.742	199.68	
379.954	-37.89	
380.166	-29.7	
380.378	44.03	
380.59	-33.79	
380.803	7.17	
381.015	-23.55	
381.227	60.42	
381.439	355.32	
381.651	130.05	
381.863	56.32	
382.075	68.61	
382.287	19.46	
382.499	-35.84	
382.712	33.79	
382.924	29.7	
383.136	166.91	
383.348	-21.5	
383.56	-19.46	
383.772	25.6	
383.984	-39.94	
384.196	-5.12	
384.408	-29.7	
384.62	-17.41	
384.832	84.99	
385.044	3.07	
385.255	7.17	
385.467	89.09	
385.679	48.13	
385.891	60.42	
386.103	64.51	
386.315	29.7	
386.527	-13.31	
386.739	-78.85	
386.951	29.7	
387.162	70.65	
387.374	19.46	
387.586	78.85	
387.798	15.36	
388.01	115.71	
388.221	3.07	
388.433	46.08	
388.645	-54.27	
388.857	-80.89	
389.069	-33.79	
389.28	48.13	
389.492	27.65	
389.704	56.32	
389.915	111.61	
390.127	-66.56	
390.339	9.22	
390.55	-27.65	
390.762	9.22	
390.974	70.65	
391.185	29.7	
391.397	-11.26	
391.609	15.36	
391.82	189.44	
392.032	76.8	
392.243	1.02	
392.455	-25.6	
392.667	70.65	
392.878	25.6	
393.09	-103.42	
393.301	15.36	
393.513	-19.46	
393.724	-19.46	
393.936	9.22	
394.147	-39.94	
394.359	3.07	
394.57	-17.41	
394.782	13.31	
394.993	48.13	
395.204	-70.65	
395.416	89.09	
395.627	-35.84	
395.839	60.42	
396.05	-35.84	
396.261	-7.17	
396.473	-13.31	
396.684	-11.26	
396.896	5.12	
397.107	-37.89	
397.318	-11.26	
397.529	68.61	
397.741	-48.13	
397.952	31.74	
398.163	-89.09	
398.375	3.07	
398.586	52.22	
398.797	27.65	
399.008	-82.94	
399.22	134.14	
399.431	54.27	
399.642	21.5	
399.853	56.32	
400.064	82.94	
400.276	60.42	
400.487	7.17	
400.698	-44.03	
400.909	-17.41	
401.12	-78.85	
401.331	-70.65	
401.542	130.05	
401.754	1.02	
401.965	17.41	
402.176	3.07	
402.387	15.36	
402.598	-7.17	
402.809	-17.41	
403.02	72.7	
403.231	5.12	
403.442	89.09	
403.653	89.09	
403.864	-21.5	
404.075	21.5	
404.286	3.07	
404.497	70.65	
404.708	31.74	
404.919	54.27	
405.13	-21.5	
405.341	-23.55	
405.551	19.46	
405.762	31.74	
405.973	3.07	
406.184	-39.94	
406.395	132.09	
406.606	27.65	
406.817	-13.31	
407.027	27.65	
407.238	44.03	
407.449	11.26	
407.66	5.12	
407.871	11.26	
408.081	70.65	
408.292	-46.08	
408.503	15.36	
408.714	-44.03	
408.924	-117.76	
409.135	52.22	
409.346	-37.89	
409.556	64.51	
409.767	76.8	
409.978	60.42	
410.188	56.32	
410.399	-29.7	
410.61	23.55	
410.82	46.08	
411.031	21.5	
411.242	-11.26	
411.452	39.94	
411.663	-78.85	
411.873	48.13	
412.084	95.23	
412.295	-44.03	
412.505	-105.47	
412.716	31.74	
412.926	25.6	
413.137	-15.36	
413.347	-3.07	
413.558	29.7	
413.768	-25.6	
413.979	76.8	
414.189	80.89	
414.399	101.37	
414.61	68.61	
414.82	-50.18	
415.031	-29.7	
415.241	48.13	
415.451	-27.65	
415.662	-3.07	
415.872	-3.07	
416.083	5.12	
416.293	-68.61	
416.503	35.84	
416.714	50.18	
416.924	-29.7	
417.134	58.37	
417.344	44.03	
417.555	25.6	
417.765	-7.17	
417.975	29.7	
418.186	99.33	
418.396	74.75	
418.606	-80.89	
418.816	117.76	
419.026	-25.6	
419.237	37.89	
419.447	41.98	
419.657	44.03	
419.867	46.08	
420.077	21.5	
420.287	117.76	
420.497	7.17	
420.708	33.79	
420.918	-7.17	
421.128	33.79	
421.338	25.6	
421.548	41.98	
421.758	-52.22	
421.968	64.51	
422.178	76.8	
422.388	-107.52	
422.598	-50.18	
422.808	-25.6	
423.018	99.33	
423.228	5.12	
423.438	23.55	
423.648	19.46	
423.858	84.99	
424.068	-21.5	
424.278	-60.42	
424.488	9.22	
424.698	113.66	
424.907	11.26	
425.117	-54.27	
425.327	-31.74	
425.537	41.98	
425.747	44.03	
425.957	5.12	
426.167	82.94	
426.376	101.37	
426.586	-105.47	
426.796	-17.41	
427.006	19.46	
427.216	11.26	
427.425	-9.22	
427.635	23.55	
427.845	66.56	
428.054	50.18	
428.264	13.31	
428.474	-1.02	
428.684	48.13	
428.893	-50.18	
429.103	39.94	
429.313	9.22	
429.522	37.89	
429.732	54.27	
429.941	76.8	
430.151	17.41	
430.361	91.13	
430.57	31.74	
430.78	76.8	
430.989	-1.02	
431.199	41.98	
431.409	-15.36	
431.618	-62.46	
431.828	21.5	
432.037	-56.32	
432.247	-9.22	
432.456	3.07	
432.666	48.13	
432.875	152.57	
433.084	17.41	
433.294	31.74	
433.503	50.18	
433.713	5.12	
433.922	99.33	
434.132	-35.84	
434.341	21.5	
434.55	64.51	
434.76	-37.89	
434.969	19.46	
435.178	-66.56	
435.388	58.37	
435.597	15.36	
435.806	56.32	
436.016	41.98	
436.225	11.26	
436.434	87.04	
436.643	41.98	
436.853	19.46	
437.062	29.7	
437.271	-44.03	
437.48	-25.6	
437.69	-62.46	
437.899	-13.31	
438.108	132.09	
438.317	13.31	
438.526	13.31	
438.735	150.53	
438.945	27.65	
439.154	109.57	
439.363	-13.31	
439.572	5.12	
439.781	-31.74	
439.99	3.07	
440.199	68.61	
440.408	-37.89	
440.617	80.89	
440.826	39.94	
441.035	-11.26	
441.244	44.03	
441.453	-54.27	
441.662	-48.13	
441.871	78.85	
442.08	-25.6	
442.289	5.12	
442.498	-5.12	
442.707	78.85	
442.916	109.57	
443.125	56.32	
443.334	-17.41	
443.543	52.22	
443.752	23.55	
443.961	19.46	
444.169	91.13	
444.378	-46.08	
444.587	-3.07	
444.796	70.65	
445.005	62.46	
445.213	25.6	
445.422	156.67	
445.631	11.26	
445.84	23.55	
446.049	101.37	
446.257	-76.8	
446.466	15.36	
446.675	5.12	
446.883	64.51	
447.092	66.56	
447.301	130.05	
447.51	146.43	
447.718	31.74	
447.927	-60.42	
448.135	91.13	
448.344	60.42	
448.553	31.74	
448.761	68.61	
448.97	74.75	
449.179	-64.51	
449.387	17.41	
449.596	37.89	
449.804	-41.98	
450.013	119.81	
450.221	-41.98	
450.43	11.26	
450.638	93.18	
450.847	-5.12	
451.055	62.46	
451.264	-19.46	
451.472	82.94	
451.681	54.27	
451.889	48.13	
452.097	87.04	
452.306	46.08	
452.514	-11.26	
452.723	41.98	
452.931	72.7	
453.139	125.95	
453.348	17.41	
453.556	7.17	
453.764	91.13	
453.973	-21.5	
454.181	-52.22	
454.389	128	
454.598	48.13	
454.806	-27.65	
455.014	11.26	
455.222	-21.5	
455.431	93.18	
455.639	60.42	
455.847	11.26	
456.055	54.27	
456.264	13.31	
456.472	52.22	
456.68	-60.42	
456.888	37.89	
457.096	142.33	
457.304	54.27	
457.512	-29.7	
457.721	-15.36	
457.929	-3.07	
458.137	158.72	
458.345	128	
458.553	41.98	
458.761	7.17	
458.969	1.02	
459.177	70.65	
459.385	-60.42	
459.593	21.5	
459.801	3.07	
460.009	9.22	
460.217	-29.7	
460.425	46.08	
460.633	130.05	
460.841	76.8	
461.049	76.8	
461.257	39.94	
461.465	-33.79	
461.673	56.32	
461.88	48.13	
462.088	25.6	
462.296	82.94	
462.504	-39.94	
462.712	-1.02	
462.92	29.7	
463.127	68.61	
463.335	-9.22	
463.543	19.46	
463.751	-1.02	
463.959	84.99	
464.166	21.5	
464.374	74.75	
464.582	33.79	
464.79	109.57	
464.997	74.75	
465.205	80.89	
465.413	-54.27	
465.62	-21.5	
465.828	-3.07	
466.036	3.07	
466.243	80.89	
466.451	115.71	
466.658	7.17	
466.866	35.84	
467.074	-5.12	
467.281	19.46	
467.489	66.56	
467.696	7.17	
467.904	56.32	
468.111	41.98	
468.319	105.47	
468.527	3.07	
468.734	13.31	
468.942	39.94	
469.149	11.26	
469.356	-1.02	
469.564	99.33	
469.771	134.14	
469.979	254.97	
470.186	306.17	
470.394	297.98	
470.601	273.4	
470.808	211.96	
471.016	84.99	
471.223	226.3	
471.43	293.88	
471.638	242.68	
471.845	171.01	
472.052	209.92	
472.26	66.56	
472.467	99.33	
472.674	82.94	
472.882	56.32	
473.089	117.76	
473.296	-1.02	
473.503	7.17	
473.711	56.32	
473.918	7.17	
474.125	48.13	
474.332	109.57	
474.539	140.29	
474.746	93.18	
474.954	95.23	
475.161	41.98	
475.368	171.01	
475.575	-3.07	
475.782	72.7	
475.989	121.85	
476.196	128	
476.403	44.03	
476.61	-52.22	
476.817	25.6	
477.024	-11.26	
477.231	-11.26	
477.438	70.65	
477.645	-17.41	
477.852	166.91	
478.059	199.68	
478.266	138.24	
478.473	162.81	
478.68	158.72	
478.887	134.14	
479.094	52.22	
479.301	101.37	
479.508	39.94	
479.715	66.56	
479.922	91.13	
480.129	84.99	
480.335	113.66	
480.542	115.71	
480.749	62.46	
480.956	119.81	
481.163	105.47	
481.369	207.87	
481.576	97.28	
481.783	150.53	
481.99	105.47	
482.196	146.43	
482.403	41.98	
482.61	119.81	
482.817	185.34	
483.023	130.05	
483.23	146.43	
483.437	146.43	
483.643	72.7	
483.85	115.71	
484.057	154.62	
484.263	50.18	
484.47	134.14	
484.676	107.52	
484.883	132.09	
485.09	246.78	
485.296	162.81	
485.503	181.25	
485.709	101.37	
485.916	113.66	
486.122	160.77	
486.329	179.2	
486.535	-1.02	
486.742	60.42	
486.948	117.76	
487.155	13.31	
487.361	99.33	
487.567	130.05	
487.774	44.03	
487.98	109.57	
488.187	136.19	
488.393	207.87	
488.599	125.95	
488.806	74.75	
489.012	37.89	
489.219	95.23	
489.425	121.85	
489.631	44.03	
489.837	48.13	
490.044	113.66	
490.25	11.26	
490.456	25.6	
490.663	76.8	
490.869	64.51	
491.075	93.18	
491.281	103.42	
491.487	41.98	
491.694	39.94	
491.9	101.37	
492.106	130.05	
492.312	-11.26	
492.518	54.27	
492.724	80.89	
492.931	-1.02	
493.137	64.51	
493.343	35.84	
493.549	187.39	
493.755	123.9	
493.961	89.09	
494.167	-13.31	
494.373	82.94	
494.579	89.09	
494.785	35.84	
494.991	87.04	
495.197	148.48	
495.403	58.37	
495.609	130.05	
495.815	80.89	
496.021	150.53	
496.227	56.32	
496.433	44.03	
496.639	11.26	
496.845	117.76	
497.05	191.49	
497.256	134.14	
497.462	58.37	
497.668	60.42	
497.874	72.7	
498.08	130.05	
498.286	60.42	
498.491	115.71	
498.697	101.37	
498.903	-9.22	
499.109	74.75	
499.314	64.51	
499.52	115.71	
499.726	95.23	
499.932	60.42	
500.137	97.28	
500.343	60.42	
500.549	35.84	
500.754	-19.46	
500.96	175.1	
501.166	103.42	
501.371	33.79	
501.577	89.09	
501.782	27.65	
501.988	146.43	
502.194	97.28	
502.399	291.84	
502.605	482.3	
502.81	547.83	
503.016	736.24	
503.221	863.22	
503.427	766.96	
503.632	594.93	
503.838	445.43	
504.043	494.58	
504.249	349.18	
504.454	289.79	
504.66	207.87	
504.865	261.12	
505.071	347.13	
505.276	242.68	
505.481	232.44	
505.687	160.77	
505.892	230.4	
506.097	156.67	
506.303	142.33	
506.508	97.28	
506.713	246.78	
506.919	402.43	
507.124	455.67	
507.329	572.41	
507.535	535.54	
507.74	531.45	
507.945	406.52	
508.15	330.75	
508.356	267.26	
508.561	240.64	
508.766	250.88	
508.971	164.86	
509.176	275.45	
509.381	240.64	
509.587	250.88	
509.792	226.3	
509.997	238.59	
510.202	226.3	
510.407	400.38	
510.612	553.98	
510.817	658.42	
511.022	752.63	
511.227	848.88	
511.432	594.93	
511.637	648.18	
511.842	453.63	
512.047	521.21	
512.252	269.31	
512.457	390.14	
512.662	310.27	
512.867	199.68	
513.072	240.64	
513.277	355.32	
513.482	441.34	
513.687	521.21	
513.892	613.37	
514.097	513.02	
514.302	455.67	
514.507	373.75	
514.711	463.86	
514.916	312.32	
515.121	355.32	
515.326	340.99	
515.531	265.21	
515.735	238.59	
515.94	240.64	
516.145	121.85	
516.35	175.1	
516.554	130.05	
516.759	183.29	
516.964	175.1	
517.169	175.1	
517.373	195.58	
517.578	191.49	
517.783	209.92	
517.987	275.45	
518.192	314.36	
518.396	476.15	
518.601	363.51	
518.806	482.3	
519.01	353.27	
519.215	367.61	
519.419	470.01	
519.624	474.1	
519.829	461.82	
520.033	494.58	
520.238	609.27	
520.442	492.54	
520.647	553.98	
520.851	410.62	
521.055	377.85	
521.26	400.38	
521.464	402.43	
521.669	316.41	
521.873	234.49	
522.078	203.77	
522.282	150.53	
522.486	175.1	
522.691	173.05	
522.895	162.81	
523.099	134.14	
523.304	113.66	
523.508	115.71	
523.712	27.65	
523.917	37.89	
524.121	56.32	
524.325	60.42	
524.53	68.61	
524.734	60.42	
524.938	132.09	
525.142	44.03	
525.346	76.8	
525.551	-29.7	
525.755	109.57	
525.959	1.02	
526.163	64.51	
526.367	11.26	
526.571	82.94	
526.776	132.09	
526.98	95.23	
527.184	111.61	
527.388	80.89	
527.592	95.23	
527.796	35.84	
528	107.52	
528.204	109.57	
528.408	84.99	
528.612	84.99	
528.816	150.53	
529.02	226.3	
529.224	191.49	
529.428	140.29	
529.632	252.92	
529.836	195.58	
530.04	173.05	
530.244	273.4	
530.448	171.01	
530.652	146.43	
530.855	29.7	
531.059	150.53	
531.263	93.18	
531.467	203.77	
531.671	277.5	
531.875	775.16	
532.078	1215.47	
532.282	1594.34	
532.486	1874.92	
532.69	1854.44	
532.893	1909.73	
533.097	2210.78	
533.301	2280.41	
533.505	2505.69	
533.708	2460.63	
533.912	2180.06	
534.116	1633.26	
534.319	1215.47	
534.523	1145.84	
534.727	1018.86	
534.93	943.09	
535.134	881.65	
535.338	797.68	
535.541	639.99	
535.745	521.21	
535.948	599.03	
536.152	527.35	
536.355	355.32	
536.559	254.97	
536.762	363.51	
536.966	248.83	
537.169	95.23	
537.373	78.85	
537.576	119.81	
537.78	121.85	
537.983	117.76	
538.187	132.09	
538.39	220.16	
538.593	289.79	
538.797	1018.86	
539	1668.07	
539.204	2540.51	
539.407	2614.23	
539.61	2765.78	
539.814	2151.39	
540.017	1672.17	
540.22	1139.69	
540.424	1000.43	
540.627	879.6	
540.83	781.3	
541.033	764.92	
541.237	670.71	
541.44	652.28	
541.643	617.46	
541.846	547.83	
542.049	470.01	
542.253	379.9	
542.456	349.18	
542.659	297.98	
542.862	381.95	
543.065	275.45	
543.268	347.13	
543.471	293.88	
543.674	242.68	
543.878	254.97	
544.081	224.25	
544.284	216.06	
544.487	203.77	
544.69	191.49	
544.893	306.17	
545.096	367.61	
545.299	246.78	
545.502	187.39	
545.705	154.62	
545.908	191.49	
546.111	220.16	
546.314	146.43	
546.516	89.09	
546.719	80.89	
546.922	185.34	
547.125	138.24	
547.328	248.83	
547.531	205.82	
547.734	226.3	
547.936	185.34	
548.139	154.62	
548.342	281.6	
548.545	130.05	
548.748	144.38	
548.95	214.01	
549.153	19.46	
549.356	175.1	
549.559	183.29	
549.761	13.31	
549.964	87.04	
550.167	125.95	
550.369	113.66	
550.572	60.42	
550.775	177.15	
550.977	60.42	
551.18	109.57	
551.383	121.85	
551.585	142.33	
551.788	117.76	
551.99	95.23	
552.193	142.33	
552.396	175.1	
552.598	113.66	
552.801	125.95	
553.003	156.67	
553.206	109.57	
553.408	179.2	
553.611	132.09	
553.813	89.09	
554.015	39.94	
554.218	119.81	
554.42	162.81	
554.623	103.42	
554.825	193.53	
555.027	189.44	
555.23	359.42	
555.432	416.76	
555.635	506.87	
555.837	474.1	
556.039	412.67	
556.242	400.38	
556.444	283.64	
556.646	285.69	
556.848	197.63	
557.051	193.53	
557.253	158.72	
557.455	189.44	
557.657	154.62	
557.86	240.64	
558.062	232.44	
558.264	228.35	
558.466	142.33	
558.668	128	
558.87	105.47	
559.073	218.11	
559.275	154.62	
559.477	105.47	
559.679	168.96	
559.881	211.96	
560.083	193.53	
560.285	41.98	
560.487	125.95	
560.689	128	
560.891	175.1	
561.093	189.44	
561.295	168.96	
561.497	142.33	
561.699	207.87	
561.901	119.81	
562.103	146.43	
562.305	142.33	
562.507	191.49	
562.709	13.31	
562.911	138.24	
563.113	238.59	
563.314	226.3	
563.516	105.47	
563.718	207.87	
563.92	207.87	
564.122	293.88	
564.323	365.56	
564.525	639.99	
564.727	746.48	
564.929	1086.45	
565.131	1059.82	
565.332	998.38	
565.534	857.07	
565.736	646.13	
565.937	535.54	
566.139	541.69	
566.341	490.49	
566.542	349.18	
566.744	390.14	
566.946	435.19	
567.147	445.43	
567.349	291.84	
567.551	340.99	
567.752	439.29	
567.954	578.55	
568.155	642.04	
568.357	734.2	
568.558	541.69	
568.76	664.57	
568.961	541.69	
569.163	381.95	
569.364	257.02	
569.566	291.84	
569.767	312.32	
569.969	340.99	
570.17	363.51	
570.372	271.36	
570.573	371.71	
570.774	549.88	
570.976	566.26	
571.177	687.09	
571.378	709.62	
571.58	592.89	
571.781	492.54	
571.982	498.68	
572.184	377.85	
572.385	297.98	
572.586	373.75	
572.788	316.41	
572.989	373.75	
573.19	392.19	
573.391	488.44	
573.592	838.64	
573.794	1139.69	
573.995	1448.94	
574.196	1598.44	
574.397	1520.62	
574.598	1262.57	
574.799	1102.83	
575.001	1649.64	
575.202	3062.74	
575.403	4527.03	
575.604	5647.27	
575.805	6513.56	
576.006	5925.8	
576.207	4701.11	
576.408	3718.09	
576.609	2536.41	
576.81	1846.24	
577.011	1618.92	
577.212	1504.23	
577.413	1395.69	
577.614	1311.72	
577.815	1072.11	
578.016	1119.21	
578.217	1172.46	
578.418	990.19	
578.619	943.09	
578.819	953.33	
579.02	963.57	
579.221	1184.75	
579.422	1377.26	
579.623	1567.72	
579.824	1643.49	
580.024	1547.24	
580.225	1414.12	
580.426	1403.88	
580.627	1766.37	
580.827	2563.03	
581.028	3382.22	
581.229	3953.6	
581.43	4056	
581.63	3847.11	
581.831	3269.58	
582.032	2536.41	
582.232	2069.47	
582.433	1672.17	
582.634	1469.42	
582.834	1446.89	
583.035	1561.58	
583.235	1817.57	
583.436	2581.46	
583.636	7936.9	
583.837	33024.52	
584.038	64329.77	
584.238	64329.77	
584.439	64329.77	
584.639	64329.77	
584.84	64329.77	
585.04	64329.77	
585.241	64329.77	
585.441	64329.77	
585.641	64329.77	
585.842	64329.77	
586.042	64329.77	
586.243	64329.77	
586.443	64329.77	
586.643	64329.77	
586.844	64329.77	
587.044	64329.77	
587.244	64329.77	
587.445	64026.67	
587.645	54235.33	
587.845	45240.65	
588.046	33681.92	
588.246	22968.99	
588.446	16352.01	
588.646	13105.98	
588.847	11940.68	
589.047	11240.28	
589.247	11283.28	
589.447	11123.54	
589.647	10955.61	
589.847	10072.93	
590.048	8393.6	
590.248	6482.85	
590.448	4838.33	
590.648	3781.57	
590.848	3042.26	
591.048	2665.43	
591.248	2376.67	
591.448	2087.9	
591.648	1915.87	
591.848	1557.48	
592.048	1391.59	
592.248	1403.88	
592.448	1381.35	
592.648	1864.68	
592.848	4103.11	
593.048	16046.86	
593.248	39276.97	
593.448	61618.26	
593.648	64329.77	
593.848	64329.77	
594.048	64329.77	
594.248	64329.77	
594.447	64329.77	
594.647	42697.08	
594.847	24392.33	
595.047	20136.65	
595.247	18426.6	
595.447	16831.23	
595.646	15657.75	
595.846	14916.38	
596.046	15305.49	
596.246	18555.62	
596.445	21836.47	
596.645	24994.43	
596.845	26118.77	
597.044	25008.77	
597.244	20484.81	
597.444	15180.57	
597.643	10703.71	
597.843	8416.13	
598.043	7353.23	
598.242	6568.86	
598.442	5823.4	
598.641	5344.17	
598.841	4688.82	
599.041	4041.67	
599.24	3494.86	
599.44	3013.59	
599.639	2149.34	
599.839	1842.15	
600.038	1393.64	
600.238	1272.81	
600.437	1043.44	
600.637	957.43	
600.836	1029.1	
601.035	912.37	
601.235	1219.57	
601.434	2528.22	
601.634	7351.18	
601.833	14078.76	
602.032	20726.47	
602.232	24949.38	
602.431	26305.13	
602.63	23118.5	
602.83	17703.67	
603.029	12651.33	
603.228	8891.26	
603.427	7224.21	
603.627	6153.12	
603.826	5573.55	
604.025	4932.53	
604.224	4504.51	
604.424	4086.72	
604.623	3650.5	
604.822	3093.46	
605.021	2511.83	
605.22	1883.11	
605.419	1557.48	
605.618	2010.08	
605.818	5266.35	
606.017	18954.97	
606.216	42066.3	
606.415	63856.69	
606.614	64329.77	
606.813	64329.77	
607.012	64329.77	
607.211	64329.77	
607.41	64329.77	
607.609	45312.33	
607.808	26499.69	
608.007	26366.57	
608.206	42557.81	
608.405	64329.77	
608.604	64329.77	
608.802	64329.77	
609.001	64329.77	
609.2	64329.77	
609.399	64329.77	
609.598	64329.77	
609.797	64329.77	
609.996	64329.77	
610.194	64329.77	
610.393	58826.88	
610.592	33176.07	
610.791	17908.46	
610.99	16706.31	
611.188	14197.54	
611.387	12204.87	
611.586	10337.12	
611.784	8551.29	
611.983	7515.02	
612.182	7060.37	
612.38	6736.79	
612.579	8135.56	
612.778	22123.18	
612.976	60964.96	
613.175	64329.77	
613.374	64329.77	
613.572	64329.77	
613.771	64329.77	
613.969	64329.77	
614.168	64329.77	
614.366	64329.77	
614.565	64329.77	
614.763	64329.77	
614.962	64329.77	
615.16	64329.77	
615.359	64329.77	
615.557	64329.77	
615.756	64329.77	
615.954	64329.77	
616.153	64329.77	
616.351	64329.77	
616.549	64329.77	
616.748	64329.77	
616.946	64329.77	
617.144	64329.77	
617.343	50796.79	
617.541	19127	
617.739	9186.16	
617.938	7840.65	
618.136	6468.51	
618.334	4959.16	
618.532	3423.18	
618.731	2487.26	
618.929	1979.36	
619.127	1666.02	
619.325	1498.09	
619.523	1514.47	
619.722	1575.91	
619.92	2018.27	
620.118	4236.22	
620.316	12102.47	
620.514	24996.48	
620.712	37439.94	
620.91	46811.45	
621.108	49824.01	
621.306	46487.87	
621.505	36082.14	
621.703	26503.79	
621.901	18817.76	
622.099	14289.7	
622.297	11629.39	
622.495	10027.88	
622.693	8555.39	
622.89	7793.55	
623.088	6980.5	
623.286	6140.83	
623.484	5139.38	
623.682	3847.11	
623.88	3087.31	
624.078	2235.36	
624.276	1922.02	
624.474	1717.22	
624.671	1799.14	
624.869	2577.37	
625.067	7322.51	
625.265	24593.03	
625.463	48496.92	
625.66	64329.77	
625.858	64329.77	
626.056	64329.77	
626.254	64329.77	
626.451	64329.77	
626.649	64329.77	
626.847	45304.14	
627.044	26307.18	
627.242	20746.95	
627.44	17875.7	
627.637	15866.64	
627.835	14023.47	
628.032	12481.35	
628.23	10646.37	
628.428	8407.94	
628.625	6579.1	
628.823	5847.97	
629.02	10943.32	
629.218	21789.36	
629.415	32735.76	
629.613	42656.12	
629.81	48068.9	
630.008	45640.01	
630.205	37667.27	
630.403	27949.65	
630.6	19927.76	
630.797	15325.97	
630.995	12311.36	
631.192	10664.8	
631.39	9661.29	
631.587	9829.23	
631.784	14347.05	
631.982	37902.78	
632.179	64329.77	
632.376	64329.77	
632.574	64329.77	
632.771	64329.77	
632.968	64329.77	
633.165	64329.77	
633.363	64329.77	
633.56	64329.77	
633.757	64329.77	
633.954	64329.77	
634.151	64329.77	
634.349	64329.77	
634.546	64329.77	
634.743	64329.77	
634.94	64329.77	
635.137	64329.77	
635.334	64329.77	
635.531	35875.29	
635.728	6095.78	
635.925	4121.54	
636.122	3261.39	
636.319	3044.31	
636.516	4303.81	
636.713	12802.88	
636.91	39721.38	
637.107	64329.77	
637.304	64329.77	
637.501	64329.77	
637.698	64329.77	
637.895	64329.77	
638.092	64329.77	
638.289	64329.77	
638.486	64329.77	
638.683	64329.77	
638.88	64329.77	
639.076	64329.77	
639.273	64329.77	
639.47	64329.77	
639.667	64329.77	
639.864	64329.77	
640.06	64329.77	
640.257	64329.77	
640.454	64329.77	
640.651	64329.77	
640.847	64329.77	
641.044	64329.77	
641.241	64329.77	
641.437	64329.77	
641.634	64329.77	
641.831	64329.77	
642.027	64329.77	
642.224	64329.77	
642.421	64329.77	
642.617	64329.77	
642.814	64329.77	
643.01	64329.77	
643.207	64329.77	
643.403	64329.77	
643.6	64329.77	
643.796	64329.77	
643.993	64329.77	
644.189	64329.77	
644.386	64329.77	
644.582	64329.77	
644.779	64329.77	
644.975	64329.77	
645.172	64329.77	
645.368	64329.77	
645.564	64329.77	
645.761	64329.77	
645.957	64329.77	
646.153	64329.77	
646.35	64329.77	
646.546	64329.77	
646.742	64329.77	
646.939	64329.77	
647.135	64329.77	
647.331	64329.77	
647.527	64329.77	
647.724	64329.77	
647.92	64329.77	
648.116	64329.77	
648.312	64329.77	
648.509	2012.13	
648.705	5741.48	
648.901	5266.35	
649.097	21947.06	
649.293	64262.19	
649.489	64329.77	
649.685	64329.77	
649.881	64329.77	
650.077	64329.77	
650.274	64329.77	
650.47	64329.77	
650.666	64329.77	
650.862	64329.77	
651.058	64329.77	
651.254	64329.77	
651.45	64329.77	
651.645	64329.77	
651.841	64329.77	
652.037	64329.77	
652.233	64329.77	
652.429	64329.77	
652.625	64329.77	
652.821	64329.77	
653.017	64329.77	
653.213	64329.77	
653.408	64329.77	
653.604	64329.77	
653.8	64329.77	
653.996	64329.77	
654.192	64329.77	
654.387	38769.07	
654.583	9927.53	
654.779	7316.37	
654.975	5942.18	
655.17	4053.95	
655.366	2984.91	
655.562	1993.7	
655.757	1489.9	
655.953	1051.63	
656.149	986.1	
656.344	807.92	
656.54	863.22	
656.735	805.88	
656.931	738.29	
657.127	764.92	
657.322	719.86	
657.518	762.87	
657.713	793.59	
657.909	953.33	
658.104	1723.37	
658.3	6249.38	
658.495	19686.1	
658.691	38482.36	
658.886	56508.58	
659.082	64329.77	
659.277	64329.77	
659.472	64329.77	
659.668	59132.03	
659.863	41908.61	
660.059	30200.37	
660.254	23317.15	
660.449	18608.87	
660.644	15213.34	
660.84	12706.62	
661.035	11002.71	
661.23	9499.5	
661.426	7691.15	
661.621	6050.72	
661.816	4412.35	
662.011	3023.83	
662.207	2243.55	
662.402	1620.97	
662.597	1383.4	
662.792	1088.5	
662.987	871.41	
663.182	801.78	
663.377	744.44	
663.573	711.67	
663.768	736.24	
663.963	824.31	
664.158	990.19	
664.353	1051.63	
664.548	1045.49	
664.743	1154.03	
664.938	994.29	
665.133	984.05	
665.328	1043.44	
665.523	1068.02	
665.718	1192.94	
665.913	1799.14	
666.108	4635.58	
666.303	18995.93	
666.498	49400.08	
666.692	64329.77	
666.887	64329.77	
667.082	64329.77	
667.277	64329.77	
667.472	64329.77	
667.667	64329.77	
667.861	64329.77	
668.056	64329.77	
668.251	64329.77	
668.446	64329.77	
668.64	64329.77	
668.835	64329.77	
669.03	42156.41	
669.225	19051.23	
669.419	13278.01	
669.614	9689.96	
669.809	6837.14	
670.003	6683.55	
670.198	15301.4	
670.393	34028.02	
670.587	53289.17	
670.782	64329.77	
670.976	64329.77	
671.171	64329.77	
671.365	64329.77	
671.56	64329.77	
671.754	51351.79	
671.949	31377.95	
672.143	23870.1	
672.338	19608.28	
672.532	16315.14	
672.727	13824.81	
672.921	11660.11	
673.116	9849.71	
673.31	7934.85	
673.504	5630.89	
673.699	3875.78	
673.893	2425.82	
674.088	1561.58	
674.282	1135.6	
674.476	850.93	
674.67	752.63	
674.865	609.27	
675.059	455.67	
675.253	465.91	
675.448	492.54	
675.642	379.9	
675.836	402.43	
676.03	441.34	
676.224	515.06	
676.419	371.71	
676.613	375.8	
676.807	310.27	
677.001	424.95	
677.195	437.24	
677.389	330.75	
677.583	224.25	
677.777	388.09	
677.972	312.32	
678.166	291.84	
678.36	316.41	
678.554	363.51	
678.748	318.46	
678.942	293.88	
679.136	431.1	
679.33	355.32	
679.524	357.37	
679.717	375.8	
679.911	353.27	
680.105	369.66	
680.299	398.33	
680.493	340.99	
680.687	367.61	
680.881	330.75	
681.075	308.22	
681.268	365.56	
681.462	209.92	
681.656	275.45	
681.85	363.51	
682.044	310.27	
682.237	400.38	
682.431	336.89	
682.625	324.6	
682.819	326.65	
683.012	302.08	
683.206	340.99	
683.4	293.88	
683.593	363.51	
683.787	365.56	
683.981	377.85	
684.174	300.03	
684.368	281.6	
684.561	316.41	
684.755	271.36	
684.948	285.69	
685.142	347.13	
685.335	244.73	
685.529	343.03	
685.722	369.66	
685.916	222.2	
686.109	355.32	
686.303	295.93	
686.496	357.37	
686.69	381.95	
686.883	386.04	
687.077	453.63	
687.27	549.88	
687.463	685.05	
687.657	664.57	
687.85	642.04	
688.043	635.89	
688.237	588.79	
688.43	578.55	
688.623	478.2	
688.816	537.59	
689.01	533.5	
689.203	463.86	
689.396	574.46	
689.589	480.25	
689.783	445.43	
689.976	467.96	
690.169	502.78	
690.362	472.06	
690.555	566.26	
690.748	654.33	
690.941	971.76	
691.135	2173.92	
691.328	9368.43	
691.521	31224.36	
691.714	60700.77	
691.907	64329.77	
692.1	64329.77	
692.293	64329.77	
692.486	64329.77	
692.679	64329.77	
692.872	64329.77	
693.065	64329.77	
693.258	64329.77	
693.451	64329.77	
693.644	64329.77	
693.836	51751.15	
694.029	21369.53	
694.222	16505.6	
694.415	13638.45	
694.608	10861.4	
694.801	7418.77	
694.993	4830.13	
695.186	2829.27	
695.379	1872.87	
695.572	1281	
695.765	959.47	
695.957	846.84	
696.15	596.98	
696.343	556.02	
696.535	457.72	
696.728	461.82	
696.921	349.18	
697.113	482.3	
697.306	529.4	
697.499	599.03	
697.691	777.2	
697.884	938.99	
698.076	953.33	
698.269	943.09	
698.462	1084.4	
698.654	672.76	
698.847	670.71	
699.039	588.79	
699.232	453.63	
699.424	498.68	
699.617	672.76	
699.809	467.96	
700.001	605.17	
700.194	519.16	
700.386	535.54	
700.579	732.15	
700.771	1303.53	
700.963	3197.9	
701.156	5680.04	
701.348	9112.44	
701.54	17255.16	
701.733	41585.03	
701.925	64329.77	
702.117	64329.77	
702.309	64329.77	
702.502	64329.77	
702.694	64329.77	
702.886	64329.77	
703.078	64329.77	
703.271	64329.77	
703.463	64329.77	
703.655	64329.77	
703.847	64329.77	
704.039	64329.77	
704.231	64329.77	
704.423	64329.77	
704.615	64329.77	
704.808	64329.77	
705	64329.77	
705.192	64329.77	
705.384	64329.77	
705.576	64329.77	
705.768	37390.79	
705.96	3587.02	
706.152	2214.88	
706.344	1616.87	
706.536	1557.48	
706.727	1192.94	
706.919	1002.48	
707.111	863.22	
707.303	740.34	
707.495	664.57	
707.687	506.87	
707.879	478.2	
708.071	334.84	
708.262	447.48	
708.454	357.37	
708.646	443.39	
708.838	379.9	
709.029	310.27	
709.221	226.3	
709.413	345.08	
709.605	211.96	
709.796	347.13	
709.988	373.75	
710.18	273.4	
710.371	453.63	
710.563	343.03	
710.755	328.7	
710.946	318.46	
711.138	316.41	
711.329	320.51	
711.521	257.02	
711.712	257.02	
711.904	271.36	
712.095	375.8	
712.287	275.45	
712.478	328.7	
712.67	304.12	
712.861	340.99	
713.053	351.23	
713.244	199.68	
713.436	287.74	
713.627	230.4	
713.818	211.96	
714.01	310.27	
714.201	338.94	
714.393	271.36	
714.584	353.27	
714.775	314.36	
714.966	310.27	
715.158	408.57	
715.349	316.41	
715.54	568.31	
715.732	1782.76	
715.923	6138.79	
716.114	13175.61	
716.305	20452.04	
716.496	26890.85	
716.688	30161.46	
716.879	28861	
717.07	24750.73	
717.261	19503.83	
717.452	14840.61	
717.643	11553.62	
717.834	9227.12	
718.025	7435.15	
718.216	6298.53	
718.407	5188.53	
718.598	4590.52	
718.789	3840.97	
718.98	3322.83	
719.171	2591.7	
719.362	1952.74	
719.553	1403.88	
719.744	1039.34	
719.935	711.67	
720.126	480.25	
720.317	345.08	
720.508	377.85	
720.699	302.08	
720.889	332.79	
721.08	330.75	
721.271	334.84	
721.462	279.55	
721.653	314.36	
721.843	310.27	
722.034	338.94	
722.225	470.01	
722.416	605.17	
722.606	973.81	
722.797	3267.53	
722.988	12641.09	
723.178	30974.5	
723.369	50520.32	
723.56	64329.77	
723.75	64329.77	
723.941	64329.77	
724.132	64329.77	
724.322	64329.77	
724.513	54141.13	
724.703	35035.63	
724.894	27597.4	
725.084	22563.5	
725.275	18739.94	
725.465	15895.31	
725.656	13226.81	
725.846	11201.37	
726.037	9683.82	
726.227	7488.4	
726.417	5313.45	
726.608	3503.05	
726.798	2104.29	
726.989	1395.69	
727.179	904.18	
727.369	709.62	
727.56	404.47	
727.75	340.99	
727.94	297.98	
728.131	306.17	
728.321	146.43	
728.511	185.34	
728.701	244.73	
728.892	246.78	
729.082	205.82	
729.272	166.91	
729.462	207.87	
729.652	152.57	
729.842	142.33	
730.033	189.44	
730.223	93.18	
730.413	183.29	
730.603	162.81	
730.793	144.38	
730.983	150.53	
731.173	220.16	
731.363	226.3	
731.553	142.33	
731.743	228.35	
731.933	128	
732.123	144.38	
732.313	82.94	
732.503	138.24	
732.693	123.9	
732.883	138.24	
733.073	80.89	
733.263	87.04	
733.452	197.63	
733.642	60.42	
733.832	138.24	
734.022	173.05	
734.212	136.19	
734.402	111.61	
734.591	138.24	
734.781	209.92	
734.971	140.29	
735.161	97.28	
735.35	128	
735.54	250.88	
735.73	220.16	
735.919	93.18	
736.109	56.32	
736.299	211.96	
736.488	146.43	
736.678	95.23	
736.867	171.01	
737.057	171.01	
737.247	97.28	
737.436	95.23	
737.626	205.82	
737.815	95.23	
738.005	74.75	
738.194	148.48	
738.384	74.75	
738.573	130.05	
738.763	103.42	
738.952	197.63	
739.141	78.85	
739.331	154.62	
739.52	111.61	
739.71	177.15	
739.899	191.49	
740.088	158.72	
740.278	31.74	
740.467	64.51	
740.656	78.85	
740.846	119.81	
741.035	156.67	
741.224	173.05	
741.413	84.99	
741.603	87.04	
741.792	117.76	
741.981	228.35	
742.17	996.34	
742.359	3582.92	
742.548	8354.69	
742.738	13413.17	
742.927	18653.92	
743.116	22055.6	
743.305	22639.27	
743.494	19903.18	
743.683	16339.72	
743.872	12587.84	
744.061	9456.5	
744.25	7830.41	
744.439	6259.62	
744.628	5200.82	
744.817	4400.06	
745.006	3746.76	
745.195	3156.94	
745.384	2829.27	
745.573	2434.01	
745.762	1889.25	
745.951	1508.33	
746.139	1125.36	
746.328	932.85	
746.517	873.46	
746.706	773.11	
746.895	506.87	
747.084	506.87	
747.272	943.09	
747.461	1969.12	
747.65	3449.8	
747.839	4643.77	
748.027	5645.23	
748.216	6269.86	
748.405	6157.22	
748.593	4823.99	
748.782	3886.02	
748.971	3023.83	
749.159	2397.15	
749.348	1997.79	
749.536	1653.73	
749.725	1405.93	
749.914	1151.98	
750.102	1100.78	
750.291	881.65	
750.479	703.48	
750.668	635.89	
750.856	379.9	
751.045	365.56	
751.233	248.83	
751.421	205.82	
751.61	199.68	
751.798	226.3	
751.987	660.47	
752.175	1672.17	
752.363	2935.76	
752.552	4080.58	
752.74	5120.95	
752.928	5481.39	
753.117	5786.54	
753.305	5526.44	
753.493	4969.4	
753.682	4565.95	
753.87	4008.9	
754.058	3355.6	
754.246	2679.77	
754.434	2259.93	
754.623	1713.13	
754.811	1493.99	
754.999	1342.44	
755.187	1147.89	
755.375	889.84	
755.563	676.85	
755.751	486.39	
755.94	427	
756.128	306.17	
756.316	185.34	
756.504	222.2	
756.692	183.29	
756.88	138.24	
757.068	148.48	
757.256	54.27	
757.444	48.13	
757.632	27.65	
757.819	19.46	
758.007	95.23	
758.195	121.85	
758.383	39.94	
758.571	64.51	
758.759	68.61	
758.947	5.12	
759.135	-62.46	
759.322	60.42	
759.51	-54.27	
759.698	80.89	
759.886	3.07	
760.073	21.5	
760.261	44.03	
760.449	64.51	
760.637	72.7	
760.824	-44.03	
761.012	82.94	
761.2	-54.27	
761.387	-15.36	
761.575	78.85	
761.762	48.13	
761.95	15.36	
762.138	13.31	
762.325	-7.17	
762.513	46.08	
762.7	41.98	
762.888	-64.51	
763.075	-7.17	
763.263	109.57	
763.45	68.61	
763.638	-11.26	
763.825	5.12	
764.012	3.07	
764.2	-15.36	
764.387	37.89	
764.575	5.12	
764.762	-1.02	
764.949	-35.84	
765.137	-37.89	
765.324	17.41	
765.511	56.32	
765.699	87.04	
765.886	-13.31	
766.073	52.22	
766.26	95.23	
766.448	58.37	
766.635	13.31	
766.822	23.55	
767.009	62.46	
767.196	15.36	
767.383	41.98	
767.571	60.42	
767.758	76.8	
767.945	-66.56	
768.132	80.89	
768.319	27.65	
768.506	-21.5	
768.693	-1.02	
768.88	56.32	
769.067	-7.17	
769.254	48.13	
769.441	62.46	
769.628	19.46	
769.815	66.56	
770.002	17.41	
770.189	27.65	
770.376	-1.02	
770.563	27.65	
770.75	121.85	
770.936	117.76	
771.123	60.42	
771.31	84.99	
771.497	39.94	
771.684	23.55	
771.87	-35.84	
772.057	115.71	
772.244	82.94	
772.431	99.33	
772.617	31.74	
772.804	-29.7	
772.991	19.46	
773.177	80.89	
773.364	183.29	
773.551	76.8	
773.737	23.55	
773.924	-25.6	
774.111	123.9	
774.297	11.26	
774.484	113.66	
774.67	119.81	
774.857	-41.98	
775.043	13.31	
775.23	130.05	
775.416	41.98	
775.603	-44.03	
775.789	60.42	
775.976	-19.46	
776.162	27.65	
776.349	-25.6	
776.535	76.8	
776.721	-5.12	
776.908	82.94	
777.094	54.27	
777.28	130.05	
777.467	150.53	
777.653	31.74	
777.839	11.26	
778.025	52.22	
778.212	68.61	
778.398	76.8	
778.584	115.71	
778.77	11.26	
778.957	-25.6	
779.143	-29.7	
779.329	35.84	
779.515	50.18	
779.701	46.08	
779.887	3.07	
780.073	-31.74	
780.26	-97.28	
780.446	132.09	
780.632	-3.07	
780.818	-46.08	
781.004	62.46	
781.19	-13.31	
781.376	37.89	
781.562	44.03	
781.748	62.46	
781.934	-84.99	
782.12	52.22	
782.305	15.36	
782.491	11.26	
782.677	-50.18	
782.863	115.71	
783.049	44.03	
783.235	136.19	
783.421	48.13	
783.606	39.94	
783.792	93.18	
783.978	128	
784.164	44.03	
784.349	-13.31	
784.535	-35.84	
784.721	60.42	
784.907	50.18	
785.092	72.7	
785.278	27.65	
785.464	-19.46	
785.649	13.31	
785.835	70.65	
786.02	-7.17	
786.206	21.5	
786.392	-27.65	
786.577	-3.07	
786.763	-54.27	
786.948	31.74	
787.134	1.02	
787.319	39.94	
787.505	11.26	
787.69	-19.46	
787.876	44.03	
788.061	58.37	
788.246	-56.32	
788.432	-17.41	
788.617	-87.04	
788.803	-13.31	
788.988	23.55	
789.173	-66.56	
789.359	-113.66	
789.544	48.13	
789.729	46.08	
789.915	-44.03	
790.1	11.26	
790.285	21.5	
790.47	-48.13	
790.655	37.89	
790.841	72.7	
791.026	-11.26	
791.211	31.74	
791.396	-9.22	
791.581	-27.65	
791.766	-13.31	
791.952	39.94	
792.137	56.32	
792.322	21.5	
792.507	93.18	
792.692	199.68	
792.877	308.22	
793.062	445.43	
793.247	648.18	
793.432	850.93	
793.617	754.68	
793.802	898.03	
793.987	625.65	
794.172	590.84	
794.356	445.43	
794.541	302.08	
794.726	242.68	
794.911	285.69	
795.096	191.49	
795.281	117.76	
795.466	54.27	
795.65	148.48	
795.835	39.94	
796.02	46.08	
796.205	187.39	
796.389	56.32	
796.574	78.85	
796.759	68.61	
796.943	-7.17	
797.128	-62.46	
797.313	-29.7	
797.497	56.32	
797.682	-7.17	
797.867	-5.12	
798.051	-41.98	
798.236	-3.07	
798.42	-54.27	
798.605	-15.36	
798.789	19.46	
798.974	-21.5	
799.158	-29.7	
799.343	-27.65	
799.527	23.55	
799.712	-1.02	
799.896	21.5	
800.081	89.09	
800.265	46.08	
800.449	-7.17	
800.634	7.17	
800.818	76.8	
801.002	87.04	
801.187	44.03	
801.371	78.85	
801.555	95.23	
801.74	-50.18	
801.924	-37.89	
802.108	-54.27	
802.292	31.74	
802.477	13.31	
802.661	99.33	
802.845	50.18	
803.029	-31.74	
803.213	50.18	
803.397	31.74	
803.581	44.03	
803.766	-3.07	
803.95	41.98	
804.134	-62.46	
804.318	5.12	
804.502	-9.22	
804.686	3.07	
804.87	-37.89	
805.054	21.5	
805.238	52.22	
805.422	9.22	
805.606	-54.27	
805.79	1.02	
805.973	9.22	
806.157	-50.18	
806.341	52.22	
806.525	76.8	
806.709	101.37	
806.893	254.97	
807.077	373.75	
807.26	533.5	
807.444	560.12	
807.628	578.55	
807.812	406.52	
807.995	465.91	
808.179	291.84	
808.363	304.12	
808.546	244.73	
808.73	232.44	
808.914	78.85	
809.097	277.5	
809.281	64.51	
809.465	117.76	
809.648	148.48	
809.832	11.26	
810.015	181.25	
810.199	117.76	
810.382	128	
810.566	154.62	
810.749	216.06	
810.933	361.47	
811.116	300.03	
811.3	328.7	
811.483	316.41	
811.667	353.27	
811.85	287.74	
812.034	416.76	
812.217	551.93	
812.4	900.08	
812.584	1194.99	
812.767	1420.27	
812.95	1455.08	
813.133	1465.32	
813.317	1240.05	
813.5	986.1	
813.683	652.28	
813.866	572.41	
814.05	519.16	
814.233	408.57	
814.416	324.6	
814.599	291.84	
814.782	330.75	
814.965	246.78	
815.149	234.49	
815.332	218.11	
815.515	66.56	
815.698	19.46	
815.881	70.65	
816.064	93.18	
816.247	70.65	
816.43	3.07	
816.613	29.7	
816.796	70.65	
816.979	-7.17	
817.162	99.33	
817.345	19.46	
817.528	1.02	
817.711	-117.76	
817.893	39.94	
818.076	-41.98	
818.259	33.79	
818.442	-17.41	
818.625	29.7	
818.808	37.89	
818.99	-62.46	
819.173	48.13	
819.356	-35.84	
819.539	-1.02	
819.721	-21.5	
819.904	-1.02	
820.087	-39.94	
820.269	-78.85	
820.452	-29.7	
820.635	23.55	
820.817	-21.5	
821	78.85	
821.182	80.89	
821.365	-58.37	
821.548	-9.22	
821.73	-27.65	
821.913	35.84	
822.095	62.46	
822.278	-29.7	
822.46	-19.46	
822.642	41.98	
822.825	23.55	
823.007	60.42	
823.19	11.26	
823.372	13.31	
823.555	-21.5	
823.737	5.12	
823.919	117.76	
824.102	-23.55	
824.284	29.7	
824.466	150.53	
824.648	166.91	
824.831	191.49	
825.013	269.31	
825.195	414.71	
825.377	474.1	
825.56	564.22	
825.742	586.74	
825.924	683	
826.106	592.89	
826.288	545.78	
826.47	422.91	
826.652	404.47	
826.835	318.46	
827.017	300.03	
827.199	203.77	
827.381	154.62	
827.563	168.96	
827.745	259.07	
827.927	70.65	
828.109	134.14	
828.291	154.62	
828.473	371.71	
828.655	855.03	
828.836	1346.54	
829.018	1848.29	
829.2	2313.18	
829.382	2423.77	
829.564	2241.5	
829.746	1825.76	
829.928	1623.02	
830.109	1119.21	
830.291	949.23	
830.473	769.01	
830.655	633.85	
830.836	506.87	
831.018	379.9	
831.2	461.82	
831.382	433.15	
831.563	275.45	
831.745	271.36	
831.926	300.03	
832.108	300.03	
832.29	109.57	
832.471	209.92	
832.653	168.96	
832.834	87.04	
833.016	21.5	
833.197	89.09	
833.379	-44.03	
833.56	58.37	
833.742	70.65	
833.923	62.46	
834.105	-9.22	
834.286	48.13	
834.468	46.08	
834.649	89.09	
834.83	93.18	
835.012	-3.07	
835.193	103.42	
835.374	66.56	
835.556	314.36	
835.737	218.11	
835.918	500.73	
836.1	1055.73	
836.281	2302.94	
836.462	4510.65	
836.643	6558.62	
836.824	8786.81	
837.006	10148.71	
837.187	9999.21	
837.368	8870.78	
837.549	7324.56	
837.73	5802.92	
837.911	4473.79	
838.092	3521.48	
838.273	2890.71	
838.455	2397.15	
838.636	2178.01	
838.817	1829.86	
838.998	1623.02	
839.179	1395.69	
839.36	1250.28	
839.54	1225.71	
839.721	1078.26	
839.902	934.9	
840.083	895.99	
840.264	812.02	
840.445	959.47	
840.626	1258.48	
840.807	1555.43	
840.988	1838.05	
841.168	1766.37	
841.349	1674.21	
841.53	1446.89	
841.711	1164.27	
841.891	867.31	
842.072	601.08	
842.253	566.26	
842.434	326.65	
842.614	365.56	
842.795	275.45	
842.976	373.75	
843.156	275.45	
843.337	324.6	
843.517	263.16	
843.698	246.78	
843.878	226.3	
844.059	168.96	
844.24	119.81	
844.42	136.19	
844.601	48.13	
844.781	52.22	
844.962	123.9	
845.142	150.53	
845.322	158.72	
845.503	209.92	
845.683	314.36	
845.864	236.54	
846.044	263.16	
846.224	119.81	
846.405	128	
846.585	123.9	
846.765	138.24	
846.946	144.38	
847.126	84.99	
847.306	171.01	
847.486	138.24	
847.667	300.03	
847.847	429.05	
848.027	1045.49	
848.207	2188.25	
848.387	3265.49	
848.567	4295.61	
848.747	5223.34	
848.928	5446.57	
849.108	4768.7	
849.288	4086.72	
849.468	3158.99	
849.648	2411.48	
849.828	1887.2	
850.008	1477.61	
850.188	1301.48	
850.368	1217.52	
850.548	943.09	
850.728	986.1	
850.908	875.51	
851.088	697.33	
851.267	689.14	
851.447	594.93	
851.627	504.82	
851.807	447.48	
851.987	379.9	
852.167	291.84	
852.346	287.74	
852.526	199.68	
852.706	80.89	
852.886	15.36	
853.065	27.65	
853.245	58.37	
853.425	33.79	
853.605	-29.7	
853.784	99.33	
853.964	138.24	
854.143	87.04	
854.323	132.09	
854.503	119.81	
854.682	-1.02	
854.862	80.89	
855.041	5.12	
855.221	-9.22	
855.4	3.07	
855.58	-87.04	
855.759	35.84	
855.939	66.56	
856.118	171.01	
856.298	156.67	
856.477	146.43	
856.657	113.66	
856.836	105.47	
857.015	117.76	
857.195	193.53	
857.374	246.78	
857.553	465.91	
857.733	764.92	
857.912	1248.24	
858.091	1760.23	
858.27	2083.81	
858.45	2241.5	
858.629	2046.94	
858.808	1807.33	
858.987	1446.89	
859.166	1055.73	
859.345	797.68	
859.525	758.77	
859.704	584.7	
859.883	449.53	
860.062	416.76	
860.241	314.36	
860.42	279.55	
860.599	377.85	
860.778	437.24	
860.957	273.4	
861.136	189.44	
861.315	269.31	
861.494	232.44	
861.673	244.73	
861.852	191.49	
862.031	683	
862.21	1010.67	
862.388	1424.36	
862.567	1799.14	
862.746	1924.07	
862.925	1608.68	
863.104	1407.98	
863.283	1324.01	
863.461	1002.48	
863.64	1045.49	
863.819	1238	
863.997	1899.49	
864.176	2620.38	
864.355	3449.8	
864.534	4275.13	
864.712	4740.02	
864.891	4606.91	
865.069	3871.68	
865.248	3021.78	
865.427	2515.93	
865.605	2001.89	
865.784	1573.86	
865.962	1227.76	
866.141	1043.44	
866.319	967.67	
866.498	961.52	
866.676	1160.17	
866.855	1354.73	
867.033	1553.38	
867.212	1686.5	
867.39	1715.17	
867.568	1467.37	
867.747	1397.74	
867.925	1156.08	
868.103	1025.01	
868.282	715.77	
868.46	558.07	
868.638	478.2	
868.817	386.04	
868.995	265.21	
869.173	377.85	
869.351	297.98	
869.529	281.6	
869.708	211.96	
869.886	295.93	
870.064	224.25	
870.242	232.44	
870.42	152.57	
870.598	144.38	
870.776	211.96	
870.954	173.05	
871.133	101.37	
871.311	64.51	
871.489	44.03	
871.667	60.42	
871.845	5.12	
872.023	19.46	
872.2	-17.41	
872.378	3.07	
872.556	13.31	
872.734	15.36	
872.912	125.95	
873.09	21.5	
873.268	21.5	
873.446	54.27	
873.623	21.5	
873.801	-95.23	
873.979	-3.07	
874.157	-50.18	
874.335	-70.65	
874.512	44.03	
874.69	52.22	
874.868	-25.6	
875.045	19.46	
875.223	-25.6	
875.401	-3.07	
875.578	-19.46	
875.756	134.14	
875.934	330.75	
876.111	238.59	
876.289	472.06	
876.466	818.16	
876.644	1410.03	
876.821	2051.04	
876.999	3075.03	
877.176	3834.82	
877.354	4260.8	
877.531	4498.36	
877.709	3982.28	
877.886	3517.39	
878.063	2878.42	
878.241	2237.41	
878.418	1829.86	
878.596	1481.71	
878.773	1326.06	
878.95	1008.62	
879.127	836.6	
879.305	766.96	
879.482	787.44	
879.659	668.66	
879.836	596.98	
880.014	558.07	
880.191	525.3	
880.368	455.67	
880.545	400.38	
880.722	377.85	
880.9	287.74	
881.077	201.72	
881.254	244.73	
881.431	60.42	
881.608	52.22	
881.785	64.51	
881.962	66.56	
882.139	142.33	
882.316	68.61	
882.493	64.51	
882.67	62.46	
882.847	-68.61	
883.024	93.18	
883.201	-11.26	
883.378	91.13	
883.554	-5.12	
883.731	162.81	
883.908	332.79	
884.085	519.16	
884.262	683	
884.439	906.23	
884.615	1014.77	
884.792	1117.17	
884.969	988.14	
885.146	1027.06	
885.322	840.69	
885.499	947.19	
885.676	957.43	
885.852	1029.1	
886.029	842.74	
886.205	775.16	
886.382	637.94	
886.559	486.39	
886.735	400.38	
886.912	406.52	
887.088	248.83	
887.265	250.88	
887.441	197.63	
887.618	226.3	
887.794	144.38	
887.971	101.37	
888.147	136.19	
888.324	156.67	
888.5	177.15	
888.676	101.37	
888.853	-21.5	
889.029	134.14	
889.205	44.03	
889.382	87.04	
889.558	56.32	
889.734	33.79	
889.911	-64.51	
890.087	27.65	
890.263	-17.41	
890.439	46.08	
890.616	95.23	
890.792	183.29	
890.968	271.36	
891.144	234.49	
891.32	158.72	
891.496	150.53	
891.672	226.3	
891.848	54.27	
892.025	74.75	
892.201	52.22	
892.377	138.24	
892.553	66.56	
892.729	48.13	
892.905	54.27	
893.081	44.03	
893.256	66.56	
893.432	46.08	
893.608	1.02	
893.784	-101.37	
893.96	-3.07	
894.136	-35.84	
894.312	-11.26	
894.488	-29.7	
894.663	68.61	
894.839	-66.56	
895.015	74.75	
895.191	25.6	
895.366	-37.89	
895.542	-37.89	
895.718	33.79	
895.894	-27.65	
896.069	-64.51	
896.245	19.46	
896.421	-35.84	
896.596	-19.46	
896.772	56.32	
896.947	-35.84	
897.123	3.07	
897.298	3.07	
897.474	82.94	
897.649	25.6	
897.825	82.94	
898	44.03	
898.176	84.99	
898.351	60.42	
898.527	84.99	
898.702	107.52	
898.878	-1.02	
899.053	5.12	
899.228	-29.7	
899.404	17.41	
899.579	44.03	
899.754	-25.6	
899.93	-25.6	
900.105	44.03	
900.28	33.79	
900.455	-70.65	
900.631	15.36	
900.806	-23.55	
900.981	19.46	
901.156	-11.26	
901.331	-11.26	
901.507	-35.84	
901.682	-41.98	
901.857	37.89	
902.032	64.51	
902.207	-70.65	
902.382	-17.41	
902.557	-29.7	
902.732	44.03	
902.907	-7.17	
903.082	93.18	
903.257	-46.08	
903.432	60.42	
903.607	-13.31	
903.782	-29.7	
903.957	41.98	
904.132	11.26	
904.306	29.7	
904.481	11.26	
904.656	-13.31	
904.831	62.46	
905.006	-91.13	
905.181	-13.31	
905.355	-37.89	
905.53	-37.89	
905.705	-62.46	
905.879	35.84	
906.054	-48.13	
906.229	9.22	
906.404	-80.89	
906.578	15.36	
906.753	15.36	
906.927	-37.89	
907.102	-113.66	
907.277	-39.94	
907.451	35.84	
907.626	-56.32	
907.8	-17.41	
907.975	31.74	
908.149	9.22	
908.324	-37.89	
908.498	-31.74	
908.673	-39.94	
908.847	-25.6	
909.021	13.31	
909.196	76.8	
909.37	46.08	
909.544	-62.46	
909.719	-91.13	
909.893	-109.57	
910.067	48.13	
910.242	13.31	
910.416	21.5	
910.59	-29.7	
910.764	-52.22	
910.939	-52.22	
911.113	-31.74	
911.287	-17.41	
911.461	-78.85	
911.635	-89.09	
911.809	-70.65	
911.984	21.5	
912.158	-13.31	
912.332	-37.89	
912.506	-62.46	
912.68	-37.89	
912.854	-13.31	
913.028	-29.7	
913.202	48.13	
913.376	25.6	
913.55	158.72	
913.724	273.4	
913.898	193.53	
914.071	404.47	
914.245	295.93	
914.419	263.16	
914.593	181.25	
914.767	128	
914.941	64.51	
915.115	62.46	
915.288	95.23	
915.462	123.9	
915.636	105.47	
915.81	70.65	
915.983	93.18	
916.157	46.08	
916.331	76.8	
916.504	37.89	
916.678	-25.6	
916.852	33.79	
917.025	11.26	
917.199	27.65	
917.372	37.89	
917.546	25.6	
917.719	25.6	
917.893	39.94	
918.066	-44.03	
918.24	41.98	
918.413	76.8	
918.587	35.84	
918.76	64.51	
918.934	56.32	
919.107	207.87	
919.28	291.84	
919.454	300.03	
919.627	146.43	
919.8	130.05	
919.974	117.76	
920.147	44.03	
920.32	64.51	
920.494	113.66	
920.667	175.1	
920.84	191.49	
921.013	242.68	
921.186	222.2	
921.36	230.4	
921.533	220.16	
921.706	242.68	
921.879	193.53	
922.052	39.94	
922.225	72.7	
922.398	-21.5	
922.571	177.15	
922.744	78.85	
922.917	76.8	
923.09	93.18	
923.263	-62.46	
923.436	-13.31	
923.609	31.74	
923.782	23.55	
923.955	37.89	
924.128	3.07	
924.301	41.98	
924.474	35.84	
924.647	29.7	
924.819	68.61	
924.992	7.17	
925.165	27.65	
925.338	-39.94	
925.511	19.46	
925.683	31.74	
925.856	-37.89	
926.029	27.65	
926.201	27.65	
926.374	21.5	
926.547	7.17	
926.719	37.89	
926.892	13.31	
927.065	44.03	
927.237	78.85	
927.41	128	
927.582	-29.7	
927.755	-17.41	
927.927	54.27	
928.1	48.13	
928.272	1.02	
928.445	-5.12	
928.617	103.42	
928.79	162.81	
928.962	117.76	
929.134	152.57	
929.307	54.27	
929.479	134.14	
929.651	78.85	
929.824	173.05	
929.996	72.7	
930.168	140.29	
930.341	9.22	
930.513	68.61	
930.685	60.42	
930.857	84.99	
931.029	54.27	
931.202	17.41	
931.374	117.76	
931.546	93.18	
931.718	166.91	
931.89	209.92	
932.062	236.54	
932.234	211.96	
932.406	84.99	
932.578	99.33	
932.75	68.61	
932.922	44.03	
933.094	78.85	
933.266	25.6	
933.438	-27.65	
933.61	142.33	
933.782	25.6	
933.954	60.42	
934.126	-68.61	
934.298	29.7	
934.47	72.7	
934.641	7.17	
934.813	-39.94	
934.985	-37.89	
935.157	48.13	
935.329	1.02	
935.5	1.02	
935.672	3.07	
935.844	-25.6	
936.015	93.18	
936.187	-119.81	
936.359	-29.7	
936.53	-52.22	
936.702	35.84	
936.874	-9.22	
937.045	31.74	
937.217	31.74	
937.388	-11.26	
937.56	-21.5	
937.731	11.26	
937.903	52.22	
938.074	11.26	
938.246	46.08	
938.417	-9.22	
938.588	-3.07	
938.76	119.81	
938.931	-93.18	
939.103	-41.98	
939.274	-74.75	
939.445	-35.84	
939.617	-29.7	
939.788	-19.46	
939.959	-101.37	
940.13	109.57	
940.302	-33.79	
940.473	50.18	
940.644	-25.6	
940.815	7.17	
940.987	-46.08	
941.158	60.42	
941.329	-19.46	
941.5	89.09	
941.671	33.79	
941.842	-39.94	
942.013	19.46	
942.184	9.22	
942.355	82.94	
942.526	-37.89	
942.697	-46.08	
942.868	-25.6	
943.039	-3.07	
943.21	-101.37	
943.381	-17.41	
943.552	44.03	
943.723	7.17	
943.894	21.5	
944.065	-7.17	
944.235	33.79	
944.406	-70.65	
944.577	-9.22	
944.748	54.27	
944.919	19.46	
945.089	-25.6	
945.26	134.14	
945.431	-68.61	
945.601	-27.65	
945.772	7.17	
945.943	-76.8	
946.113	-19.46	
946.284	78.85	
946.455	52.22	
946.625	-9.22	
946.796	-37.89	
946.966	-13.31	
947.137	-7.17	
947.307	-103.42	
947.478	11.26	
947.648	-33.79	
947.819	17.41	
947.989	48.13	
948.16	-66.56	
948.33	23.55	
948.5	128	
948.671	15.36	
948.841	44.03	
949.012	-27.65	
949.182	9.22	
949.352	37.89	
949.522	-3.07	
949.693	-33.79	
949.863	3.07	
950.033	1.02	
950.203	9.22	
950.374	68.61	
950.544	-19.46	
950.714	87.04	
950.884	-1.02	
951.054	-1.02	
951.224	74.75	
951.394	-7.17	
951.564	19.46	
951.735	29.7	
951.905	-9.22	
952.075	-11.26	
952.245	-52.22	
952.415	84.99	
952.585	46.08	
952.754	-15.36	
952.924	105.47	
953.094	23.55	
953.264	1.02	
953.434	68.61	
953.604	-52.22	
953.774	33.79	
953.944	-3.07	
954.113	13.31	
954.283	130.05	
954.453	119.81	
954.623	-41.98	
954.792	-1.02	
954.962	35.84	
955.132	13.31	
955.302	-66.56	
955.471	-31.74	
955.641	54.27	
955.81	-3.07	
955.98	68.61	
956.15	27.65	
956.319	95.23	
956.489	3.07	
956.658	-80.89	
956.828	-62.46	
956.997	-5.12	
957.167	1.02	
957.336	29.7	
957.506	-37.89	
957.675	-21.5	
957.845	11.26	
958.014	11.26	
958.183	15.36	
958.353	-15.36	
958.522	-15.36	
958.691	60.42	
958.861	-76.8	
959.03	-35.84	
959.199	-54.27	
959.368	-21.5	
959.538	37.89	
959.707	29.7	
959.876	27.65	
960.045	-33.79	
960.214	33.79	
960.383	72.7	
960.553	-52.22	
960.722	52.22	
960.891	5.12	
961.06	23.55	
961.229	-21.5	
961.398	35.84	
961.567	27.65	
961.736	64.51	
961.905	9.22	
962.074	13.31	
962.243	56.32	
962.412	62.46	
962.581	-7.17	
962.75	-29.7	
962.918	3.07	
963.087	5.12	
963.256	31.74	
963.425	31.74	
963.594	-25.6	
963.763	-19.46	
963.931	9.22	
964.1	-3.07	
964.269	-25.6	
964.437	11.26	
964.606	5.12	
964.775	-46.08	
964.943	119.81	
965.112	117.76	
965.281	128	
965.449	76.8	
965.618	121.85	
965.786	289.79	
965.955	46.08	
966.124	44.03	
966.292	31.74	
966.461	7.17	
966.629	111.61	
966.797	-13.31	
966.966	52.22	
967.134	44.03	
967.303	27.65	
967.471	-3.07	
967.639	70.65	
967.808	11.26	
967.976	-44.03	
968.144	99.33	
968.313	48.13	
968.481	91.13	
968.649	5.12	
968.817	-33.79	
968.986	37.89	
969.154	-144.38	
969.322	37.89	
969.49	68.61	
969.658	-1.02	
969.827	-15.36	
969.995	-74.75	
970.163	9.22	
970.331	13.31	
970.499	72.7	
970.667	80.89	
970.835	1.02	
971.003	-7.17	
971.171	1.02	
971.339	44.03	
971.507	7.17	
971.675	-23.55	
971.843	-68.61	
972.011	-17.41	
972.178	74.75	
972.346	66.56	
972.514	21.5	
972.682	-25.6	
972.85	-11.26	
973.018	80.89	
973.185	-3.07	
973.353	76.8	
973.521	35.84	
973.689	17.41	
973.856	3.07	
974.024	-9.22	
974.192	-1.02	
974.359	-31.74	
974.527	91.13	
974.694	31.74	
974.862	-27.65	
975.03	91.13	
975.197	68.61	
975.365	-3.07	
975.532	31.74	
975.7	-13.31	
975.867	44.03	
976.035	54.27	
976.202	-54.27	
976.369	123.9	
976.537	-58.37	
976.704	-39.94	
976.872	13.31	
977.039	39.94	
977.206	-52.22	
977.374	-37.89	
977.541	-35.84	
977.708	68.61	
977.875	-9.22	
978.043	-1.02	
978.21	56.32	
978.377	-89.09	
978.544	44.03	
978.711	-13.31	
978.879	-82.94	
979.046	-37.89	
979.213	-13.31	
979.38	-7.17	
979.547	-19.46	
979.714	-82.94	
979.881	3.07	
980.048	19.46	
980.215	19.46	
980.382	-58.37	
980.549	62.46	
980.716	48.13	
980.883	21.5	
981.05	84.99	
981.217	48.13	
981.384	-48.13	
981.55	-46.08	
981.717	115.71	
981.884	-70.65	
982.051	-9.22	
982.218	-46.08	
982.384	-44.03	
982.551	-58.37	
982.718	-35.84	
982.885	-25.6	
983.051	-52.22	
983.218	-7.17	
983.385	17.41	
983.551	128	
983.718	-95.23	
983.885	52.22	
984.051	-37.89	
984.218	-17.41	
984.384	17.41	
984.551	-35.84	
984.717	103.42	
984.884	74.75	
985.05	3.07	
985.217	-68.61	
985.383	-25.6	
985.55	-3.07	
985.716	-89.09	
985.882	7.17	
986.049	-17.41	
986.215	21.5	
986.381	56.32	
986.548	-62.46	
986.714	44.03	
986.88	-29.7	
987.046	60.42	
987.213	13.31	
987.379	-46.08	
987.545	33.79	
987.711	-48.13	
987.877	-37.89	
988.044	52.22	
988.21	101.37	
988.376	52.22	
988.542	-33.79	
988.708	107.52	
988.874	-48.13	
989.04	60.42	
989.206	-72.7	
989.372	54.27	
989.538	-29.7	
989.704	-33.79	
989.87	11.26	
990.036	15.36	
990.202	-35.84	
990.368	-31.74	
990.534	13.31	
990.699	-80.89	
990.865	-29.7	
991.031	5.12	
991.197	-3.07	
991.363	-46.08	
991.528	-54.27	
991.694	21.5	
991.86	-60.42	
992.025	50.18	
992.191	27.65	
992.357	-37.89	
992.522	11.26	
992.688	-56.32	
992.854	13.31	
993.019	-101.37	
993.185	-5.12	
993.35	23.55	
993.516	-21.5	
993.681	-105.47	
993.847	78.85	
994.012	-23.55	
994.178	39.94	
994.343	-17.41	
994.509	50.18	
994.674	-13.31	
994.84	-29.7	
995.005	52.22	
995.17	13.31	
995.336	23.55	
995.501	31.74	
995.666	5.12	
995.831	29.7	
995.997	3.07	
996.162	-5.12	
996.327	168.96	
996.492	19.46	
996.658	-9.22	
996.823	-87.04	
996.988	-60.42	
997.153	33.79	
997.318	-27.65	
997.483	-21.5	
997.648	-56.32	
997.813	25.6	
997.978	-9.22	
998.143	-41.98	
998.308	-35.84	
998.473	3.07	
998.638	166.91	
998.803	-17.41	
998.968	-101.37	
999.133	-78.85	
999.298	27.65	
999.463	-5.12	
999.628	-50.18	
999.793	21.5	
999.957	113.66	
1000.122	-60.42	
1000.287	-17.41	
1000.452	-121.85	
1000.616	-44.03	
1000.781	-9.22	
1000.946	23.55	
1001.111	29.7	
1001.275	-41.98	
1001.44	-29.7	
1001.604	-27.65	
1001.769	-58.37	
1001.934	-9.22	
1002.098	-54.27	
1002.263	62.46	
1002.427	-54.27	
1002.592	70.65	
1002.756	48.13	
1002.921	19.46	
1003.085	-37.89	
1003.25	-35.84	
1003.414	-50.18	
1003.579	3.07	
1003.743	-11.26	
1003.907	-46.08	
1004.072	-54.27	
1004.236	162.81	
1004.4	-46.08	
1004.565	23.55	
1004.729	21.5	
1004.893	25.6	
1005.057	39.94	
1005.222	-13.31	
1005.386	-62.46	
1005.55	-17.41	
1005.714	-23.55	
1005.878	23.55	
1006.042	11.26	
1006.206	-19.46	
1006.371	52.22	
1006.535	-1.02	
1006.699	-15.36	
1006.863	52.22	
1007.027	-5.12	
1007.191	15.36	
1007.355	-23.55	
1007.519	-1.02	
1007.683	46.08	
1007.847	-56.32	
1008.01	35.84	
1008.174	-25.6	
1008.338	54.27	
1008.502	89.09	
1008.666	23.55	
1008.83	3.07	
1008.993	-54.27	
1009.157	-78.85	
1009.321	-1.02	
1009.485	27.65	
1009.648	-7.17	
1009.812	-48.13	
1009.976	-56.32	
1010.139	-95.23	
1010.303	35.84	
1010.467	-82.94	
1010.63	-9.22	
1010.794	27.65	
1010.957	-11.26	
1011.121	72.7	
1011.285	89.09	
1011.448	-15.36	
1011.612	-21.5	
1011.775	17.41	
1011.938	7.17	
1012.102	-23.55	
1012.265	5.12	
1012.429	44.03	
1012.592	-54.27	
1012.755	-15.36	
1012.919	-33.79	
1013.082	56.32	
1013.245	23.55	
1013.409	-54.27	
1013.572	-37.89	
1013.735	56.32	
1013.898	113.66	
1014.062	-62.46	
1014.225	93.18	
1014.388	27.65	
1014.551	-128	
1014.714	35.84	
1014.877	25.6	
1015.041	17.41	
1015.204	99.33	
1015.367	-48.13	
1015.53	99.33	
1015.693	-109.57	
1015.856	-27.65	
1016.019	-21.5	
1016.182	-11.26	
1016.345	3.07	
1016.508	-93.18	
1016.67	-41.98	
1016.833	-41.98	
1016.996	46.08	
1017.159	-132.09	
1017.322	-95.23	
1017.485	-68.61	
1017.648	-21.5	
1017.81	31.74	
1017.973	-44.03	
1018.136	21.5	
1018.298	-35.84	
1018.461	-70.65	
1018.624	-44.03	
1018.787	-52.22	
1018.949	-93.18	
1019.112	-27.65	
1019.274	-60.42	
1019.437	-23.55	
1019.6	-5.12	
1019.762	-41.98	
1019.925	-84.99	
1020.087	15.36	
1020.25	-25.6	
1020.412	-33.79	
1020.575	1.02	
1020.737	-9.22	
1020.899	-37.89	
1021.062	7.17	
1021.224	-50.18	
1021.387	87.04	
1021.549	-64.51	
1021.711	-5.12	
1021.874	31.74	
1022.036	56.32	
1022.198	54.27	
1022.36	-15.36	
1022.523	-13.31	
1022.685	27.65	
1022.847	-37.89	
1023.009	-78.85	
1023.171	3.07	
1023.333	-60.42	
1023.496	-44.03	
1023.658	82.94	
1023.82	267.26	
1023.982	50.18	
1024.144	-52.22	
1024.306	-29.7	
1024.468	-48.13	
1024.63	-44.03	
1024.792	-39.94	
1024.954	-84.99	
1025.116	3.07	
1025.278	56.32	
1025.44	35.84	
1025.601	3.07	
1025.763	-95.23	
1025.925	11.26	
1026.087	-15.36	
1026.249	23.55	
1026.41	-64.51	
1026.572	54.27	
1026.734	29.7	
1026.896	-29.7	
1027.057	-54.27	
1027.219	1.02	
1027.381	-1.02	
1027.542	15.36	
1027.704	-101.37	
1027.866	-13.31	
1028.027	-39.94	
1028.189	-13.31	
1028.35	3.07	
1028.512	37.89	
1028.673	-33.79	
1028.835	-29.7	
1028.996	19.46	
1029.158	1.02	
1029.319	80.89	
1029.481	-1.02	
1029.642	33.79	
1029.803	-87.04	
1029.965	160.77	
1030.126	-58.37	
1030.287	-7.17	
1030.449	-44.03	
1030.61	54.27	
1030.771	27.65	
1030.933	62.46	
1031.094	33.79	
1031.255	-11.26	
1031.416	21.5	
1031.577	-41.98	
1031.738	-21.5	
1031.9	29.7	
1032.061	11.26	
1032.222	-52.22	
1032.383	-29.7	
1032.544	33.79	
1032.705	93.18	
1032.866	-93.18	
1033.027	-44.03	
1033.188	29.7	
1033.349	-19.46	
1033.51	-50.18	
1033.671	-5.12	
1033.832	21.5	
1033.993	-164.86	
1034.153	17.41	
1034.314	-9.22	
1034.475	89.09	
1034.636	13.31	
1034.797	50.18	
1034.957	-13.31	
1035.118	-62.46	
1035.279	-21.5	
1035.44	-31.74	
1035.6	-62.46	
1035.761	-29.7	
1035.922	-21.5	
1036.082	-72.7	
1036.243	-9.22	
1036.404	-21.5	
1036.564	-31.74	
1036.725	56.32	
1036.885	-111.61	
1037.046	39.94	
1037.206	-58.37	
1037.367	-29.7	
1037.527	-50.18	
1037.688	35.84	
1037.848	-95.23	
1038.008	19.46	
1038.169	-93.18	
