USB4E00404_1:101		
345.868	-166.23	
346.082	-166.23	
346.296	-166.23	
346.51	-215.38	
346.724	-180.56	
346.937	-86.36	
347.151	-4.44	
347.365	65.19	
347.579	54.95	
347.793	5.8	
348.006	18.09	
348.22	-22.87	
348.434	7.85	
348.648	5.8	
348.861	-37.2	
349.075	1.71	
349.289	-8.53	
349.502	-69.97	
349.716	-24.92	
349.93	118.44	
350.143	110.25	
350.357	110.25	
350.571	59.05	
350.784	67.24	
350.998	65.19	
351.212	75.43	
351.425	-108.88	
351.639	18.09	
351.852	-4.44	
352.066	30.38	
352.28	38.57	
352.493	165.54	
352.707	67.24	
352.92	-102.74	
353.134	52.91	
353.347	-47.44	
353.561	-49.49	
353.774	-96.6	
353.988	-18.77	
354.201	-6.49	
354.415	18.09	
354.628	46.76	
354.841	-69.97	
355.055	-24.92	
355.268	-37.2	
355.482	-84.31	
355.695	-80.21	
355.908	-90.45	
356.122	36.52	
356.335	-49.49	
356.549	-39.25	
356.762	-53.59	
356.975	-65.88	
357.189	79.53	
357.402	-2.39	
357.615	-67.92	
357.828	-18.77	
358.042	-33.11	
358.255	-14.68	
358.468	-53.59	
358.682	65.19	
358.895	-4.44	
359.108	26.28	
359.321	7.85	
359.534	40.62	
359.748	-76.12	
359.961	30.38	
360.174	-31.06	
360.387	77.48	
360.6	32.43	
360.813	-69.97	
361.027	42.67	
361.24	-84.31	
361.453	-22.87	
361.666	-102.74	
361.879	-86.36	
362.092	-29.01	
362.305	-41.3	
362.518	81.58	
362.731	-22.87	
362.944	-10.58	
363.157	-10.58	
363.37	3.75	
363.583	30.38	
363.796	-33.11	
364.009	1.71	
364.222	-55.64	
364.435	9.9	
364.648	13.99	
364.861	46.76	
365.074	-8.53	
365.287	26.28	
365.5	-29.01	
365.713	-47.44	
365.926	28.33	
366.139	-2.39	
366.352	-86.36	
366.564	-57.68	
366.777	-22.87	
366.99	20.14	
367.203	-6.49	
367.416	-14.68	
367.629	-51.54	
367.841	16.04	
368.054	9.9	
368.267	-80.21	
368.48	18.09	
368.693	9.9	
368.905	-2.39	
369.118	-16.73	
369.331	24.23	
369.544	-16.73	
369.756	42.67	
369.969	-119.12	
370.182	-35.16	
370.394	44.71	
370.607	-112.98	
370.82	-55.64	
371.032	-4.44	
371.245	-63.83	
371.458	-55.64	
371.67	-74.07	
371.883	-6.49	
372.095	40.62	
372.308	-45.4	
372.52	-6.49	
372.733	73.39	
372.946	-121.17	
373.158	-65.88	
373.371	-104.79	
373.583	-26.96	
373.796	48.81	
374.008	28.33	
374.221	-8.53	
374.433	-55.64	
374.646	-69.97	
374.858	69.29	
375.071	-29.01	
375.283	46.76	
375.495	-72.02	
375.708	81.58	
375.92	-37.2	
376.133	-37.2	
376.345	-88.4	
376.557	-0.34	
376.77	77.48	
376.982	-6.49	
377.194	9.9	
377.407	-112.98	
377.619	-31.06	
377.831	7.85	
378.044	26.28	
378.256	38.57	
378.468	-57.68	
378.68	-115.03	
378.893	11.95	
379.105	1.71	
379.317	-104.79	
379.529	-55.64	
379.742	69.29	
379.954	-129.36	
380.166	3.75	
380.378	44.71	
380.59	-2.39	
380.803	-59.73	
381.015	-61.78	
381.227	50.86	
381.439	259.75	
381.651	9.9	
381.863	28.33	
382.075	26.28	
382.287	-53.59	
382.499	20.14	
382.712	-45.4	
382.924	-80.21	
383.136	46.76	
383.348	-22.87	
383.56	-22.87	
383.772	-37.2	
383.984	-84.31	
384.196	9.9	
384.408	-26.96	
384.62	-26.96	
384.832	95.91	
385.044	-88.4	
385.255	-8.53	
385.467	67.24	
385.679	69.29	
385.891	97.96	
386.103	36.52	
386.315	-39.25	
386.527	-10.58	
386.739	-53.59	
386.951	89.77	
387.162	-12.63	
387.374	26.28	
387.586	87.72	
387.798	-53.59	
388.01	104.11	
388.221	-39.25	
388.433	44.71	
388.645	-147.8	
388.857	-90.45	
389.069	-8.53	
389.28	83.63	
389.492	-104.79	
389.704	-55.64	
389.915	-29.01	
390.127	-22.87	
390.339	65.19	
390.55	-31.06	
390.762	-59.73	
390.974	44.71	
391.185	-20.82	
391.397	-18.77	
391.609	-86.36	
391.82	87.72	
392.032	42.67	
392.243	26.28	
392.455	-39.25	
392.667	104.11	
392.878	-55.64	
393.09	-143.7	
393.301	-61.78	
393.513	-10.58	
393.724	-31.06	
393.936	-16.73	
394.147	-63.83	
394.359	34.47	
394.57	-20.82	
394.782	-6.49	
394.993	-51.54	
395.204	-31.06	
395.416	50.86	
395.627	1.71	
395.839	-31.06	
396.05	-31.06	
396.261	-55.64	
396.473	-22.87	
396.684	1.71	
396.896	59.05	
397.107	-90.45	
397.318	-55.64	
397.529	-16.73	
397.741	-6.49	
397.952	-14.68	
398.163	-16.73	
398.375	57	
398.586	-80.21	
398.797	-12.63	
399.008	-69.97	
399.22	-6.49	
399.431	-18.77	
399.642	-0.34	
399.853	-63.83	
400.064	-31.06	
400.276	-16.73	
400.487	-65.88	
400.698	9.9	
400.909	-2.39	
401.12	-16.73	
401.331	5.8	
401.542	-18.77	
401.754	-10.58	
401.965	26.28	
402.176	-4.44	
402.387	22.19	
402.598	-129.36	
402.809	-82.26	
403.02	38.57	
403.231	-35.16	
403.442	-31.06	
403.653	24.23	
403.864	-4.44	
404.075	-96.6	
404.286	-78.16	
404.497	-45.4	
404.708	-14.68	
404.919	-72.02	
405.13	-80.21	
405.341	-35.16	
405.551	-10.58	
405.762	9.9	
405.973	-61.78	
406.184	-127.32	
406.395	59.05	
406.606	42.67	
406.817	-47.44	
407.027	-65.88	
407.238	-22.87	
407.449	-41.3	
407.66	-31.06	
407.871	-33.11	
408.081	50.86	
408.292	-14.68	
408.503	-92.5	
408.714	-94.55	
408.924	5.8	
409.135	-8.53	
409.346	-39.25	
409.556	-20.82	
409.767	-26.96	
409.978	-4.44	
410.188	26.28	
410.399	-63.83	
410.61	-112.98	
410.82	16.04	
411.031	-31.06	
411.242	-61.78	
411.452	-72.02	
411.663	36.52	
411.873	143.02	
412.084	13.99	
412.295	-12.63	
412.505	-6.49	
412.716	30.38	
412.926	44.71	
413.137	-55.64	
413.347	-22.87	
413.558	93.87	
413.768	-2.39	
413.979	1.71	
414.189	-31.06	
414.399	-2.39	
414.61	18.09	
414.82	9.9	
415.031	-74.07	
415.241	-98.64	
415.451	28.33	
415.662	-4.44	
415.872	-10.58	
416.083	-14.68	
416.293	-102.74	
416.503	18.09	
416.714	-6.49	
416.924	-131.41	
417.134	1.71	
417.344	100.01	
417.555	-10.58	
417.765	-67.92	
417.975	-69.97	
418.186	13.99	
418.396	5.8	
418.606	-45.4	
418.816	57	
419.026	34.47	
419.237	-6.49	
419.447	-24.92	
419.657	-4.44	
419.867	32.43	
420.077	-31.06	
420.287	167.59	
420.497	-14.68	
420.708	91.82	
420.918	-18.77	
421.128	40.62	
421.338	-47.44	
421.548	5.8	
421.758	-14.68	
421.968	38.57	
422.178	79.53	
422.388	1.71	
422.598	-53.59	
422.808	-96.6	
423.018	-10.58	
423.228	-78.16	
423.438	69.29	
423.648	91.82	
423.858	18.09	
424.068	-72.02	
424.278	-59.73	
424.488	-53.59	
424.698	36.52	
424.907	-39.25	
425.117	-84.31	
425.327	-4.44	
425.537	-57.68	
425.747	9.9	
425.957	46.76	
426.167	91.82	
426.376	-24.92	
426.586	-117.08	
426.796	-94.55	
427.006	-108.88	
427.216	-8.53	
427.425	-170.32	
427.635	-31.06	
427.845	30.38	
428.054	18.09	
428.264	-8.53	
428.474	-31.06	
428.684	11.95	
428.893	-98.64	
429.103	36.52	
429.313	73.39	
429.522	63.15	
429.732	-24.92	
429.941	69.29	
430.151	-8.53	
430.361	20.14	
430.57	-84.31	
430.78	81.58	
430.989	-8.53	
431.199	87.72	
431.409	-22.87	
431.618	-67.92	
431.828	-31.06	
432.037	-22.87	
432.247	-26.96	
432.456	-67.92	
432.666	-37.2	
432.875	124.58	
433.084	20.14	
433.294	16.04	
433.503	-0.34	
433.713	-10.58	
433.922	18.09	
434.132	-94.55	
434.341	9.9	
434.55	-74.07	
434.76	-57.68	
434.969	26.28	
435.178	46.76	
435.388	57	
435.597	44.71	
435.806	11.95	
436.016	-53.59	
436.225	22.19	
436.434	1.71	
436.643	61.1	
436.853	-53.59	
437.062	-39.25	
437.271	11.95	
437.48	-4.44	
437.69	-88.4	
437.899	-35.16	
438.108	102.06	
438.317	-39.25	
438.526	-86.36	
438.735	13.99	
438.945	-72.02	
439.154	-22.87	
439.363	-98.64	
439.572	-65.88	
439.781	-51.54	
439.99	-4.44	
440.199	-78.16	
440.408	-47.44	
440.617	63.15	
440.826	28.33	
441.035	-49.49	
441.244	-6.49	
441.453	-102.74	
441.662	-160.08	
441.871	-80.21	
442.08	-20.82	
442.289	-2.39	
442.498	22.19	
442.707	-72.02	
442.916	-43.35	
443.125	-26.96	
443.334	-55.64	
443.543	30.38	
443.752	-18.77	
443.961	26.28	
444.169	42.67	
444.378	-90.45	
444.587	11.95	
444.796	3.75	
445.005	69.29	
445.213	-37.2	
445.422	93.87	
445.631	-86.36	
445.84	-14.68	
446.049	42.67	
446.257	-72.02	
446.466	-26.96	
446.675	-117.08	
446.883	1.71	
447.092	-43.35	
447.301	24.23	
447.51	-41.3	
447.718	-26.96	
447.927	-135.51	
448.135	-16.73	
448.344	-61.78	
448.553	-26.96	
448.761	-55.64	
448.97	1.71	
449.179	-88.4	
449.387	46.76	
449.596	-110.93	
449.804	106.15	
450.013	57	
450.221	-16.73	
450.43	-104.79	
450.638	63.15	
450.847	-22.87	
451.055	-4.44	
451.264	1.71	
451.472	89.77	
451.681	7.85	
451.889	42.67	
452.097	11.95	
452.306	-92.5	
452.514	-67.92	
452.723	-55.64	
452.931	46.76	
453.139	36.52	
453.348	-16.73	
453.556	-10.58	
453.764	-39.25	
453.973	-98.64	
454.181	-53.59	
454.389	20.14	
454.598	40.62	
454.806	-47.44	
455.014	5.8	
455.222	-76.12	
455.431	-84.31	
455.639	-35.16	
455.847	-43.35	
456.055	7.85	
456.264	-53.59	
456.472	-2.39	
456.68	-61.78	
456.888	1.71	
457.096	22.19	
457.304	-24.92	
457.512	9.9	
457.721	-129.36	
457.929	-2.39	
458.137	-26.96	
458.345	75.43	
458.553	-41.3	
458.761	-59.73	
458.969	32.43	
459.177	44.71	
459.385	-29.01	
459.593	132.78	
459.801	-69.97	
460.009	-37.2	
460.217	-12.63	
460.425	42.67	
460.633	93.87	
460.841	-6.49	
461.049	-53.59	
461.257	-55.64	
461.465	-55.64	
461.673	50.86	
461.88	40.62	
462.088	-112.98	
462.296	26.28	
462.504	20.14	
462.712	40.62	
462.92	9.9	
463.127	-35.16	
463.335	-43.35	
463.543	34.47	
463.751	-55.64	
463.959	71.34	
464.166	-63.83	
464.374	-55.64	
464.582	13.99	
464.79	112.3	
464.997	13.99	
465.205	42.67	
465.413	-39.25	
465.62	-112.98	
465.828	-41.3	
466.036	-72.02	
466.243	-26.96	
466.451	-18.77	
466.658	-69.97	
466.866	11.95	
467.074	-8.53	
467.281	7.85	
467.489	1.71	
467.696	-22.87	
467.904	44.71	
468.111	38.57	
468.319	20.14	
468.527	-22.87	
468.734	-112.98	
468.942	-33.11	
469.149	-35.16	
469.356	-35.16	
469.564	-92.5	
469.771	-14.68	
469.979	13.99	
470.186	75.43	
470.394	-2.39	
470.601	-14.68	
470.808	-26.96	
471.016	-88.4	
471.223	11.95	
471.43	24.23	
471.638	-6.49	
471.845	16.04	
472.052	-22.87	
472.26	-41.3	
472.467	34.47	
472.674	-94.55	
472.882	3.75	
473.089	-18.77	
473.296	-51.54	
473.503	-53.59	
473.711	-104.79	
473.918	-51.54	
474.125	104.11	
474.332	9.9	
474.539	9.9	
474.746	20.14	
474.954	-166.23	
475.161	-12.63	
475.368	-20.82	
475.575	95.91	
475.782	28.33	
475.989	50.86	
476.196	50.86	
476.403	1.71	
476.61	-69.97	
476.817	-55.64	
477.024	-0.34	
477.231	5.8	
477.438	-12.63	
477.645	-18.77	
477.852	50.86	
478.059	16.04	
478.266	-10.58	
478.473	-24.92	
478.68	-10.58	
478.887	59.05	
479.094	-39.25	
479.301	22.19	
479.508	85.67	
479.715	-96.6	
479.922	3.75	
480.129	-10.58	
480.335	-10.58	
480.542	97.96	
480.749	26.28	
480.956	9.9	
481.163	18.09	
481.369	79.53	
481.576	-96.6	
481.783	-4.44	
481.99	-129.36	
482.196	-63.83	
482.403	-61.78	
482.61	-51.54	
482.817	22.19	
483.023	22.19	
483.23	9.9	
483.437	-53.59	
483.643	-41.3	
483.85	-22.87	
484.057	77.48	
484.263	-84.31	
484.47	11.95	
484.676	73.39	
484.883	-20.82	
485.09	7.85	
485.296	11.95	
485.503	54.95	
485.709	1.71	
485.916	20.14	
486.122	-41.3	
486.329	32.43	
486.535	73.39	
486.742	-47.44	
486.948	26.28	
487.155	-14.68	
487.361	-12.63	
487.567	20.14	
487.774	-47.44	
487.98	40.62	
488.187	-14.68	
488.393	46.76	
488.599	-55.64	
488.806	24.23	
489.012	5.8	
489.219	1.71	
489.425	13.99	
489.631	1.71	
489.837	-59.73	
490.044	38.57	
490.25	46.76	
490.456	18.09	
490.663	-0.34	
490.869	26.28	
491.075	42.67	
491.281	-16.73	
491.487	-43.35	
491.694	3.75	
491.9	46.76	
492.106	-80.21	
492.312	-2.39	
492.518	46.76	
492.724	83.63	
492.931	-59.73	
493.137	-39.25	
493.343	36.52	
493.549	44.71	
493.755	26.28	
493.961	-6.49	
494.167	-4.44	
494.373	67.24	
494.579	65.19	
494.785	20.14	
494.991	-53.59	
495.197	38.57	
495.403	-63.83	
495.609	-14.68	
495.815	-4.44	
496.021	54.95	
496.227	11.95	
496.433	-55.64	
496.639	61.1	
496.845	-10.58	
497.05	67.24	
497.256	-55.64	
497.462	-63.83	
497.668	-39.25	
497.874	65.19	
498.08	-22.87	
498.286	3.75	
498.491	67.24	
498.697	42.67	
498.903	-69.97	
499.109	18.09	
499.314	-149.84	
499.52	-12.63	
499.726	87.72	
499.932	-14.68	
500.137	-18.77	
500.343	28.33	
500.549	-76.12	
500.754	-86.36	
500.96	22.19	
501.166	34.47	
501.371	-18.77	
501.577	20.14	
501.782	24.23	
501.988	20.14	
502.194	-55.64	
502.399	13.99	
502.605	69.29	
502.81	-76.12	
503.016	44.71	
503.221	67.24	
503.427	57	
503.632	44.71	
503.838	11.95	
504.043	-4.44	
504.249	65.19	
504.454	13.99	
504.66	-43.35	
504.865	-22.87	
505.071	97.96	
505.276	-65.88	
505.481	-35.16	
505.687	-100.69	
505.892	-14.68	
506.097	18.09	
506.303	-72.02	
506.508	-18.77	
506.713	-123.22	
506.919	30.38	
507.124	40.62	
507.329	13.99	
507.535	7.85	
507.74	69.29	
507.945	-16.73	
508.15	48.81	
508.356	63.15	
508.561	-2.39	
508.766	34.47	
508.971	-24.92	
509.176	7.85	
509.381	112.3	
509.587	38.57	
509.792	87.72	
509.997	-14.68	
510.202	63.15	
510.407	13.99	
510.612	59.05	
510.817	128.68	
511.022	132.78	
511.227	67.24	
511.432	-86.36	
511.637	149.16	
511.842	-57.68	
512.047	1.71	
512.252	-35.16	
512.457	11.95	
512.662	54.95	
512.867	5.8	
513.072	-51.54	
513.277	-55.64	
513.482	61.1	
513.687	110.25	
513.892	73.39	
514.097	32.43	
514.302	40.62	
514.507	22.19	
514.711	130.73	
514.916	11.95	
515.121	-29.01	
515.326	26.28	
515.531	-84.31	
515.735	-55.64	
515.94	5.8	
516.145	34.47	
516.35	-61.78	
516.554	-39.25	
516.759	18.09	
516.964	-43.35	
517.169	-80.21	
517.373	63.15	
517.578	83.63	
517.783	83.63	
517.987	5.8	
518.192	-31.06	
518.396	5.8	
518.601	48.81	
518.806	186.02	
519.01	-4.44	
519.215	61.1	
519.419	42.67	
519.624	77.48	
519.829	9.9	
520.033	100.01	
520.238	97.96	
520.442	7.85	
520.647	91.82	
520.851	67.24	
521.055	50.86	
521.26	16.04	
521.464	95.91	
521.669	-8.53	
521.873	-67.92	
522.078	-16.73	
522.282	-74.07	
522.486	75.43	
522.691	-33.11	
522.895	71.34	
523.099	13.99	
523.304	-41.3	
523.508	36.52	
523.712	-65.88	
523.917	3.75	
524.121	20.14	
524.325	-67.92	
524.53	-35.16	
524.734	-18.77	
524.938	22.19	
525.142	-14.68	
525.346	-94.55	
525.551	-43.35	
525.755	44.71	
525.959	-92.5	
526.163	-10.58	
526.367	-176.47	
526.571	-47.44	
526.776	22.19	
526.98	-22.87	
527.184	-119.12	
527.388	30.38	
527.592	44.71	
527.796	-67.92	
528	9.9	
528.204	22.19	
528.408	-96.6	
528.612	-43.35	
528.816	11.95	
529.02	-78.16	
529.224	-39.25	
529.428	-65.88	
529.632	22.19	
529.836	-10.58	
530.04	-22.87	
530.244	-0.34	
530.448	16.04	
530.652	-106.84	
530.855	-119.12	
531.059	-33.11	
531.263	44.71	
531.467	20.14	
531.671	-4.44	
531.875	67.24	
532.078	130.73	
532.282	163.5	
532.486	118.44	
532.69	59.05	
532.893	251.56	
533.097	276.13	
533.301	208.55	
533.505	214.7	
533.708	220.84	
533.912	267.94	
534.116	134.82	
534.319	75.43	
534.523	79.53	
534.727	112.3	
534.93	59.05	
535.134	97.96	
535.338	-26.96	
535.541	-16.73	
535.745	-37.2	
535.948	48.81	
536.152	91.82	
536.355	-6.49	
536.559	5.8	
536.762	-37.2	
536.966	44.71	
537.169	-92.5	
537.373	-59.73	
537.576	13.99	
537.78	9.9	
537.983	75.43	
538.187	-43.35	
538.39	-14.68	
538.593	11.95	
538.797	138.92	
539	202.41	
539.204	345.77	
539.407	321.19	
539.61	351.91	
539.814	296.61	
540.017	179.88	
540.22	38.57	
540.424	85.67	
540.627	54.95	
540.83	192.17	
541.033	87.72	
541.237	149.16	
541.44	212.65	
541.643	147.11	
541.846	75.43	
542.049	165.54	
542.253	233.13	
542.456	157.35	
542.659	120.49	
542.862	196.26	
543.065	134.82	
543.268	169.64	
543.471	204.46	
543.674	83.63	
543.878	202.41	
544.081	106.15	
544.284	183.98	
544.487	138.92	
544.69	218.79	
544.893	208.55	
545.096	173.74	
545.299	161.45	
545.502	206.5	
545.705	140.97	
545.908	116.39	
546.111	108.2	
546.314	22.19	
546.516	108.2	
546.719	22.19	
546.922	126.63	
547.125	34.47	
547.328	173.74	
547.531	177.83	
547.734	104.11	
547.936	122.54	
548.139	9.9	
548.342	149.16	
548.545	22.19	
548.748	22.19	
548.95	28.33	
549.153	24.23	
549.356	116.39	
549.559	52.91	
549.761	40.62	
549.964	13.99	
550.167	18.09	
550.369	13.99	
550.572	-22.87	
550.775	106.15	
550.977	-80.21	
551.18	-29.01	
551.383	40.62	
551.585	1.71	
551.788	-31.06	
551.99	-10.58	
552.193	77.48	
552.396	97.96	
552.598	-4.44	
552.801	-16.73	
553.003	32.43	
553.206	9.9	
553.408	44.71	
553.611	-31.06	
553.813	-92.5	
554.015	-76.12	
554.218	122.54	
554.42	9.9	
554.623	36.52	
554.825	-39.25	
555.027	-35.16	
555.23	-18.77	
555.432	-39.25	
555.635	-35.16	
555.837	104.11	
556.039	1.71	
556.242	75.43	
556.444	-2.39	
556.646	30.38	
556.848	-47.44	
557.051	-35.16	
557.253	20.14	
557.455	-26.96	
557.657	-43.35	
557.86	34.47	
558.062	67.24	
558.264	36.52	
558.466	-26.96	
558.668	-10.58	
558.87	-96.6	
559.073	-57.68	
559.275	-100.69	
559.477	-14.68	
559.679	-164.18	
559.881	30.38	
560.083	1.71	
560.285	-102.74	
560.487	-51.54	
560.689	-47.44	
560.891	-84.31	
561.093	24.23	
561.295	-35.16	
561.497	-8.53	
561.699	-104.79	
561.901	-6.49	
562.103	-39.25	
562.305	-49.49	
562.507	-35.16	
562.709	-88.4	
562.911	-22.87	
563.113	71.34	
563.314	85.67	
563.516	-35.16	
563.718	-69.97	
563.92	-59.73	
564.122	-2.39	
564.323	-104.79	
564.525	9.9	
564.727	44.71	
564.929	102.06	
565.131	20.14	
565.332	85.67	
565.534	26.28	
565.736	9.9	
565.937	-14.68	
566.139	77.48	
566.341	63.15	
566.542	44.71	
566.744	87.72	
566.946	13.99	
567.147	114.34	
567.349	-14.68	
567.551	-16.73	
567.752	28.33	
567.954	54.95	
568.155	83.63	
568.357	-12.63	
568.558	-35.16	
568.76	26.28	
568.961	114.34	
569.163	-61.78	
569.364	-0.34	
569.566	-41.3	
569.767	-16.73	
569.969	-10.58	
570.17	54.95	
570.372	46.76	
570.573	100.01	
570.774	77.48	
570.976	69.29	
571.177	36.52	
571.378	61.1	
571.58	36.52	
571.781	30.38	
571.982	63.15	
572.184	-33.11	
572.385	3.75	
572.586	59.05	
572.788	9.9	
572.989	-31.06	
573.19	-2.39	
573.391	46.76	
573.592	44.71	
573.794	118.44	
573.995	169.64	
574.196	63.15	
574.397	130.73	
574.598	77.48	
574.799	3.75	
575.001	169.64	
575.202	296.61	
575.403	433.83	
575.604	499.36	
575.805	620.19	
576.006	605.86	
576.207	470.69	
576.408	437.92	
576.609	190.12	
576.81	177.83	
577.011	95.91	
577.212	206.5	
577.413	75.43	
577.614	188.07	
577.815	67.24	
578.016	81.58	
578.217	126.63	
578.418	118.44	
578.619	134.82	
578.819	116.39	
579.02	-35.16	
579.221	67.24	
579.422	9.9	
579.623	93.87	
579.824	167.59	
580.024	237.22	
580.225	83.63	
580.426	91.82	
580.627	149.16	
580.827	272.04	
581.028	345.77	
581.229	329.38	
581.43	372.39	
581.63	464.55	
581.831	325.29	
582.032	216.74	
582.232	245.41	
582.433	114.34	
582.634	159.4	
582.834	157.35	
583.035	190.12	
583.235	140.97	
583.436	274.09	
583.636	753.31	
583.837	3044.99	
584.038	6514.25	
584.238	10956.29	
584.439	14386.64	
584.639	16334.26	
584.84	15990.2	
585.04	13067.75	
585.241	9729.56	
585.441	6274.63	
585.641	4617.83	
585.842	3673.71	
586.042	3614.32	
586.243	3358.33	
586.443	3348.09	
586.643	3298.94	
586.844	4066.92	
587.044	4812.39	
587.244	5629.52	
587.445	5645.91	
587.645	5650	
587.845	4752.99	
588.046	3763.83	
588.246	2659.97	
588.446	1771.15	
588.646	1431.19	
588.847	1212.06	
589.047	1148.57	
589.247	1123.99	
589.447	1193.62	
589.647	1214.1	
589.847	1066.65	
590.048	1091.23	
590.248	818.85	
590.448	532.13	
590.648	394.92	
590.848	343.72	
591.048	282.28	
591.248	233.13	
591.448	149.16	
591.648	237.22	
591.848	136.87	
592.048	216.74	
592.248	165.54	
592.448	106.15	
592.648	247.46	
592.848	505.51	
593.048	1478.29	
593.248	3131	
593.448	5252.7	
593.648	7396.92	
593.848	8248.88	
594.048	8144.43	
594.248	7018.05	
594.447	5463.64	
594.647	3647.09	
594.847	2303.62	
595.047	2002.57	
595.247	1934.99	
595.447	1758.86	
595.646	1748.62	
595.846	1722	
596.046	1828.49	
596.246	1988.24	
596.445	2166.41	
596.645	2528.9	
596.845	2612.87	
597.044	2471.56	
597.244	2143.88	
597.444	1689.23	
597.643	1230.49	
597.843	847.52	
598.043	745.12	
598.242	681.63	
598.442	589.47	
598.641	614.05	
598.841	530.08	
599.041	480.93	
599.24	306.85	
599.44	413.35	
599.639	257.7	
599.839	251.56	
600.038	126.63	
600.238	286.37	
600.437	130.73	
600.637	95.91	
600.836	190.12	
601.035	26.28	
601.235	102.06	
601.434	255.65	
601.634	673.44	
601.833	1070.75	
602.032	1685.14	
602.232	2201.23	
602.431	2500.23	
602.63	2311.82	
602.83	1947.28	
603.029	1351.32	
603.228	943.77	
603.427	714.4	
603.627	726.69	
603.826	646.82	
604.025	468.64	
604.224	435.88	
604.424	476.84	
604.623	460.45	
604.822	315.05	
605.021	323.24	
605.22	302.76	
605.419	143.02	
605.618	233.13	
605.818	638.62	
606.017	1756.82	
606.216	3425.91	
606.415	5228.12	
606.614	7091.77	
606.813	8400.43	
607.012	8187.44	
607.211	7304.76	
607.41	5611.09	
607.609	3989.1	
607.808	2987.65	
608.007	2778.75	
608.206	4120.17	
608.405	6082.13	
608.604	8762.92	
608.802	10804.74	
609.001	12336.62	
609.2	11924.98	
609.399	10235.41	
609.598	7831.09	
609.797	5363.29	
609.996	3763.83	
610.194	3083.9	
610.393	2723.46	
610.592	2479.75	
610.791	2403.97	
610.99	2199.18	
611.188	2066.06	
611.387	1885.84	
611.586	1558.16	
611.784	1201.82	
611.983	1044.12	
612.182	882.33	
612.38	849.57	
612.579	1005.21	
612.778	2309.77	
612.976	5027.42	
613.175	8607.27	
613.374	12846.57	
613.572	15979.96	
613.771	18156.95	
613.969	16852.39	
614.168	13809.11	
614.366	10569.23	
614.565	7075.39	
614.763	5500.5	
614.962	5402.2	
615.16	5889.62	
615.359	6649.41	
615.557	7642.68	
615.756	7978.54	
615.954	7718.45	
616.153	6391.37	
616.351	4736.61	
616.549	3380.86	
616.748	2193.03	
616.946	1713.81	
617.144	1478.29	
617.343	1355.41	
617.541	1222.3	
617.739	1199.77	
617.938	962.2	
618.136	915.1	
618.334	628.39	
618.532	480.93	
618.731	368.29	
618.929	161.45	
619.127	251.56	
619.325	77.48	
619.523	241.32	
619.722	169.64	
619.92	278.18	
620.118	413.35	
620.316	1173.14	
620.514	1844.88	
620.712	3026.56	
620.91	3933.81	
621.108	4646.5	
621.306	4621.92	
621.505	3892.85	
621.703	3196.54	
621.901	2336.39	
622.099	1713.81	
622.297	1332.89	
622.495	954.01	
622.693	1021.6	
622.89	1054.36	
623.088	915.1	
623.286	851.61	
623.484	679.58	
623.682	534.18	
623.88	380.58	
624.078	284.33	
624.276	284.33	
624.474	186.02	
624.671	263.85	
624.869	300.71	
625.067	738.98	
625.265	2223.75	
625.463	3909.23	
625.66	5682.77	
625.858	7259.71	
626.056	8574.5	
626.254	8185.39	
626.451	7249.47	
626.649	5686.87	
626.847	4230.76	
627.044	3081.85	
627.242	2401.93	
627.44	2041.48	
627.637	1754.77	
627.835	1621.65	
628.032	1502.87	
628.23	1472.15	
628.428	1152.67	
628.625	880.29	
628.823	769.69	
629.02	1179.29	
629.218	1842.83	
629.415	2739.84	
629.613	3589.75	
629.81	4404.84	
630.008	4521.57	
630.205	3931.76	
630.403	3276.41	
630.6	2428.55	
630.797	1799.82	
630.995	1486.48	
631.192	1240.73	
631.39	1123.99	
631.587	1189.53	
631.784	1613.46	
631.982	3520.12	
632.179	6432.33	
632.376	9881.11	
632.574	13534.68	
632.771	16160.18	
632.968	16874.92	
633.165	15240.64	
633.363	12367.34	
633.56	9317.92	
633.757	6712.9	
633.954	5072.48	
634.151	4216.43	
634.349	3663.47	
634.546	3438.2	
634.743	3040.89	
634.94	2711.17	
635.137	2248.33	
635.334	1861.26	
635.531	1185.43	
635.728	898.72	
635.925	560.8	
636.122	345.77	
636.319	433.83	
636.516	573.09	
636.713	1199.77	
636.91	3462.77	
637.107	5842.51	
637.304	8957.47	
637.501	11716.09	
637.698	13632.99	
637.895	13520.35	
638.092	12002.8	
638.289	9917.97	
638.486	8285.74	
638.683	10475.02	
638.88	17683.87	
639.076	27118.86	
639.273	37981.29	
639.47	47193.05	
639.667	51958.67	
639.864	49632.18	
640.06	43459.6	
640.257	33522.86	
640.454	24296.76	
640.651	17819.03	
640.847	13848.02	
641.044	11390.46	
641.241	10036.75	
641.437	8857.12	
641.634	7892.53	
641.831	6835.78	
642.027	5469.78	
642.224	3786.35	
642.421	2451.08	
642.617	1455.76	
642.814	911	
643.01	591.52	
643.207	444.07	
643.403	353.96	
643.6	472.74	
643.796	190.12	
643.993	310.95	
644.189	206.5	
644.386	224.94	
644.582	229.03	
644.779	216.74	
644.975	153.26	
645.172	169.64	
645.368	274.09	
645.564	71.34	
645.761	126.63	
645.957	155.3	
646.153	69.29	
646.35	44.71	
646.546	132.78	
646.742	-12.63	
646.939	91.82	
647.135	18.09	
647.331	61.1	
647.527	200.36	
647.724	147.11	
647.92	83.63	
648.116	87.72	
648.312	192.17	
648.509	149.16	
648.705	188.07	
648.901	673.44	
649.097	2055.82	
649.293	5379.67	
649.489	9215.52	
649.685	13886.93	
649.881	17560.99	
650.077	20018.55	
650.274	19248.52	
650.47	17380.77	
650.666	13923.8	
650.862	10397.2	
651.058	7749.17	
651.254	5858.9	
651.45	4888.16	
651.645	4357.74	
651.841	4548.2	
652.037	5242.46	
652.233	6340.17	
652.429	6628.93	
652.625	7188.03	
652.821	6583.88	
653.017	5736.02	
653.213	4902.5	
653.408	3638.9	
653.604	2719.36	
653.8	1939.09	
653.996	1504.92	
654.192	1377.94	
654.387	1203.86	
654.583	1083.03	
654.779	882.33	
654.975	765.6	
655.17	472.74	
655.366	405.16	
655.562	304.81	
655.757	145.06	
655.953	95.91	
656.149	116.39	
656.344	134.82	
656.54	181.93	
656.735	93.87	
656.931	65.19	
657.127	38.57	
657.322	85.67	
657.518	71.34	
657.713	155.3	
657.909	151.21	
658.104	245.41	
658.3	616.1	
658.495	1545.88	
658.691	2946.69	
658.886	4470.37	
659.082	5877.33	
659.277	6864.45	
659.472	6714.95	
659.668	6239.82	
659.863	5058.14	
660.059	3958.38	
660.254	3034.75	
660.449	2156.17	
660.644	1760.91	
660.84	1496.72	
661.035	1265.3	
661.23	1265.3	
661.426	964.25	
661.621	888.48	
661.816	663.2	
662.011	409.25	
662.207	194.22	
662.402	190.12	
662.597	210.6	
662.792	151.21	
662.987	153.26	
663.182	28.33	
663.377	36.52	
663.573	22.19	
663.768	169.64	
663.963	75.43	
664.158	65.19	
664.353	24.23	
664.548	79.53	
664.743	218.79	
664.938	116.39	
665.133	112.3	
665.328	206.5	
665.523	134.82	
665.718	36.52	
665.913	181.93	
666.108	485.03	
666.303	1767.06	
666.498	3927.66	
666.692	6293.07	
666.887	8855.08	
667.082	11421.18	
667.277	12748.26	
667.472	12477.93	
667.667	10948.1	
667.861	9014.82	
668.056	6760	
668.251	4970.08	
668.446	4019.82	
668.64	3364.47	
668.835	2690.69	
669.03	2395.78	
669.225	2084.49	
669.419	1840.78	
669.614	1363.61	
669.809	904.86	
670.003	896.67	
670.198	1431.19	
670.393	2545.28	
670.587	4154.99	
670.782	5551.7	
670.976	7095.87	
671.171	7933.49	
671.365	7652.92	
671.56	6504.01	
671.754	5217.88	
671.949	4136.56	
672.143	3100.28	
672.338	2383.49	
672.532	1984.14	
672.727	1705.62	
672.921	1431.19	
673.116	1267.35	
673.31	1083.03	
673.504	831.13	
673.699	587.43	
673.893	351.91	
674.088	241.32	
674.282	198.31	
674.476	108.2	
674.67	147.11	
674.865	3.75	
675.059	3.75	
675.253	52.91	
675.448	87.72	
675.642	-45.4	
675.836	-37.2	
676.03	28.33	
676.224	95.91	
676.419	-39.25	
676.613	16.04	
676.807	-0.34	
677.001	-37.2	
677.195	69.29	
677.389	52.91	
677.583	-35.16	
677.777	-55.64	
677.972	-31.06	
678.166	40.62	
678.36	16.04	
678.554	108.2	
678.748	-49.49	
678.942	-49.49	
679.136	79.53	
679.33	67.24	
679.524	26.28	
679.717	63.15	
679.911	-69.97	
680.105	75.43	
680.299	11.95	
680.493	-57.68	
680.687	100.01	
680.881	97.96	
681.075	30.38	
681.268	-53.59	
681.462	52.91	
681.656	-29.01	
681.85	-24.92	
682.044	-45.4	
682.237	34.47	
682.431	-18.77	
682.625	3.75	
682.819	48.81	
683.012	-92.5	
683.206	16.04	
683.4	-37.2	
683.593	5.8	
683.787	79.53	
683.981	42.67	
684.174	65.19	
684.368	-8.53	
684.561	32.43	
684.755	-22.87	
684.948	-53.59	
685.142	26.28	
685.335	1.71	
685.529	30.38	
685.722	46.76	
685.916	-51.54	
686.109	-18.77	
686.303	-12.63	
686.496	22.19	
686.69	38.57	
686.883	-2.39	
687.077	71.34	
687.27	116.39	
687.463	145.06	
687.657	24.23	
687.85	11.95	
688.043	-47.44	
688.237	57	
688.43	77.48	
688.623	-0.34	
688.816	3.75	
689.01	87.72	
689.203	26.28	
689.396	-29.01	
689.589	104.11	
689.783	69.29	
689.976	28.33	
690.169	36.52	
690.362	-41.3	
690.555	-2.39	
690.748	108.2	
690.941	77.48	
691.135	206.5	
691.328	820.89	
691.521	2557.57	
691.714	4445.8	
691.907	6682.18	
692.1	8670.76	
692.293	10825.22	
692.486	11087.36	
692.679	10440.2	
692.872	9086.5	
693.065	7263.8	
693.258	5650	
693.451	4351.59	
693.644	3436.15	
693.836	2891.39	
694.029	2322.06	
694.222	2010.76	
694.415	1885.84	
694.608	1642.13	
694.801	1171.1	
694.993	714.4	
695.186	425.64	
695.379	306.85	
695.572	222.89	
695.765	95.91	
695.957	190.12	
696.15	34.47	
696.343	102.06	
696.535	40.62	
696.728	-61.78	
696.921	-51.54	
697.113	95.91	
697.306	26.28	
697.499	69.29	
697.691	85.67	
697.884	157.35	
698.076	128.68	
698.269	110.25	
698.462	462.5	
698.654	20.14	
698.847	34.47	
699.039	18.09	
699.232	20.14	
699.424	-59.73	
699.617	95.91	
699.809	-51.54	
700.001	57	
700.194	59.05	
700.386	57	
700.579	126.63	
700.771	153.26	
700.963	313	
701.156	468.64	
701.348	816.8	
701.54	1656.47	
701.733	3577.46	
701.925	6626.89	
702.117	10184.21	
702.309	13479.39	
702.502	16592.3	
702.694	17700.25	
702.886	17421.73	
703.078	15662.52	
703.271	13278.69	
703.463	10460.68	
703.655	8371.75	
703.847	6628.93	
704.039	5117.53	
704.231	4300.39	
704.423	3802.74	
704.615	3399.29	
704.808	2961.02	
705	2485.89	
705.192	1930.89	
705.384	1126.04	
705.576	808.61	
705.768	624.29	
705.96	325.29	
706.152	341.67	
706.344	155.3	
706.536	196.26	
706.727	128.68	
706.919	163.5	
707.111	120.49	
707.303	208.55	
707.495	138.92	
707.687	63.15	
707.879	75.43	
708.071	104.11	
708.262	26.28	
708.454	16.04	
708.646	71.34	
708.838	63.15	
709.029	52.91	
709.221	-39.25	
709.413	67.24	
709.605	-4.44	
709.796	-4.44	
709.988	-14.68	
710.18	22.19	
710.371	5.8	
710.563	18.09	
710.755	69.29	
710.946	130.73	
711.138	89.77	
711.329	59.05	
711.521	46.76	
711.712	26.28	
711.904	44.71	
712.095	5.8	
712.287	22.19	
712.478	1.71	
712.67	42.67	
712.861	-55.64	
713.053	71.34	
713.244	-35.16	
713.436	46.76	
713.627	-29.01	
713.818	73.39	
714.01	83.63	
714.201	-94.55	
714.393	36.52	
714.584	112.3	
714.775	-26.96	
714.966	38.57	
715.158	-43.35	
715.349	73.39	
715.54	-22.87	
715.732	259.75	
715.923	493.22	
716.114	1001.12	
716.305	1449.62	
716.496	2096.78	
716.688	2299.53	
716.879	2643.59	
717.07	2557.57	
717.261	2377.35	
717.452	1947.28	
717.643	1521.3	
717.834	1339.03	
718.025	902.81	
718.216	788.13	
718.407	718.5	
718.598	599.71	
718.789	431.78	
718.98	356.01	
719.171	409.25	
719.362	247.46	
719.553	136.87	
719.744	134.82	
719.935	114.34	
720.126	26.28	
720.317	-47.44	
720.508	18.09	
720.699	-72.02	
720.889	-18.77	
721.08	-14.68	
721.271	-43.35	
721.462	-8.53	
721.653	13.99	
721.843	75.43	
722.034	93.87	
722.225	44.71	
722.416	102.06	
722.606	192.17	
722.797	353.96	
722.988	1021.6	
723.178	2244.23	
723.369	3577.46	
723.56	5084.77	
723.75	6317.64	
723.941	7360.06	
724.132	7224.89	
724.322	6741.57	
724.513	5875.28	
724.703	4603.49	
724.894	3726.96	
725.084	2926.21	
725.275	2281.1	
725.465	1926.8	
725.656	1642.13	
725.846	1427.09	
726.037	1271.45	
726.227	1009.31	
726.417	812.7	
726.608	493.22	
726.798	362.15	
726.989	231.08	
727.179	147.11	
727.369	104.11	
727.56	5.8	
727.75	-6.49	
727.94	11.95	
728.131	5.8	
728.321	-55.64	
728.511	79.53	
728.701	30.38	
728.892	7.85	
729.082	24.23	
729.272	-10.58	
729.462	22.19	
729.652	-80.21	
729.842	-49.49	
730.033	-35.16	
730.223	-12.63	
730.413	-22.87	
730.603	-33.11	
730.793	-35.16	
730.983	48.81	
731.173	44.71	
731.363	-35.16	
731.553	-53.59	
731.743	16.04	
731.933	-45.4	
732.123	-49.49	
732.313	-10.58	
732.503	-88.4	
732.693	24.23	
732.883	-69.97	
733.073	7.85	
733.263	-51.54	
733.452	93.87	
733.642	-45.4	
733.832	57	
734.022	57	
734.212	20.14	
734.402	44.71	
734.591	-125.27	
734.781	44.71	
734.971	-37.2	
735.161	-92.5	
735.35	79.53	
735.54	116.39	
735.73	124.58	
735.919	-43.35	
736.109	-14.68	
736.299	-2.39	
736.488	24.23	
736.678	-80.21	
736.867	34.47	
737.057	77.48	
737.247	-39.25	
737.436	65.19	
737.626	-12.63	
737.815	-55.64	
738.005	-39.25	
738.194	28.33	
738.384	-43.35	
738.573	5.8	
738.763	-26.96	
738.952	-61.78	
739.141	-55.64	
739.331	-29.01	
739.52	-55.64	
739.71	85.67	
739.899	-16.73	
740.088	-55.64	
740.278	-10.58	
740.467	-35.16	
740.656	-43.35	
740.846	7.85	
741.035	67.24	
741.224	-20.82	
741.413	-26.96	
741.603	1.71	
741.792	-106.84	
741.981	-51.54	
742.17	48.81	
742.359	292.52	
742.548	665.25	
742.738	1099.42	
742.927	1443.48	
743.116	1797.78	
743.305	1994.38	
743.494	1959.56	
743.683	1820.3	
743.872	1703.57	
744.061	1101.47	
744.25	1050.27	
744.439	771.74	
744.628	624.29	
744.817	499.36	
745.006	530.08	
745.195	366.25	
745.384	317.09	
745.573	300.71	
745.762	202.41	
745.951	196.26	
746.139	67.24	
746.328	77.48	
746.517	100.01	
746.706	106.15	
746.895	112.3	
747.084	22.19	
747.272	79.53	
747.461	157.35	
747.65	255.65	
747.839	368.29	
748.027	360.1	
748.216	550.56	
748.405	579.23	
748.593	394.92	
748.782	368.29	
748.971	386.72	
749.159	331.43	
749.348	220.84	
749.536	243.37	
749.725	91.82	
749.914	48.81	
750.102	102.06	
750.291	85.67	
750.479	57	
750.668	149.16	
750.856	-26.96	
751.045	132.78	
751.233	52.91	
751.421	-100.69	
751.61	-31.06	
751.798	-55.64	
751.987	-14.68	
752.175	165.54	
752.363	175.78	
752.552	161.45	
752.74	454.31	
752.928	478.88	
753.117	396.96	
753.305	521.89	
753.493	421.54	
753.682	464.55	
753.87	431.78	
754.058	464.55	
754.246	296.61	
754.434	300.71	
754.623	304.81	
754.811	161.45	
754.999	153.26	
755.187	153.26	
755.375	77.48	
755.563	63.15	
755.751	38.57	
755.94	-61.78	
756.128	20.14	
756.316	-24.92	
756.504	57	
756.692	-8.53	
756.88	-61.78	
757.068	5.8	
757.256	-72.02	
757.444	26.28	
757.632	-45.4	
757.819	-78.16	
758.007	44.71	
758.195	-29.01	
758.383	-8.53	
758.571	42.67	
758.759	-49.49	
758.947	-65.88	
759.135	-80.21	
759.322	-61.78	
759.51	-80.21	
759.698	-55.64	
759.886	-59.73	
760.073	-45.4	
760.261	-18.77	
760.449	-26.96	
760.637	112.3	
760.824	-92.5	
761.012	-33.11	
761.2	-86.36	
761.387	-59.73	
761.575	18.09	
761.762	-45.4	
761.95	9.9	
762.138	-22.87	
762.325	-41.3	
762.513	38.57	
762.7	75.43	
762.888	-6.49	
763.075	-55.64	
763.263	13.99	
763.45	-29.01	
763.638	-63.83	
763.825	-24.92	
764.012	-96.6	
764.2	-57.68	
764.387	-149.84	
764.575	5.8	
764.762	-67.92	
764.949	-37.2	
765.137	-82.26	
765.324	-39.25	
765.511	-63.83	
765.699	-63.83	
765.886	-59.73	
766.073	34.47	
766.26	-18.77	
766.448	52.91	
766.635	11.95	
766.822	-49.49	
767.009	-49.49	
767.196	-43.35	
767.383	3.75	
767.571	-20.82	
767.758	-53.59	
767.945	-20.82	
768.132	-47.44	
768.319	-10.58	
768.506	-80.21	
768.693	-6.49	
768.88	-51.54	
769.067	-69.97	
769.254	-55.64	
769.441	-0.34	
769.628	110.25	
769.815	-22.87	
770.002	-31.06	
770.189	-80.21	
770.376	-45.4	
770.563	-10.58	
770.75	9.9	
770.936	36.52	
771.123	-69.97	
771.31	42.67	
771.497	-22.87	
771.684	-0.34	
771.87	-22.87	
772.057	28.33	
772.244	-0.34	
772.431	1.71	
772.617	83.63	
772.804	-94.55	
772.991	-33.11	
773.177	-47.44	
773.364	30.38	
773.551	-14.68	
773.737	-10.58	
773.924	-45.4	
774.111	11.95	
774.297	-80.21	
774.484	-35.16	
774.67	9.9	
774.857	-121.17	
775.043	-57.68	
775.23	20.14	
775.416	-76.12	
775.603	-86.36	
775.789	-14.68	
775.976	20.14	
776.162	42.67	
776.349	-35.16	
776.535	30.38	
776.721	-29.01	
776.908	-12.63	
777.094	1.71	
777.28	1.71	
777.467	38.57	
777.653	-84.31	
777.839	11.95	
778.025	-31.06	
778.212	-57.68	
778.398	-84.31	
778.584	1.71	
778.77	3.75	
778.957	-108.88	
779.143	-57.68	
779.329	-12.63	
779.515	-26.96	
779.701	-45.4	
779.887	22.19	
780.073	-33.11	
780.26	-121.17	
780.446	102.06	
780.632	-72.02	
780.818	-76.12	
781.004	-2.39	
781.19	30.38	
781.376	48.81	
781.562	-29.01	
781.748	-20.82	
781.934	34.47	
782.12	32.43	
782.305	-63.83	
782.491	-2.39	
782.677	-121.17	
782.863	73.39	
783.049	59.05	
783.235	-65.88	
783.421	-2.39	
783.606	-12.63	
783.792	11.95	
783.978	-8.53	
784.164	-29.01	
784.349	-47.44	
784.535	-115.03	
784.721	-22.87	
784.907	-6.49	
785.092	-33.11	
785.278	63.15	
785.464	-82.26	
785.649	-100.69	
785.835	11.95	
786.02	-29.01	
786.206	-37.2	
786.392	-14.68	
786.577	-20.82	
786.763	16.04	
786.948	-59.73	
787.134	-20.82	
787.319	5.8	
787.505	-31.06	
787.69	-26.96	
787.876	75.43	
788.061	71.34	
788.246	-78.16	
788.432	-55.64	
788.617	-12.63	
788.803	-29.01	
788.988	-55.64	
789.173	-55.64	
789.359	-141.65	
789.544	54.95	
789.729	-67.92	
789.915	-112.98	
790.1	1.71	
790.285	-59.73	
790.47	-72.02	
790.655	-26.96	
790.841	-43.35	
791.026	34.47	
791.211	-92.5	
791.396	-110.93	
791.581	-100.69	
791.766	-14.68	
791.952	-14.68	
792.137	-90.45	
792.322	-72.02	
792.507	30.38	
792.692	-57.68	
792.877	5.8	
793.062	-14.68	
793.247	-86.36	
793.432	87.72	
793.617	-16.73	
793.802	165.54	
793.987	71.34	
794.172	46.76	
794.356	36.52	
794.541	-14.68	
794.726	-31.06	
794.911	32.43	
795.096	-31.06	
795.281	-4.44	
795.466	-69.97	
795.65	-41.3	
795.835	-12.63	
796.02	-72.02	
796.205	48.81	
796.389	-16.73	
796.574	-33.11	
796.759	-20.82	
796.943	-72.02	
797.128	-80.21	
797.313	-22.87	
797.497	34.47	
797.682	-39.25	
797.867	-51.54	
798.051	-63.83	
798.236	13.99	
798.42	36.52	
798.605	-47.44	
798.789	-61.78	
798.974	-100.69	
799.158	-104.79	
799.343	-6.49	
799.527	-39.25	
799.712	-67.92	
799.896	32.43	
800.081	91.82	
800.265	50.86	
800.449	-20.82	
800.634	-6.49	
800.818	-102.74	
801.002	11.95	
801.187	-37.2	
801.371	18.09	
801.555	3.75	
801.74	-74.07	
801.924	-35.16	
802.108	-131.41	
802.292	-26.96	
802.477	-55.64	
802.661	5.8	
802.845	11.95	
803.029	22.19	
803.213	-39.25	
803.397	-26.96	
803.581	-16.73	
803.766	-47.44	
803.95	102.06	
804.134	22.19	
804.318	-43.35	
804.502	-41.3	
804.686	-55.64	
804.87	-119.12	
805.054	57	
805.238	-55.64	
805.422	-80.21	
805.606	13.99	
805.79	-33.11	
805.973	-31.06	
806.157	-59.73	
806.341	65.19	
806.525	-45.4	
806.709	-31.06	
806.893	42.67	
807.077	-4.44	
807.26	112.3	
807.444	-14.68	
807.628	54.95	
807.812	50.86	
807.995	28.33	
808.179	-4.44	
808.363	-10.58	
808.546	-12.63	
808.73	-55.64	
808.914	-39.25	
809.097	73.39	
809.281	-12.63	
809.465	50.86	
809.648	18.09	
809.832	-76.12	
810.015	75.43	
810.199	-35.16	
810.382	-18.77	
810.566	-20.82	
810.749	16.04	
810.933	3.75	
811.116	42.67	
811.3	-12.63	
811.483	7.85	
811.667	26.28	
811.85	108.2	
812.034	44.71	
812.217	44.71	
812.4	48.81	
812.584	9.9	
812.767	77.48	
812.95	54.95	
813.133	38.57	
813.317	112.3	
813.5	5.8	
813.683	-59.73	
813.866	87.72	
814.05	-20.82	
814.233	-0.34	
814.416	-29.01	
814.599	9.9	
814.782	26.28	
814.965	-6.49	
815.149	13.99	
815.332	-4.44	
815.515	-29.01	
815.698	-8.53	
815.881	-86.36	
816.064	-88.4	
816.247	48.81	
816.43	-20.82	
816.613	42.67	
816.796	-43.35	
816.979	-110.93	
817.162	46.76	
817.345	5.8	
817.528	-168.27	
817.711	-135.51	
817.893	-76.12	
818.076	-108.88	
818.259	-10.58	
818.442	-55.64	
818.625	-20.82	
818.808	-43.35	
818.99	-45.4	
819.173	-65.88	
819.356	-53.59	
819.539	-94.55	
819.721	-35.16	
819.904	-2.39	
820.087	-16.73	
820.269	-63.83	
820.452	-35.16	
820.635	-129.36	
820.817	-57.68	
821	26.28	
821.182	28.33	
821.365	-47.44	
821.548	-51.54	
821.73	-104.79	
821.913	26.28	
822.095	7.85	
822.278	-90.45	
822.46	-10.58	
822.642	5.8	
822.825	-22.87	
823.007	-41.3	
823.19	-10.58	
823.372	-55.64	
823.555	-14.68	
823.737	-69.97	
823.919	18.09	
824.102	-53.59	
824.284	-45.4	
824.466	16.04	
824.648	-14.68	
824.831	-88.4	
825.013	-10.58	
825.195	-96.6	
825.377	-29.01	
825.56	5.8	
825.742	-20.82	
825.924	52.91	
826.106	46.76	
826.288	46.76	
826.47	-18.77	
826.652	61.1	
826.835	-43.35	
827.017	75.43	
827.199	-14.68	
827.381	-61.78	
827.563	-4.44	
827.745	42.67	
827.927	-31.06	
828.109	-108.88	
828.291	-14.68	
828.473	-14.68	
828.655	-14.68	
828.836	57	
829.018	136.87	
829.2	97.96	
829.382	255.65	
829.564	229.03	
829.746	143.02	
829.928	231.08	
830.109	108.2	
830.291	122.54	
830.473	28.33	
830.655	63.15	
830.836	1.71	
831.018	-22.87	
831.2	1.71	
831.382	26.28	
831.563	-72.02	
831.745	124.58	
831.926	77.48	
832.108	1.71	
832.29	-2.39	
832.471	-35.16	
832.653	-16.73	
832.834	-115.03	
833.016	-67.92	
833.197	22.19	
833.379	-133.46	
833.56	61.1	
833.742	-29.01	
833.923	28.33	
834.105	-100.69	
834.286	-16.73	
834.468	1.71	
834.649	50.86	
834.83	-26.96	
835.012	-104.79	
835.193	-137.56	
835.374	-82.26	
835.556	-6.49	
835.737	-49.49	
835.918	-61.78	
836.1	71.34	
836.281	190.12	
836.462	296.61	
836.643	485.03	
836.824	779.93	
837.006	722.59	
837.187	1003.16	
837.368	929.44	
837.549	794.27	
837.73	792.22	
837.911	589.47	
838.092	460.45	
838.273	319.14	
838.455	280.23	
838.636	292.52	
838.817	188.07	
838.998	226.98	
839.179	175.78	
839.36	95.91	
839.54	59.05	
839.721	7.85	
839.902	171.69	
840.083	71.34	
840.264	124.58	
840.445	18.09	
840.626	140.97	
840.807	36.52	
840.988	108.2	
841.168	151.21	
841.349	153.26	
841.53	100.01	
841.711	42.67	
841.891	61.1	
842.072	77.48	
842.253	-6.49	
842.434	-72.02	
842.614	7.85	
842.795	-53.59	
842.976	63.15	
843.156	-29.01	
843.337	67.24	
843.517	5.8	
843.698	-0.34	
843.878	-29.01	
844.059	-86.36	
844.24	-29.01	
844.42	1.71	
844.601	-35.16	
844.781	-55.64	
844.962	-82.26	
845.142	46.76	
845.322	7.85	
845.503	22.19	
845.683	59.05	
845.864	-39.25	
846.044	-0.34	
846.224	-6.49	
846.405	-137.56	
846.585	5.8	
846.765	61.1	
846.946	75.43	
847.126	-12.63	
847.306	-43.35	
847.486	-69.97	
847.667	13.99	
847.847	-4.44	
848.027	116.39	
848.207	59.05	
848.387	253.61	
848.567	284.33	
848.747	388.77	
848.928	513.7	
849.108	485.03	
849.288	413.35	
849.468	290.47	
849.648	298.66	
849.828	212.65	
850.008	190.12	
850.188	218.79	
850.368	116.39	
850.548	44.71	
850.728	272.04	
850.908	157.35	
851.088	46.76	
851.267	65.19	
851.447	63.15	
851.627	42.67	
851.807	9.9	
851.987	46.76	
852.167	-76.12	
852.346	50.86	
852.526	-49.49	
852.706	102.06	
852.886	-47.44	
853.065	-22.87	
853.245	-35.16	
853.425	-43.35	
853.605	-129.36	
853.784	28.33	
853.964	22.19	
854.143	-98.64	
854.323	48.81	
854.503	20.14	
854.682	-104.79	
854.862	54.95	
855.041	-76.12	
855.221	-61.78	
855.4	-14.68	
855.58	-31.06	
855.759	26.28	
855.939	-12.63	
856.118	-63.83	
856.298	-57.68	
856.477	-45.4	
856.657	-33.11	
856.836	-8.53	
857.015	-8.53	
857.195	-29.01	
857.374	13.99	
857.553	50.86	
857.733	13.99	
857.912	81.58	
858.091	52.91	
858.27	237.22	
858.45	143.02	
858.629	130.73	
858.808	188.07	
858.987	143.02	
859.166	130.73	
859.345	89.77	
859.525	190.12	
859.704	93.87	
859.883	32.43	
860.062	-90.45	
860.241	-2.39	
860.42	-41.3	
860.599	-22.87	
860.778	22.19	
860.957	91.82	
861.136	1.71	
861.315	32.43	
861.494	77.48	
861.673	22.19	
861.852	-45.4	
862.031	46.76	
862.21	95.91	
862.388	104.11	
862.567	134.82	
862.746	169.64	
862.925	24.23	
863.104	200.36	
863.283	267.94	
863.461	89.77	
863.64	87.72	
863.819	134.82	
863.997	165.54	
864.176	220.84	
864.355	247.46	
864.534	286.37	
864.712	380.58	
864.891	480.93	
865.069	325.29	
865.248	239.27	
865.427	317.09	
865.605	276.13	
865.784	147.11	
865.962	59.05	
866.141	100.01	
866.319	22.19	
866.498	112.3	
866.676	114.34	
866.855	143.02	
867.033	118.44	
867.212	112.3	
867.39	177.83	
867.568	163.5	
867.747	149.16	
867.925	241.32	
868.103	210.6	
868.282	63.15	
868.46	34.47	
868.638	54.95	
868.817	1.71	
868.995	50.86	
869.173	1.71	
869.351	-26.96	
869.529	-37.2	
869.708	-20.82	
869.886	13.99	
870.064	-43.35	
870.242	11.95	
870.42	-86.36	
870.598	-31.06	
870.776	104.11	
870.954	-10.58	
871.133	-94.55	
871.311	-24.92	
871.489	-14.68	
871.667	-65.88	
871.845	-131.41	
872.023	1.71	
872.2	-10.58	
872.378	38.57	
872.556	-10.58	
872.734	-31.06	
872.912	42.67	
873.09	73.39	
873.268	3.75	
873.446	-53.59	
873.623	-43.35	
873.801	-100.69	
873.979	-78.16	
874.157	-45.4	
874.335	28.33	
874.512	-37.2	
874.69	-41.3	
874.868	28.33	
875.045	-53.59	
875.223	7.85	
875.401	-55.64	
875.578	-121.17	
875.756	-74.07	
875.934	81.58	
876.111	-80.21	
876.289	85.67	
876.466	120.49	
876.644	26.28	
876.821	40.62	
876.999	241.32	
877.176	263.85	
877.354	378.53	
877.531	462.5	
877.709	523.94	
877.886	351.91	
878.063	267.94	
878.241	114.34	
878.418	239.27	
878.596	91.82	
878.773	186.02	
878.95	77.48	
879.127	5.8	
879.305	9.9	
879.482	54.95	
879.659	-10.58	
879.836	93.87	
880.014	13.99	
880.191	38.57	
880.368	73.39	
880.545	18.09	
880.722	18.09	
880.9	124.58	
881.077	-67.92	
881.254	73.39	
881.431	-72.02	
881.608	-0.34	
881.785	-20.82	
881.962	-82.26	
882.139	-51.54	
882.316	-90.45	
882.493	-31.06	
882.67	-37.2	
882.847	-26.96	
883.024	-2.39	
883.201	-55.64	
883.378	-6.49	
883.554	-29.01	
883.731	40.62	
883.908	44.71	
884.085	-39.25	
884.262	52.91	
884.439	-6.49	
884.615	16.04	
884.792	83.63	
884.969	-43.35	
885.146	175.78	
885.322	13.99	
885.499	-8.53	
885.676	77.48	
885.852	114.34	
886.029	48.81	
886.205	97.96	
886.382	89.77	
886.559	46.76	
886.735	67.24	
886.912	34.47	
887.088	-80.21	
887.265	-29.01	
887.441	-106.84	
887.618	30.38	
887.794	-69.97	
887.971	-33.11	
888.147	-6.49	
888.324	-78.16	
888.5	67.24	
888.676	77.48	
888.853	-45.4	
889.029	-43.35	
889.205	32.43	
889.382	-45.4	
889.558	-51.54	
889.734	-69.97	
889.911	-53.59	
890.087	-72.02	
890.263	-29.01	
890.439	-12.63	
890.616	-35.16	
890.792	-59.73	
890.968	-76.12	
891.144	-12.63	
891.32	-94.55	
891.496	-92.5	
891.672	-59.73	
891.848	-39.25	
892.025	20.14	
892.201	-51.54	
892.377	59.05	
892.553	-18.77	
892.729	-115.03	
892.905	91.82	
893.081	-16.73	
893.256	-123.22	
893.432	-127.32	
893.608	-37.2	
893.784	-94.55	
893.96	-22.87	
894.136	-35.16	
894.312	-61.78	
894.488	-22.87	
894.663	26.28	
894.839	-24.92	
895.015	-20.82	
895.191	9.9	
895.366	-106.84	
895.542	-90.45	
895.718	1.71	
895.894	-67.92	
896.069	-53.59	
896.245	34.47	
896.421	-33.11	
896.596	-22.87	
896.772	-65.88	
896.947	-49.49	
897.123	5.8	
897.298	-80.21	
897.474	5.8	
897.649	-74.07	
897.825	97.96	
898	-29.01	
898.176	11.95	
898.351	75.43	
898.527	-80.21	
898.702	-33.11	
898.878	-108.88	
899.053	-45.4	
899.228	-35.16	
899.404	-0.34	
899.579	-78.16	
899.754	-31.06	
899.93	-74.07	
900.105	81.58	
900.28	67.24	
900.455	-12.63	
900.631	34.47	
900.806	-112.98	
900.981	-55.64	
901.156	-53.59	
901.331	-63.83	
901.507	-90.45	
901.682	-94.55	
901.857	-49.49	
902.032	69.29	
902.207	-59.73	
902.382	-57.68	
902.557	11.95	
902.732	30.38	
902.907	-18.77	
903.082	75.43	
903.257	-69.97	
903.432	97.96	
903.607	-20.82	
903.782	-39.25	
903.957	-35.16	
904.132	-10.58	
904.306	-88.4	
904.481	-12.63	
904.656	30.38	
904.831	110.25	
905.006	-49.49	
905.181	-20.82	
905.355	-0.34	
905.53	-96.6	
905.705	-108.88	
905.879	-31.06	
906.054	-41.3	
906.229	-43.35	
906.404	-96.6	
906.578	44.71	
906.753	-69.97	
906.927	-45.4	
907.102	-88.4	
907.277	-51.54	
907.451	-14.68	
907.626	-37.2	
907.8	-108.88	
907.975	-6.49	
908.149	-0.34	
908.324	-29.01	
908.498	-67.92	
908.673	-33.11	
908.847	-22.87	
909.021	-18.77	
909.196	-8.53	
909.37	5.8	
909.544	22.19	
909.719	11.95	
909.893	-133.46	
910.067	-33.11	
910.242	-4.44	
910.416	24.23	
910.59	-117.08	
910.764	16.04	
910.939	-92.5	
911.113	-55.64	
911.287	-135.51	
911.461	-24.92	
911.635	-53.59	
911.809	-53.59	
911.984	-6.49	
912.158	-43.35	
912.332	-61.78	
912.506	-20.82	
912.68	-98.64	
912.854	-49.49	
913.028	-31.06	
913.202	9.9	
913.376	-57.68	
913.55	-39.25	
913.724	13.99	
913.898	-82.26	
914.071	54.95	
914.245	91.82	
914.419	-16.73	
914.593	54.95	
914.767	-69.97	
914.941	26.28	
915.115	-47.44	
915.288	-6.49	
915.462	-45.4	
915.636	61.1	
915.81	-57.68	
915.983	-2.39	
916.157	-33.11	
916.331	3.75	
916.504	20.14	
916.678	-47.44	
916.852	-106.84	
917.025	-67.92	
917.199	52.91	
917.372	-6.49	
917.546	-69.97	
917.719	-88.4	
917.893	-63.83	
918.066	-125.27	
918.24	-76.12	
918.413	-59.73	
918.587	-63.83	
918.76	-45.4	
918.934	-135.51	
919.107	-33.11	
919.28	22.19	
919.454	34.47	
919.627	-26.96	
919.8	-24.92	
919.974	-76.12	
920.147	-94.55	
920.32	-43.35	
920.494	-84.31	
920.667	57	
920.84	-6.49	
921.013	24.23	
921.186	26.28	
921.36	-102.74	
921.533	52.91	
921.706	-78.16	
921.879	-20.82	
922.052	-51.54	
922.225	20.14	
922.398	38.57	
922.571	81.58	
922.744	-6.49	
922.917	1.71	
923.09	-6.49	
923.263	20.14	
923.436	-174.42	
923.609	-45.4	
923.782	-29.01	
923.955	-26.96	
924.128	-84.31	
924.301	36.52	
924.474	-94.55	
924.647	1.71	
924.819	52.91	
924.992	-35.16	
925.165	-6.49	
925.338	-104.79	
925.511	-31.06	
925.683	11.95	
925.856	-53.59	
926.029	-69.97	
926.201	-14.68	
926.374	28.33	
926.547	46.76	
926.719	-6.49	
926.892	-18.77	
927.065	18.09	
927.237	34.47	
927.41	36.52	
927.582	-39.25	
927.755	34.47	
927.927	5.8	
928.1	-33.11	
928.272	-33.11	
928.445	-53.59	
928.617	-80.21	
928.79	11.95	
928.962	-2.39	
929.134	13.99	
929.307	-88.4	
929.479	28.33	
929.651	-59.73	
929.824	7.85	
929.996	71.34	
930.168	57	
930.341	-14.68	
930.513	9.9	
930.685	-35.16	
930.857	-110.93	
931.029	-63.83	
931.202	-133.46	
931.374	3.75	
931.546	9.9	
931.718	-20.82	
931.89	-41.3	
932.062	-78.16	
932.234	30.38	
932.406	-31.06	
932.578	-82.26	
932.75	-63.83	
932.922	-2.39	
933.094	-26.96	
933.266	9.9	
933.438	-14.68	
933.61	-2.39	
933.782	52.91	
933.954	36.52	
934.126	1.71	
934.298	59.05	
934.47	-29.01	
934.641	-10.58	
934.813	-22.87	
934.985	-18.77	
935.157	-31.06	
935.329	42.67	
935.5	42.67	
935.672	-0.34	
935.844	-74.07	
936.015	-22.87	
936.187	-31.06	
936.359	-47.44	
936.53	-127.32	
936.702	28.33	
936.874	-18.77	
937.045	16.04	
937.217	-39.25	
937.388	-121.17	
937.56	20.14	
937.731	-35.16	
937.903	1.71	
938.074	-78.16	
938.246	44.71	
938.417	-63.83	
938.588	11.95	
938.76	85.67	
938.931	-47.44	
939.103	-37.2	
939.274	-12.63	
939.445	-22.87	
939.617	18.09	
939.788	-102.74	
939.959	-10.58	
940.13	-12.63	
940.302	-57.68	
940.473	-59.73	
940.644	30.38	
940.815	81.58	
940.987	-96.6	
941.158	9.9	
941.329	-98.64	
941.5	3.75	
941.671	-39.25	
941.842	-29.01	
942.013	-16.73	
942.184	-22.87	
942.355	-108.88	
942.526	-74.07	
942.697	20.14	
942.868	-26.96	
943.039	57	
943.21	-45.4	
943.381	-61.78	
943.552	40.62	
943.723	73.39	
943.894	-18.77	
944.065	-43.35	
944.235	-12.63	
944.406	-90.45	
944.577	1.71	
944.748	-29.01	
944.919	-49.49	
945.089	-115.03	
945.26	89.77	
945.431	-133.46	
945.601	-6.49	
945.772	-37.2	
945.943	-63.83	
946.113	59.05	
946.284	-39.25	
946.455	22.19	
946.625	5.8	
946.796	-131.41	
946.966	-74.07	
947.137	-59.73	
947.307	-96.6	
947.478	-16.73	
947.648	46.76	
947.819	-37.2	
947.989	30.38	
948.16	20.14	
948.33	-22.87	
948.5	54.95	
948.671	-47.44	
948.841	-29.01	
949.012	-22.87	
949.182	-8.53	
949.352	-26.96	
949.522	-65.88	
949.693	-69.97	
949.863	-33.11	
950.033	-55.64	
950.203	-8.53	
950.374	-35.16	
950.544	-20.82	
950.714	-26.96	
950.884	1.71	
951.054	-49.49	
951.224	-4.44	
951.394	48.81	
951.564	-26.96	
951.735	-61.78	
951.905	-106.84	
952.075	1.71	
952.245	-29.01	
952.415	-20.82	
952.585	-31.06	
952.754	22.19	
952.924	-59.73	
953.094	-10.58	
953.264	-82.26	
953.434	-0.34	
953.604	-67.92	
953.774	-45.4	
953.944	-39.25	
954.113	-20.82	
954.283	77.48	
954.453	46.76	
954.623	-59.73	
954.792	-29.01	
954.962	-20.82	
955.132	-80.21	
955.302	-135.51	
955.471	-31.06	
955.641	-49.49	
955.81	-78.16	
955.98	-12.63	
956.15	-4.44	
956.319	91.82	
956.489	-29.01	
956.658	-39.25	
956.828	-55.64	
956.997	73.39	
957.167	-29.01	
957.336	93.87	
957.506	-94.55	
957.675	38.57	
957.845	-57.68	
958.014	67.24	
958.183	13.99	
958.353	-69.97	
958.522	-51.54	
958.691	-20.82	
958.861	24.23	
959.03	1.71	
959.199	-2.39	
959.368	-18.77	
959.538	38.57	
959.707	-20.82	
959.876	-31.06	
960.045	-26.96	
960.214	93.87	
960.383	-31.06	
960.553	-137.56	
960.722	59.05	
960.891	-49.49	
961.06	30.38	
961.229	-61.78	
961.398	-67.92	
961.567	-59.73	
961.736	-14.68	
961.905	-92.5	
962.074	-6.49	
962.243	13.99	
962.412	75.43	
962.581	-51.54	
962.75	3.75	
962.918	-67.92	
963.087	30.38	
963.256	9.9	
963.425	40.62	
963.594	-41.3	
963.763	-18.77	
963.931	34.47	
964.1	-115.03	
964.269	-18.77	
964.437	-76.12	
964.606	-8.53	
964.775	-117.08	
964.943	97.96	
965.112	-22.87	
965.281	-63.83	
965.449	9.9	
965.618	-90.45	
965.786	-43.35	
965.955	-6.49	
966.124	-108.88	
966.292	-31.06	
966.461	-47.44	
966.629	-12.63	
966.797	-31.06	
966.966	30.38	
967.134	40.62	
967.303	-65.88	
967.471	-119.12	
967.639	46.76	
967.808	11.95	
967.976	-86.36	
968.144	-43.35	
968.313	-8.53	
968.481	-31.06	
968.649	34.47	
968.817	-55.64	
968.986	-76.12	
969.154	-90.45	
969.322	1.71	
969.49	-104.79	
969.658	-31.06	
969.827	-96.6	
969.995	-20.82	
970.163	-43.35	
970.331	65.19	
970.499	42.67	
970.667	120.49	
970.835	-45.4	
971.003	-53.59	
971.171	-55.64	
971.339	-74.07	
971.507	22.19	
971.675	-29.01	
971.843	-125.27	
972.011	24.23	
972.178	18.09	
972.346	-2.39	
972.514	-61.78	
972.682	-10.58	
972.85	-6.49	
973.018	-18.77	
973.185	-96.6	
973.353	-16.73	
973.521	20.14	
973.689	-37.2	
973.856	-31.06	
974.024	-65.88	
974.192	-22.87	
974.359	-8.53	
974.527	77.48	
974.694	30.38	
974.862	-84.31	
975.03	-37.2	
975.197	18.09	
975.365	-10.58	
975.532	-4.44	
975.7	-43.35	
975.867	-14.68	
976.035	13.99	
976.202	-80.21	
976.369	42.67	
976.537	-65.88	
976.704	-22.87	
976.872	-80.21	
977.039	71.34	
977.206	42.67	
977.374	9.9	
977.541	-22.87	
977.708	50.86	
977.875	-29.01	
978.043	-18.77	
978.21	48.81	
978.377	-37.2	
978.544	-14.68	
978.711	-31.06	
978.879	-53.59	
979.046	-39.25	
979.213	-61.78	
979.38	-86.36	
979.547	-69.97	
979.714	-84.31	
979.881	26.28	
980.048	59.05	
980.215	-22.87	
980.382	-26.96	
980.549	24.23	
980.716	54.95	
980.883	9.9	
981.05	-2.39	
981.217	-24.92	
981.384	-22.87	
981.55	-59.73	
981.717	120.49	
981.884	-96.6	
982.051	-67.92	
982.218	-43.35	
982.384	-24.92	
982.551	-88.4	
982.718	-22.87	
982.885	-88.4	
983.051	-80.21	
983.218	48.81	
983.385	52.91	
983.551	-16.73	
983.718	-2.39	
983.885	-47.44	
984.051	-18.77	
984.218	-8.53	
984.384	16.04	
984.551	-69.97	
984.717	36.52	
984.884	22.19	
985.05	-37.2	
985.217	-22.87	
985.383	-24.92	
985.55	-26.96	
985.716	-43.35	
985.882	52.91	
986.049	-22.87	
986.215	1.71	
986.381	-26.96	
986.548	-6.49	
986.714	26.28	
986.88	26.28	
987.046	-61.78	
987.213	-37.2	
987.379	-24.92	
987.545	-37.2	
987.711	48.81	
987.877	-39.25	
988.044	-2.39	
988.21	9.9	
988.376	-43.35	
988.542	-69.97	
988.708	83.63	
988.874	-55.64	
989.04	50.86	
989.206	-51.54	
989.372	-72.02	
989.538	22.19	
989.704	-45.4	
989.87	-59.73	
990.036	-10.58	
990.202	44.71	
990.368	-31.06	
990.534	20.14	
990.699	-112.98	
990.865	-45.4	
991.031	-26.96	
991.197	-8.53	
991.363	-0.34	
991.528	-72.02	
991.694	-61.78	
991.86	-14.68	
992.025	-78.16	
992.191	5.8	
992.357	-61.78	
992.522	-39.25	
992.688	16.04	
992.854	-35.16	
993.019	-18.77	
993.185	5.8	
993.35	-26.96	
993.516	-26.96	
993.681	-39.25	
993.847	36.52	
994.012	-41.3	
994.178	-90.45	
994.343	-14.68	
994.509	-31.06	
994.674	-63.83	
994.84	-84.31	
995.005	-39.25	
995.17	-102.74	
995.336	-65.88	
995.501	-10.58	
995.666	-69.97	
995.831	-76.12	
995.997	-4.44	
996.162	-41.3	
996.327	63.15	
996.492	-10.58	
996.658	36.52	
996.823	-12.63	
996.988	-78.16	
997.153	108.2	
997.318	-155.99	
997.483	-67.92	
997.648	-117.08	
997.813	11.95	
997.978	16.04	
998.143	-170.32	
998.308	-26.96	
998.473	26.28	
998.638	-4.44	
998.803	-22.87	
998.968	-61.78	
999.133	-22.87	
999.298	5.8	
999.463	48.81	
999.628	46.76	
999.793	34.47	
999.957	18.09	
1000.122	-10.58	
1000.287	-41.3	
1000.452	-76.12	
1000.616	-33.11	
1000.781	11.95	
1000.946	22.19	
1001.111	-6.49	
1001.275	18.09	
1001.44	-39.25	
1001.604	-33.11	
1001.769	-22.87	
1001.934	-67.92	
1002.098	-72.02	
1002.263	30.38	
1002.427	-88.4	
1002.592	75.43	
1002.756	9.9	
1002.921	-76.12	
1003.085	-72.02	
1003.25	1.71	
1003.414	28.33	
1003.579	-16.73	
1003.743	9.9	
1003.907	-90.45	
1004.072	-45.4	
1004.236	104.11	
1004.4	-72.02	
1004.565	-26.96	
1004.729	-22.87	
1004.893	-39.25	
1005.057	-72.02	
1005.222	-96.6	
1005.386	-31.06	
1005.55	-67.92	
1005.714	-69.97	
1005.878	77.48	
1006.042	-82.26	
1006.206	-0.34	
1006.371	1.71	
1006.535	67.24	
1006.699	16.04	
1006.863	-8.53	
1007.027	34.47	
1007.191	-18.77	
1007.355	-33.11	
1007.519	-18.77	
1007.683	26.28	
1007.847	3.75	
1008.01	71.34	
1008.174	-10.58	
1008.338	-53.59	
1008.502	-41.3	
1008.666	1.71	
1008.83	-4.44	
1008.993	-31.06	
1009.157	-94.55	
1009.321	34.47	
1009.485	-57.68	
1009.648	-14.68	
1009.812	1.71	
1009.976	-90.45	
1010.139	-59.73	
1010.303	44.71	
1010.467	28.33	
1010.63	-145.75	
1010.794	-6.49	
1010.957	18.09	
1011.121	102.06	
1011.285	114.34	
1011.448	-65.88	
1011.612	-35.16	
1011.775	38.57	
1011.938	-117.08	
1012.102	-31.06	
1012.265	-59.73	
1012.429	-49.49	
1012.592	-6.49	
1012.755	-106.84	
1012.919	18.09	
1013.082	-4.44	
1013.245	-67.92	
1013.409	-2.39	
1013.572	-69.97	
1013.735	-47.44	
1013.898	-39.25	
1014.062	-67.92	
1014.225	-2.39	
1014.388	-33.11	
1014.551	-86.36	
1014.714	95.91	
1014.877	-26.96	
1015.041	50.86	
1015.204	-72.02	
1015.367	-88.4	
1015.53	-10.58	
1015.693	7.85	
1015.856	-59.73	
1016.019	-37.2	
1016.182	1.71	
1016.345	11.95	
1016.508	-63.83	
1016.67	-86.36	
1016.833	-47.44	
1016.996	5.8	
1017.159	-137.56	
1017.322	-43.35	
1017.485	-102.74	
1017.648	-92.5	
1017.81	-53.59	
1017.973	-133.46	
1018.136	-43.35	
1018.298	54.95	
1018.461	-33.11	
1018.624	-26.96	
1018.787	-33.11	
1018.949	-0.34	
1019.112	-24.92	
1019.274	26.28	
1019.437	-14.68	
1019.6	-24.92	
1019.762	-31.06	
1019.925	-37.2	
1020.087	36.52	
1020.25	9.9	
1020.412	28.33	
1020.575	-45.4	
1020.737	16.04	
1020.899	-74.07	
1021.062	-53.59	
1021.224	5.8	
1021.387	38.57	
1021.549	-39.25	
1021.711	5.8	
1021.874	-14.68	
1022.036	26.28	
1022.198	32.43	
1022.36	-61.78	
1022.523	-53.59	
1022.685	-31.06	
1022.847	-18.77	
1023.009	-88.4	
1023.171	-14.68	
1023.333	-41.3	
1023.496	-86.36	
1023.658	87.72	
1023.82	337.57	
1023.982	26.28	
1024.144	-106.84	
1024.306	-72.02	
1024.468	-63.83	
1024.63	-80.21	
1024.792	-72.02	
1024.954	-88.4	
1025.116	-80.21	
1025.278	3.75	
1025.44	18.09	
1025.601	5.8	
1025.763	-33.11	
1025.925	-37.2	
1026.087	-47.44	
1026.249	1.71	
1026.41	-78.16	
1026.572	22.19	
1026.734	3.75	
1026.896	-8.53	
1027.057	-125.27	
1027.219	-63.83	
1027.381	-61.78	
1027.542	-86.36	
1027.704	-43.35	
1027.866	-43.35	
1028.027	-6.49	
1028.189	-72.02	
1028.35	-57.68	
1028.512	24.23	
1028.673	-14.68	
1028.835	-24.92	
1028.996	-12.63	
1029.158	-59.73	
1029.319	46.76	
1029.481	-51.54	
1029.642	-78.16	
1029.803	-20.82	
1029.965	40.62	
1030.126	-31.06	
1030.287	-63.83	
1030.449	-22.87	
1030.61	75.43	
1030.771	-12.63	
1030.933	-53.59	
1031.094	-0.34	
1031.255	-80.21	
1031.416	-92.5	
1031.577	-74.07	
1031.738	-43.35	
1031.9	13.99	
1032.061	30.38	
1032.222	-92.5	
1032.383	11.95	
1032.544	-6.49	
1032.705	61.1	
1032.866	-76.12	
1033.027	-88.4	
1033.188	-2.39	
1033.349	-31.06	
1033.51	-22.87	
1033.671	9.9	
1033.832	-20.82	
1033.993	-65.88	
1034.153	-29.01	
1034.314	-6.49	
1034.475	54.95	
1034.636	-33.11	
1034.797	-59.73	
1034.957	3.75	
1035.118	46.76	
1035.279	18.09	
1035.44	-4.44	
1035.6	-20.82	
1035.761	22.19	
1035.922	-121.17	
1036.082	-53.59	
1036.243	-4.44	
1036.404	5.8	
1036.564	-33.11	
1036.725	-33.11	
1036.885	-41.3	
1037.046	-104.79	
1037.206	-92.5	
1037.367	-82.26	
1037.527	-55.64	
1037.688	1.71	
1037.848	-69.97	
1038.008	22.19	
1038.169	-121.17	
