# Wavelength (nm) | V_s (V) | V_s Uncertainty (V)
4.358000000000000114e+02 -8.117344586388832717e-01 1.164675995988906886e-02
4.358000000000000114e+02 -8.141749588148734507e-01 1.508023048951916655e-02
5.461000000000000227e+02 -7.360272892488420871e-01 5.670472045479738737e-02
5.461000000000000227e+02 -7.527630733830238396e-01 5.692662689486071431e-02
5.461000000000000227e+02 -4.952982877691012309e-01 5.647574025663446018e-02
5.461000000000000227e+02 -4.739885472347998840e-01 5.635275972818248880e-02
5.778999999999999773e+02 -7.568394715219267654e-01 7.929582682464236809e-02
5.778999999999999773e+02 -6.755842665555439330e-01 6.775391601509010708e-02
5.778999999999999773e+02 -3.717469979651364942e-01 6.511178552781943241e-02
5.778999999999999773e+02 -3.658917603817145592e-01 6.511178552781943241e-02