# All values have been scaled by 10^19
1.4249
1.4249
1.6325
1.4249
1.6325
1.2404
1.8528
1.3788
1.7982
1.7531
1.7819
1.6537
1.6094
1.3841
1.6537
1.6094
1.3841
1.5789
1.6912
1.7037
3.5433
3.3489
1.8184
1.8047
1.8971
1.7220
1.8703
1.7086
2.0845
1.9412
3.5416
3.2941
3.6188
3.4386
3.4697
3.5151
3.0859
3.7947
3.5101
3.5751
1.6955
1.8029
3.2085
3.2760
3.1435
1.6069
3.0296
1.6075
1.7277
1.6098
1.6440
1.3042
1.5381
1.5166
1.7790
1.6123
3.3582
1.6715
3.1361
4.4212
3.7692
2.0577
1.6658
1.5486
1.8847
1.8437
3.6186
1.6215
1.8357
1.7619
1.6487
2.0421
3.4565
2.3949
1.6503
1.8065
3.1192
2.5698
1.9472
1.6235
5.8143
1.2864
2.6920
3.9599
2.1769
1.8587
1.9720
2.1769
3.8151
3.5938
3.2018
2.2414
3.7139
1.9819
1.4629
1.8396
1.6751
2.1087
1.7437
1.9341
3.7940
3.9884
1.7713
1.9100
1.5262
1.8519
3.0546
1.6760
5.1679
1.6340
1.8270
1.7788
1.9100
1.8292
1.8849
3.4817
3.4208
1.8625
1.5563
1.7592
1.3868
2.2514
2.0088
1.8429
1.5512
1.2399
1.8497
0.8574
1.3477
1.7491
1.9017
3.9563
2.0463
4.9879
3.1827
4.9605
4.5494
6.0427
1.3008
1.7779
1.0497
2.1812
2.0122
1.8953
1.7197
2.6187
3.5954
3.3104
1.4310
4.7224
4.8569
2.1224
1.9410
1.4661
1.8077
1.8525
1.9427
3.6095
3.5259
3.4073
3.7931
3.5467
3.6918
2.2409
1.3811
1.9742
3.1931
3.4921
1.0342
1.5931
1.7321
1.9451
3.2472
3.7755
4.8009
1.7369
4.1488
1.8444
4.7743
1.8030
0.9974
5.9765
2.7050
2.1189
2.0054
2.0498
2.1640
5.6389
1.8802
4.1877
1.6487
1.7272
1.8751
1.9695
3.3991
2.0223
1.8993
3.0636
1.7865
2.1997
3.5759
4.5797
9.7709
1.8607
4.7893
1.6991
5.0554
5.7880
3.4504
3.1437
2.0165
2.9685
3.9514
3.6796
4.0368
2.0398
1.8598
3.5325
3.9545
2.2050
2.1147
2.4804
2.0063
1.2848
2.5746
2.0283
3.4642
3.5418
1.8788
3.1384
3.8508
3.5618
3.4888
3.5557
3.0150
2.1633
1.8924
1.8282
5.9736
3.6433
1.9148
1.9474
2.1989
2.1287
2.1907
2.1210
2.2473
2.3568
2.1018
4.3145
2.0422
1.3744
1.9643
2.1669
2.0880
1.8912
1.8815
1.9553
3.2490
1.8334
4.4987
2.0179
2.7558
4.0046
3.8506
4.0813
3.2274
3.9066
2.2633
1.3949
1.9939
3.2251
3.5270
1.0445
1.6090
3.7287
1.7494
3.5821
1.9645
3.8310
3.2797
3.4414
3.8132
3.5611
4.8489
4.8221
1.7542
1.8629
4.1903
4.7696
4.9055
2.1436
1.9604
1.4807
1.8258
1.9621
3.6456
2.1436
2.0577
10.9610
1.9166
1.9365
1.5917
1.6296
1.7047
1.9311
1.9146
2.0999
1.5328
7.3937
2.0238
3.9585
1.8174
1.7368
3.4261
1.9004
5.1383
5.7774
3.5793
5.3463
3.7229
7.0735
3.6294
4.7488
3.8722
2.0546
4.9037
1.8428
6.9171
1.9459
22.0127
5.3505
4.8830
3.4703
3.6106
1.7027
0.8033
0.8047
1.7924
3.2066
3.4258
1.8323
1.7700
3.3630
1.9791
1.6366
1.7998
0.8667
3.6023
5.1249
1.8121
3.5205
1.5943
1.8003
6.5437
1.9121
1.6990
1.7126
1.4662
1.7069
1.6554
9.6228
8.3027
3.3009
2.8697
3.3247
8.6914
1.7390
3.2447
3.5087
6.6679
5.2995
3.4737
2.2838
3.3704
1.6792
3.4632
1.6867
3.0949
1.6433
1.7160
1.5926
3.6078
6.5795
3.3781
5.1201
3.5329
3.3457
3.3741
3.5532
3.4366
3.3307
1.7230
3.5357
1.7560
3.6084
6.7823
3.2852
9.6633
3.5428
1.6730
1.5285
1.8772
3.1689
1.9038
3.0177
6.6663
1.8916
1.7195
2.2355
2.0029
1.7662
1.9071
1.6518
3.0767
6.1585
5.0497
6.6833
9.2577
3.5046
3.3218
4.6525
3.3043
3.6739
3.3751
4.5597
6.3005
4.9309
2.1869
1.4758
3.5099
5.4952
6.5144
3.8524
3.4858
3.8143
3.6370
2.0636
2.6926
5.5274
1.9830
3.7310
8.9229
6.1143
13.0273
5.5085
6.3691
3.7590
1.7461
1.6675
1.6317
6.6402
6.7300
4.6895
7.1197
8.7930
3.2559
8.2781
2.5047
1.8782
3.7702
2.0768
1.7973
1.8136
2.2058
4.9323
1.8032
1.9188
10.1824
3.7385
7.5821
3.4730
3.2833
1.6233
1.8114
1.7031
5.1457
5.4321
1.8768
1.9185
3.3470
3.4344
3.4392
1.9440
6.9469
1.8927
1.8365
4.8069
1.7380
0.9222
1.5532
5.0756
1.6474
1.8944
4.8556
1.5914
1.7041
3.5657
4.0329
4.8849
28.9311
5.0519
3.7216
21.9697
1.6365
10.1527
8.7133
1.8518
5.5167
4.3304
4.4399
1.6707
4.2365
1.8702
1.7296
1.9837
3.9902
1.7881
3.5197
3.5428
1.6730
1.5285
1.8772
3.1689
1.9038
3.0177
6.6663
1.8916
1.7195
2.2355
2.0029
1.7662
1.9071
1.6518
3.0767
6.1585
5.0497
6.6612
9.2577
3.5046
3.3218
4.6525
3.3043
3.6739
3.3751
4.5597
6.3005
4.9309
1.9548
1.8531
3.3943
3.7874
3.1911
2.1767
1.9781
5.2937
3.2267
6.9031
3.7801
1.7777
9.7950
1.9971
1.8682
1.8229
4.5847
3.5843
3.3625
4.1605
1.7527
3.7463
3.4765
6.0288
9.1769
4.8716
4.4893
3.6384
2.1028
11.0629
1.5802
9.9665
6.6147
3.1418
3.1191
1.6394
1.6809
10.1236
1.5209
2.7617
1.5781
2.7453
3.0430
1.5697
1.9671
1.5944
1.6869
1.6162
4.8336
1.7454
1.4855
5.9386
3.4577
1.6193
4.6946
2.0629
1.6266
5.2591
1.5074
20.8944
20.7885
8.1488
10.0289
26.4640
28.7530
31.2859
29.9664
22.7198
22.9432
24.9098
22.2434
23.0351
23.9511
25.1970
34.3637
36.6308
44.5658
43.5672
32.0925
31.8165
32.0925
35.0438
35.0438
50.5278
45.2208
49.6492
52.0686
59.1130
65.6686
66.5000
46.6796
44.4391
45.1831
51.6319
58.4038
51.4614
47.8479
59.0330
22.0220
35.5932
32.3691
42.1685
25.3281
28.1130
43.9492
50.8986
49.8201
29.9061
31.7605
26.9146
21.2485
21.6063
26.3434
56.3487
62.4157
62.6270
62.2256
51.0191
47.1702
50.2575
25.9475
33.9042
38.7791
38.8591
34.0726
31.8454
55.4936
52.6477
55.0507
54.4739
60.7699
60.2862
62.1479
77.4759
58.5298
32.2895
34.9391
38.8040
36.9204
43.0485
45.9350
41.2019
41.3819
29.4424
23.2487
23.5560
26.9897
33.4233
31.5796
30.4845
32.3225
32.0225
26.8339
26.6076
55.0965
53.1499
55.4147
53.4181
55.4610
30.5684
28.4273
28.0805
27.2963
28.3292
38.9806
35.5928
18.7361
15.4557
33.1137
35.6727
34.4510
32.6095
27.5519
38.8473
38.4620
38.4028
37.8346
40.0718
46.1450
41.5560
43.3261
24.9950
25.7736
29.0658
23.1753
20.5792
10.8265
16.6088
26.2736
11.8306
8.6514
6.7396
7.5061
45.1480
113.0112
41.0950
13.9649
67.5490
41.5148
33.9280
44.0801
40.7665
30.1899
32.8648
47.3872
34.5881
36.5304
21.9767
18.0160
40.2710
17.2039
54.8057
45.4892
12.3877
3.5692
4.5568
6.1264
6.0574
5.9882
9.9114
48.849
5.0887
3.6692
5.8915
6.3354
19.1163
17.2395
10.6402
2.2206
2.4182
1.4636
2.0187
1.8535
1.6791
1.6783
1.4982
3.4133
2.0157
1.7567
1.8544
1.9115
1.5727
3.3478
1.5584
3.8306
2.0445
3.3853
5.0662
1.8385
1.8647
1.5693
4.1809
1.7258
1.7526
1.6718
5.7326
1.8377
9.2119
3.5667
14.7053
4.2808
32.1687
7.3126
5.1732
7.6248
2.8860
3.3648
5.7613
1.7941
13.1065
6.3300
4.0143
7.1997
15.6255
12.6267
13.1367
12.2811
3.6823
21.5070
6.5389
29.3188
13.4292
23.5336
31.2246
10.2826
30.9355
8.0558
7.2164
10.3314
12.6952
3.3984
3.5053
2.0969
1.6913
2.3028
12.0052
13.7993
18.3339
12.1808
2.9470
14.8652
3.5623
7.0142
4.5929
7.5459
7.9875
7.2127
1.2947
1.9708
1.5077
4.7548
2.4488
7.5326
5.3309
4.5695
2.8879
15.7353
4.6015
3.5197
6.0441
3.0457
4.9972
1.0559
0.8941
1.0519
8.0217
1.6171
2.3462
4.5669
3.5144
1.2646
2.2327
6.0536
2.1692
2.7811
1.7310
1.2339
1.3684
2.9285
2.6594
1.7284
2.0840
1.6686
2.1360
2.5315
2.1614
3.3627
3.7554
5.4556
1.6505
1.7438
11.7646
1.7441
4.9542
1.9694
5.0095
5.1237
9.3771
3.5226
7.0649
4.6645
4.8515
2.7055
3.2519
3.3295
4.0066
6.7322
5.4476
5.7476
5.4713
3.5828
20.5722
8.1876
10.2328
3.5575
5.3140
1.8054
3.5682
7.9575
3.2105
4.0720
3.4724
1.8786
5.4841
3.7376
3.3207
5.0650
3.3936
5.1754
13.1993
8.2886
5.0175
5.8044
3.1746
1.8938
1.7838
9.4943
1.9258
1.9354
1.5598
3.5352
1.7805
1.4715
2.1307
8.0325
2.5108
3.0567
1.6494
1.7130
11.4264
3.5449
1.8580
3.0397
1.0117424794
1.1613495088
1.1658875678
1.2544081472
1.3098915229
1.3198570613
1.3610490217
1.3980186392
1.417381551
1.4479671023
1.4576394081
1.5053198297
1.5186284593
1.5232694025
1.5284359211
1.5409894756
1.5610343728
1.5615678152
1.5859141688
1.5868056248
1.589669068
1.5997740404
1.6017537058
1.6188322384
1.6340598391
1.635366018
1.6429482257
1.647207007
1.656621351
1.685390851
1.6999711545
1.7057214188
1.7127650308
1.7162607296
1.7180120066
1.7270731748
1.7284281161
1.7301905103
1.7357641551
1.7735125767
1.7845190698
1.7942775743
1.7948110575
1.7948151506
1.80924495
1.8535287807
1.8560463436
1.8653066371
1.8806348931
1.8872628007
1.8889662114
1.9091904949
1.9434402158
1.945683263
1.9523476095
1.9625855604
1.966134967
1.975878053
1.9982174755
2.0303969136
2.0366868939
2.0458297374
2.0768241144
2.0789167341
2.1129757647
2.1193592065
2.1248091457
2.1272098718
2.1427509848
2.1514027385
2.212868936
2.2530626144
2.2588950084
2.2868361982
2.3201177584
2.4139043005
2.5311604182
2.5566702357
2.573282269
2.5746040034
2.6151965609
2.6200437159
2.6222824412
2.6296960885
2.6464662818
2.6653620845
2.7094270373
2.7340893609
2.7817329246
2.8132919583
2.8404192796
2.8639675175
2.8782213425
2.8926767279
2.8974795641
2.9194859678
2.9812120946
2.987828646
3.0044015603
3.0136606837
3.0370266846
3.0507104064
3.0632095921
3.0661537817
3.108355286
3.1160087578
3.1206273819
3.1217628452
3.1348187356
3.1357856778
3.1460339718
3.1644264773
3.1748731506
3.1754628148
3.1756814303
3.1915685933
3.2355282967
3.2372808069
3.2555201494
3.2592873442
3.260325699
3.276412734
3.2788052241
3.3033667441
3.3280150374
3.3313903595
3.349803131
3.3758783816
3.3812814066
3.3855593735
3.3905147281
3.4199707458
3.4603495065
3.4874454279
3.4951754391
3.4990235584
3.5560569129
3.5919259194
3.6010367116
3.6054325181
3.6086596637
3.6288867347
3.632688026
3.6674515374
3.6713508628
3.7205505627
3.8037152936
3.83117963
3.8360994548
3.8510903176
3.8816156465
3.9293999319
3.9511277133
3.9568431583
4.0142891717
4.167747751
4.2850213167
4.2960366573
4.3183482775
4.3490154259
4.3769517211
4.4415613011
4.4761068555
4.4925544618
4.4926349343
4.5000925925
4.5346040613
4.568529297
4.5892657062
4.5910196214
4.6030357708
4.6161919761
4.6259384271
4.6485037005
4.6558220657
4.6626538665
4.6935897379
4.6946683283
4.6996674241
4.7002148567
4.7078486464
4.7473872502
4.8100627396
4.8280382216
4.8285893692
4.8301414162
4.8930527016
4.9038288704
4.9200441308
4.9251801265
4.9441204053
4.9485475539
4.9540704974
4.9592305069
4.9788214752
5.0139147098
5.0614705378
5.1358896279
5.1453714354
5.1622666242
5.1832126741
5.1894517319
5.2119126592
5.2189217559
5.2258194162
5.2639286428
5.2906921501
5.3562071762
5.3990300523
5.402653504
5.4376617179
5.4405741827
5.458467063
5.5922691556
5.6633464435
5.6813361322
5.7572350838
5.7977266094
5.8434829783
5.903840914
5.9240672834
5.9332006614
5.9413626913
5.9414439571
5.9998541668
6.0475651432
6.1211028461
6.1433845878
6.1485315645
6.1685871225
6.1995792132
6.204800759
6.246309786
6.2834860397
6.3279666613
6.3372677182
6.3559688512
6.3740596383
6.4195551091
6.4283704713
6.464981622
6.4843256697
6.5678040693
6.5911081112
6.593545295
6.6285204296
6.6352814053
6.6628712465
6.6696027919
6.6711301467
6.8353652976
6.8785259307
6.8885173323
7.0038325368
7.0048251813
7.0240741362
7.098383637
7.1186790477
7.1590773798
7.2702677986
7.3024919505
7.328641227
7.3323260219
7.3569577021
7.4742290459
7.4787430673
7.4925134246
7.6750260022
7.765954136
7.7952620832
7.8134970628
7.8505374758
7.8972025859
7.9478200016
8.1460702913
8.1502209913
8.2176443329
8.2253791553
8.2885966403
8.3476752956
8.3514701158
8.3529877348
8.4678362396
8.5040551777
8.5046887355
8.5351472558
9.1261004079
9.2637553778
9.3177642112
9.3584440498
9.5449483021
9.5739636271
9.6874532546
9.8096135075
9.9295648451
9.997952309
10.2300914896
10.4011011361
10.4508079256
10.7783987683
10.9272949741
11.1734242142
11.2093006353
11.2131271798
11.2430253942
11.2446217224
11.4109337282
11.4475906753
11.5914020944
11.7638205243
12.1119430246
12.1848471681
12.2263334757
12.2468973891
12.2654332337
12.5839686405
12.9349129047
13.0607955672
13.2589175966
13.3636377739
13.5504217898
13.5686875511
13.6480753209
13.704027751
13.7369359122
13.817281821
14.0584802516
14.1908983524
14.9713932821
15.2424073457
15.3735251602
16.004531491
16.4292224301
16.4981617303
16.6169268831
16.9216183549
16.9846852274
17.1293131081
17.5251859704
17.5660559875
17.6145465679
17.9847661931
18.6644729067
18.6971305435
19.0014162888
19.1257968021
19.5748998036
20.4770740201
21.4917102365
21.5350839239
22.4503329467
22.4584152347
23.6973046336
25.536496461
25.9754539013
27.0545809086
27.1070276433
28.0634085806
28.2683760407
28.3917388771
28.5204741939
28.8696583673
32.2909346144
32.6889756926
34.2737023626
35.4546809459
36.0143583195
38.0757987645
46.5857799116
50.0023544586
56.3938968936
2.120149645
6.443859625
1.504386312
3.995870831
3.047102181
3.201827248
5.074623424
6.206260879
3.17559095
2.771489828
5.716402083
3.174742966
3.265184489
2.768070978
3.856676916
3.430982625
6.004926627
2.797193127
7.683759739
5.629355198
2.917814109
3.476491231
6.363626128
4.480978434
5.342730495
1.70855161
1.616649249
1.478469115
5.028078573
4.544481814
1.619889879
2.240912137
3.053067157
1.70235569
1.597156991
1.76734114
1.759657693
1.590510646
1.47604643
1.520469881
1.711949013
2.767441966
3.428016996
3.441576501
5.221118831
5.51636009
1.71082171
6.432466357
4.582506349
3.258908378
5.457234268
3.274952064
4.421231344
2.459177284
2.426840946
3.705901214
2.746348754
1.649045747
1.689993054
1.672105707
1.312567491
1.432550076
2.913641405
1.314776784
2.799889441
2.007336636
1.612812027
2.277374334
2.035375596
3.325818322
1.701158958
3.231110975
4.860381687
2.47546323
2.323220019
1.692876349
2.852855067
1.739597595
1.829416369
1.490951525
1.561208938
1.885960306
4.045431314
1.840501553
1.756902641
0.819771771
1.748234944
3.304266519
2.173341821
1.908502128
1.956085622
1.818880457
1.901087334
1.762807624
3.473003324
1.908919334
3.109066856
2.487385884
1.503889943
3.236786272
1.964457628
1.67578958
1.536623862
1.557907917
1.67119208
3.257597391
1.565201881
1.592248517
1.526887479
1.640826254
1.685339394
1.599234243
1.736771634
1.533489594
1.69210892
1.546570588
1.626611449
1.562436801
3.129712094
1.816017545
1.841417631
1.623586847
2.779075462
1.633124043
1.810527953
1.435982174
1.264608772
1.689366589
1.964243986
1.088816758
1.513700682
2.017980675
1.808168783
1.669736729
1.697730517
3.828069647
3.502960865
10.99371943
9.139397671
3.666193091
3.156854412
1.723306108
4.005451673
3.38659649
1.475568544
3.161733563
3.579729523
4.696049536
12.08068501
1.474584152
2.987000864
4.1530545
2.920968985
1.6800505
1.838188912
3.350473254
3.514630151
8.329667878
1.649282275
6.616227908
3.613212285
1.533575557
1.621040025
7.886138404
2.839818127
1.553517508
2.950358646
3.273720167
3.250705422
1.782120574
1.414889504
1.637185633
3.35612717
4.701848015
3.384598919
3.139303796
4.438953087
6.282202536
1.76622258
1.595613316
1.637450165
3.181139566
1.706057982
1.647193317
1.605982415
1.561973377
4.732183217
3.25891157
3.383338523
6.14308925
4.63809993
3.243622995
1.676032469
8.337953508
8.42743969
4.871806196
5.051977333
3.281675253
8.09530669
1.673103944
6.349331433
3.390996124
2.04607
3.15093
2.70482
1.71464
3.88453
7.94386
4.01781
5.47454
2.88203
4.50035
3.19595
3.49002
3.72261
8.79328
7.34527
2.36334
7.2216
7.32035
1.72173
2.55289
4.41024
2.17814
4.71358
3.54125
5.31947
5.25279
5.07785
1.85063
3.42874
4.51246
4.22243
2.26691
5.6069
6.82071
6.40968
1.78736
1.45494
3.61634
3.73314
3.41472
4.94369
3.26437
3.28763
3.01175
4.46459
2.90341
6.56372
4.55764
3.57331
5.16619
3.24507
4.51547
5.17934
8.22586
6.96417
4.88477
5.04541
3.41975
5.39446
4.87842
3.62358
3.36032
3.04234
3.53260
4.95473
3.17053
6.63912
3.57246
3.16157
1.82110
6.76092
4.96406
3.12095
3.13610
1.62209
1.70161
1.94984
3.29204
4.69595
4.56746
4.94724
4.79321
2.77039
4.55179
1.67566
4.83555
5.21579
4.96277
1.65674
3.15169
3.42
2.33
3.70
4.41
1.56
1.78
1.46
1.45
3.31
1.20
14.80
5.92
7.65
11.30
1.44
6.81
1.51
5.35
1.73
3.81
1.36
6.68
7.16
1.01
2.73
2.98
5.28
3.66
1.47
1.35
1.51
3.26
3.22
2.87
1.52
2.90
5.52
5.55
7.39
1.44
1.32
4.09
2.58
2.64
1.34
7.886138
2.839818
1.553518
2.950359
3.273720
3.250705
1.782121
1.414890
1.637186
3.356127
4.701848
3.384599
3.139304
4.438953
6.282203
1.766223
1.595613
1.637450
3.181140
1.706058
1.647193
1.605982
1.561973
4.732183
3.258912
3.383339
6.143089
4.638100
3.243623
1.676032
8.337954
8.427440
4.871806
5.051977
3.281675
8.095307
1.673104
6.349331
3.390996
1.64904351
1.655324674
6.280391564
3.600086123
1.76098884
4.690865178
6.801593286
4.6002406
9.51914713
7.821409505
3.260727545
3.213754249
6.617657711
4.687178822
5.369172369
3.330260619
4.613414292
4.636313681
3.545403772
2.965851532
11.34481407
11.26323972
4.283560906
4.889486746
3.714342188
6.23920047
3.00321987
3.435614684
3.151836086
1.670476537
11.27794556
9.763627399
6.400490235
4.816404681
4.784347464
4.891809637
4.614014728
3.148244982
3.219910799
9.316323488
1.505236766
1.565340129
1.939327524
3.339486948
13.19292954
3.606707851
4.406040639
15.16291658
8.244591823
3.270204449
1.536931048
1.518153553
4.294333198
1.423976704
3.102290125
1.71616801
1.422733471
2.946545486
1.571258156
3.119156079
1.572619544
1.617006363
1.45740447
1.588682171
3.712871702
1.613148085
1.430328487
1.56371019
13.99599675
12.77882587
11.63400381
1.543159537
1.388360887
11.56735039
1.755159801
1.566283875
1.940501995
3.341512471
13.35077529
3.608879391
15.17158507
4.408717328
8.24944926
3.27218525
1.537909596
1.51909642
4.310837356
1.424830799
3.104123666
1.717221915
1.423607958
2.948262563
1.57221086
3.12097065
1.573542283
1.61795806
1.458269664
3.715136503
1.61411153
1.431215004
1.564695413
1.544147393
1.389244842
1.56
3.73
3.53
1.93
1.74
1.93
3.66
1.6
1.52
1.56
3.73
3.53
1.93
1.74
1.93
3.66
1.6
1.52
1.78
1.66
1.79
1.89
3.32
1.76
1.81
5.26
1.89
3.52
1.84
1.82
3.37
6.36
1.84
5.19
3.64
1.84
1.85
1.8
7.26
1.94
2.16
1.78
4.93
3.29
5.25
7.2
1.98
2.07
1.91
1.99
3.79
3.96
2
8.15
7.02
1.96
1.87
3.56
1.95
1.97
2.31
1.86
5.41
1.89
2.04
1.81
1.81
2.06
1.98
1.96
3.69
1.93
1.58
1.75
3.63
1.65
3.73
1.48
3.64
3.64
1.65
4.11
1.82
5.97
2.03
1.87
2.17
1.98
2.05
2.01
2.24
3.75
1.8
3.79
3.56
1.96
1.9
1.86
1.89
6.99
1.76
4.15
1.77
1.75
8.31
2.2
1.3
3.91
5.96
1.97
2.35
2.35
4.15
6.01
1.78
2.63
4.04
4.68
3.78
3.68
3.88
1.86
1.79
2.52
3.21
2.69
1.84
6.27
1.78
3.34
4.55
2.48
5.16
1.8
1.82
1.84
3.62
1.99
3.61
1.68
3.97
3.5
1.72
9.68
5.16
1.7
5.96
1.93
1.9
1.76
1.83
2.1
1.87
1.79
2.3
1.9
1.99
2.01
4.76
1.97
7
1.92
2.14
1.6
1.9
5.06
5.28
4.88
3.44
1.91
3.57
1.72
7.32
3.27
1.93
1.9
1.9
3.59
1.79
1.67
1.88
3.7
1.75
1.9
1.8
2.01
1.87
1.72
3.96
1.94
2.05
8.6
1.86
2.37
1.90
3.35
1.84
5.51
3.73
4.01
5.80
3.51
1.61
3.85
1.94
3.31
1.96
3.37
1.97
1.80
1.13
1.72
1.82
1.98
4.79
7.17
4.81
3.55
1.80
1.76
1.85
5.06
4.70
2.06
12.54
1.92
3.57
2.07
2.32
3.65
1.76
1.86
4.01
12.25
7.81
3.89
1.73
3.61
4.22
2.17
1.63
1.65
2.77
1.635036071
2.167029726
5.568521685
2.114833676
3.828883602
1.800413059
2.138954774
6.359661922
7.47796571
4.075719122
1.839413598
1.782231911
2.090948642
8.133325084
4.188474544
2.59332364
2.435273974
5.778311903
1.679195098
7.508795324
2.593926668
2.604685839
1.676895256
3.037139039
1.505467207
3.323447724
1.594524667
1.796312669
2.001020247
1.631186111
1.914712055
2.073399465
1.429471551
1.697629923
1.610216765
2.195139888
2.118304933
1.933877705
2.451632383
1.873700745
1.619223562
1.835646653
2.574219478
1.727703869
3.239690631
1.787735875
2.534533611
1.498522546
1.746764683
1.683980498
1.884912627
1.078954926
2.020794198
2.233837189
2.091190668
2.595839365
2.000287978
2.243297758
2.335072904
2.26141567
2.546427347
2.477997987
2.127102451
1.369532369
2.300423189
2.162949803
1.265109779
1.455059487
1.36650847
1.746182828
2.92951707
2.467949362
1.024360618
1.076465221
2.098786249
2.187028126
1.647494895
2.719117039
1.23844227
2.817733634
2.607871737
2.928469022
1.193276003
2.030642266
2.038683331
1.855870519
1.999516061
3.552343242
1.976829004
4.0895638
3.241231725
3.689007501
2.117466072
1.68904135
1.716915206
4.563082814
2.059782595
1.953356753
2.38428461
1.891924107
3.421282037
3.47330684
1.623740207
3.528310695
1.90965418
5.497769858
4.212522634
2.015526601
1.687127005
2.249192013
1.880686907
1.906779193
1.784444113
3.707860286
3.718675827
8.314206382
1.928693043
6.636615187
4.277776651
1.924360475
3.142186736
2.553478705
4.259755426
2.051018524
1.534029671
1.969659335
2.047270374
2.119480042
5.879380921
2.179721503
1.921707868
1.777143435
2.797934683
3.298160205
2.862690555
1.86090486
5.671634024
1.801390481
1.73322912
1.468463032
1.693669404
1.899003904
1.772251189
3.221252905
3.373213147
1.611022709
1.635257105
5.010869426
2.11669255
1.639089662
2.112598624
4.039023849
4.23711206
3.490911426
2.060277626
1.965753534
3.351821536
1.94354903
7.418749227
4.171927962
1.967253044
1.467303738
1.765420026
2.256347462
2.590012191
7.88
2.86
3.06
1.94
3.29
1.69
1.91
4.75
10.10
5.12
6.41
11.30
4.71
7.08
6.84
9.46
17.60
3.96
7.77
5.60
2.89
1.83
3.61
3.69
1.60
5.12
1.59
1.88
1.44
1.82
1.87
3.85
1.73
1.66
2.16
1.70
1.57
3.04
3.43
1.64
3.13
1.64
1.90
2.16
5.14
1.80
1.55
4.65
1.78
1.86
1.67
1.86
1.81
1.72
2.15
4.62
4.37
1.81
1.55
1.87
3.03
1.70
1.43
3.27
1.62
1.42
1.83
1.65
1.68
5.10
1.72
8.57
3.05
1.80
1.65
1.67
1.77
1.63
1.74
1.62
1.63
1.61
4.71
1.60
4.82
1.53
3.29
1.63
1.77
1.90
1.95
1.80
2.69
1.68
2.07
3.15
1.85
1.68
1.56
1.65
2.36
1.65
2.18
1.93
2.07
1.72
1.89
2.43
1.82
2.00
2.05
1.85
1.84
2.19
1.90
3.22
1.84
1.77
1.76
2.93
1.99
1.81
1.60
3.12
1.75
1.69
1.72
1.86
1.82
1.59
1.64
3.10
1.73
1.68
1.79
1.79
1.57
1.80
1.63
1.52
3.439898987
1.702448366
5.937071214
11.30476454
4.684107282
1.667879141
6.590428874
3.265221764
11.2090107
3.08603728
3.357367217
6.790489389
1.937628482
1.486609429
3.140879016
3.22001699
1.647808636
3.390635835
1.4459662
1.561075153
3.69847794
3.16272629
1.481122939
3.879204879
9.617556228
1.526407178
3.400231117
6.889260737
3.331731847
1.574667089
1.457001766
1.648327242
1.593774614
4.934953447
3.445583019
1.661381537
1.625093742
1.80712721
1.850615494
2.7
8.48
2.92
4.98
1.70
2.51
3.16
2.98
1.34
1.67
2.68
2.67
6.31
3.07
5.77
1.84
2.13
1.62
1.66
1.98
1.62
3.34
2.3
1.45
1.48
1.54
1.58
1.68
1.71
1.72
1.5
2.85
1.59
3.16
1.72
1.77
1.80
1.54
2.34
4.18
2.67
1.5
1.56
1.58
1.9
3.98
3.08
1.49
1.75
1.59
1.38
3.79
3.41
1.66
3.06
1.79
2.03
2.78
1.72
