# V(V) | v_V(mm/s) | δv_V(mm/s) | v_G(mm/s) | δv_G(mm/s)
5.000000000000000000e+02 7.187625783451209727e-02 9.084784038895952693e-03 3.079121095674450248e-02 3.314475040246765442e-03
5.000000000000000000e+02 2.009000321440051473e-01 4.607235257605327844e-02 1.650491846570277810e-01 3.257056943677731631e-02
5.000000000000000000e+02 1.380834023750345252e-01 2.409073192561004759e-02 1.609310828730704107e-02 1.677870105132279977e-03
5.000000000000000000e+02 1.369262788914448470e-01 2.375857896774662137e-02 1.085705600069485251e-02 1.124288296203106727e-03
5.000000000000000000e+02 1.628558400104227755e-01 3.182748346978536008e-02 3.130243157288458561e-02 3.374303153055624969e-03
5.000000000000000000e+02 6.119801228856086572e-02 7.368513408049987175e-03 1.152318002894622828e-02 1.194130562982036051e-03
5.000000000000000000e+02 2.301390039583908753e-01 5.899124661584147916e-02 1.006149586271290128e-02 1.041063615237152948e-03
5.000000000000000000e+02 6.660272804774082511e-02 8.215620009136077179e-03 2.289565989870959856e-02 2.417213548682066015e-03
5.000000000000000000e+02 1.467652929435247222e-01 2.666568254579243860e-02 3.893535174196764009e-02 4.296659746085802062e-03
5.000000000000000000e+02 5.634437683119225548e-02 6.643782563944672197e-03 2.826967003641133597e-02 3.022633437314065866e-03
5.000000000000000000e+02 8.994423457456375559e-02 1.240367533550256265e-02 2.269426289034132127e-02 2.394924095202144009e-03
5.000000000000000000e+02 9.463244757362404558e-02 1.335552689433728429e-02 1.489504948135437871e-02 1.550198740264455881e-03
5.000000000000000000e+02 1.086909264814573256e-01 1.644494873345532862e-02 3.962781555629527053e-02 4.383226382181467512e-03
5.000000000000000000e+02 1.499070576242729491e-01 2.763366154479094880e-02 2.974490767180658704e-02 3.192729533973810100e-03
5.000000000000000000e+02 2.112914131169709442e-01 5.046655121866064353e-02 2.036543740886466794e-02 2.139072690238479329e-03
5.000000000000000000e+02 5.551484466946461638e-02 6.523203818626663840e-03 2.954768405252396549e-02 3.169885126201232080e-03
5.000000000000000000e+02 2.345435781968290001e-01 6.108671732130684096e-02 1.566622174596908265e-02 1.632302758759294516e-03
5.000000000000000000e+02 1.870977398593024754e-01 4.057067683053387774e-02 2.321004159239453343e-02 2.452061557300087759e-03
5.000000000000000000e+02 1.489957685201740156e-01 2.735090732764108509e-02 5.122216075562931181e-02 5.913983470254143178e-03
5.000000000000000000e+02 1.441753171856978155e-01 2.588219138036265340e-02 1.177789712713533422e-02 1.220877386433032044e-03
5.000000000000000000e+02 8.408166010829717929e-02 1.126696534720459178e-02 2.244487538605185323e-02 2.367360431568188515e-03
5.000000000000000000e+02 1.690331304935767387e-01 3.394463317705934818e-02 3.469186683873832361e-02 3.776935670616241719e-03
5.000000000000000000e+02 2.900568511428239793e-01 9.086360365736863287e-02 2.654012335849336920e-02 2.825440830242866453e-03
5.000000000000000000e+02 3.762057393947602218e-02 4.133680547350865840e-03 3.835650065973181255e-02 4.224684122868327743e-03
5.000000000000000000e+02 1.702069716775599095e-01 3.435548706630932314e-02 4.589850921642065623e-02 5.191304664964275367e-03
5.000000000000000000e+02 5.410552742068129584e-02 6.320490412431391779e-03 2.352188476158217564e-02 2.486694011349925570e-03
5.000000000000000000e+02 9.408753904632870257e-02 1.324291222601352812e-02 1.951417509679030660e-02 2.046377207839732669e-03
5.000000000000000000e+02 9.445011145113149653e-02 1.331778567322954368e-02 1.932187932327049731e-02 2.025495960437178125e-03
5.000000000000000000e+02 1.878145894373074998e-01 4.084703206502243028e-02 2.841716396703608885e-02 3.039559438606862039e-03
5.000000000000000000e+02 7.438483739474545386e-02 9.513518833249448928e-03 5.828728637709542498e-02 6.929913096243187250e-03
5.000000000000000000e+02 6.597524608766791587e-02 8.115039481106431710e-03 2.649708532061473276e-02 2.820563477439597296e-03
5.000000000000000000e+02 2.833503343533945729e-01 8.693442877497267740e-02 9.463244757362404558e-02 1.335552689433728429e-02
5.000000000000000000e+02 2.900568511428239793e-01 9.086360365736863287e-02 3.352914353155762861e-02 3.637618762348136456e-03
5.000000000000000000e+02 8.599931200550395283e-02 1.163231086748364555e-02 4.468514844406312747e-02 5.031429092271042826e-03
5.000000000000000000e+02 2.935305858870494444e-01 9.293467963468624027e-02 3.371362300078215718e-02 3.659637899909026510e-03
5.000000000000000000e+02 8.848304664826220356e-02 1.211483873454903722e-02 1.885369532428356198e-02 1.974743732065656517e-03
5.000000000000000000e+02 2.140594228957958811e-01 5.167367558446999548e-02 6.104558884575000954e-02 7.345245021447829870e-03
5.000000000000000000e+02 2.228163992869875154e-01 5.559419775583519102e-02 5.316660286674321917e-02 6.186915207286435708e-03
5.000000000000000000e+02 1.084504598299496775e-01 1.638908480675160123e-02 3.931003034734342760e-02 4.343436074775731612e-03
5.000000000000000000e+02 1.596729897170594825e-01 3.076605206042849761e-02 3.162555344718532419e-02 3.412236478942820648e-03
5.000000000000000000e+02 1.789036782596250263e-01 3.748462011608420796e-02 4.105494794232601025e-02 4.563259549288618128e-03
5.000000000000000000e+02 5.713241007358654117e-02 6.759204278984345601e-03 2.718780246430241299e-02 2.899011527216311789e-03
