# qc(C) | δqc(C)
1.899602145814898010e-19 2.529853278405664941e-20
1.749649856463358035e-18 4.143648892560050943e-19
1.923259193394068330e-19 3.391318075211568060e-20
1.436591226959452493e-19 2.557839946029285086e-20
3.627652406004404297e-19 6.885611970199706989e-20
7.345074368165853248e-20 9.626243858829138186e-21
2.222801027630251702e-19 5.704951642374784697e-20
1.386450752723522406e-19 1.819377419076806146e-20
3.944842404650624907e-19 6.952641793297806294e-20
1.487970892376747714e-19 1.892660991567660404e-20
1.735601389859344965e-19 2.476906053052236478e-20
1.301789004210351338e-19 1.917872504165165607e-20
3.183328002977476954e-19 4.827246488601882334e-20
3.256449011679290641e-19 5.878185206890676665e-20
3.341761641033103282e-19 7.814177041957407470e-20
1.535791109046044355e-19 1.950148723329147843e-20
3.069310153357544340e-19 7.885192001956976265e-20
3.284974529487527977e-19 6.964979503616494500e-20
4.985412045506100549e-19 8.795615411405095671e-20
1.597395978597730438e-19 2.923761629668299823e-20
1.630457992267286698e-19 2.276056192613915694e-20
4.044638858656111316e-19 7.830492731214844119e-20
5.361171818276427636e-19 1.614491137688741050e-19
1.599917447479261344e-19 1.982599798045934737e-20
5.051278940214375444e-19 9.701400506030739108e-20
1.222359652532800309e-19 1.545112058679465158e-20
1.596459016353432774e-19 2.326107702992608083e-20
1.589163836591674373e-19 2.319563603232352106e-20
3.814344351599917856e-19 8.030294524836640055e-20
3.557043825222111306e-19 4.912826497735382786e-20
1.564379890282153945e-19 2.045776254844332364e-20
1.331247456690527897e-18 3.658913966747902229e-19
6.296552673604408476e-19 1.872859537596393237e-19
3.007650896831755301e-19 4.214091312958106061e-20
6.388373936962080591e-19 1.919841511049921217e-19
1.476844588040175035e-19 2.106864693863600774e-20
7.572549328477932030e-19 1.690248899125747355e-19
7.020436613772550124e-19 1.626641252336998230e-19
3.156480544856606694e-19 4.782544826442959662e-20
3.596030437080062665e-19 6.735307703082865385e-20
4.819263068996470302e-19 9.619695504076370515e-20
1.448626221629099923e-19 1.846099823397143050e-20
