# q(C) | δq(C)
2.318114986650884698e-19 3.071656113238091378e-20
1.913005633217722648e-18 4.526743912324730815e-19
2.516673722298411845e-19 4.411572072718856524e-20
1.981391232148930606e-19 3.494570483309581633e-20
4.420116029524875218e-19 8.369320288277630250e-20
1.004467523307399177e-19 1.295119097224849724e-20
3.100230028532691384e-19 7.917128727921020347e-20
1.742531070947266607e-19 2.270423305767921559e-20
4.714918584833951201e-19 8.290725972237046051e-20
1.830592048810956110e-19 2.314428086593586571e-20
2.183401601607559511e-19 3.097105740213802632e-20
1.720017531672336511e-19 2.510534681193902088e-20
3.799135952158925970e-19 5.743404904339227618e-20
3.986823599632389622e-19 7.176154128821431208e-20
4.253836114345958861e-19 9.921647116435728163e-20
1.881432958853534925e-19 2.375231274855494501e-20
4.029722921221941880e-19 1.032292782377086821e-19
4.122702879482045900e-19 8.717826168728219016e-20
5.830699346317005378e-19 1.026796252702543331e-19
2.177794736913474007e-19 3.954044881563727380e-20
2.053549318530055353e-19 2.848311867582340232e-20
4.882552158506361003e-19 9.432649152970627854e-20
6.636620192664406431e-19 1.996296359520350743e-19
1.914656155006634443e-19 2.361399844677317814e-20
5.957359475524696504e-19 1.142226983154358189e-19
1.531933462878730529e-19 1.922048782303151990e-20
2.041966996671766737e-19 2.954748660059748799e-20
2.034926724284493898e-19 2.949595284257806384e-20
4.690277859908412582e-19 9.852813180419017087e-20
4.121500291222251756e-19 5.676704848830937433e-20
1.936866084496827850e-19 2.517430723338563650e-20
1.496169470698355481e-18 4.109831773856358334e-19
7.624119268375986867e-19 2.265629062947689803e-19
3.554629058858808063e-19 4.964308594870229005e-20
7.731493907947133682e-19 2.321376191219180650e-19
1.896423753540284904e-19 2.685216521510705415e-20
8.746098842414492145e-19 1.950187076310123854e-19
8.188239285774074938e-19 1.895246872446602967e-19
3.769630198713114993e-19 5.693895009125539993e-20
4.377432571784556683e-19 8.178534703026696857e-20
5.734723545702432834e-19 1.142741021328620658e-19
1.788988219402632992e-19 2.265590605583817223e-20
