# r(m) | δr(m)
5.477870887633437976e-07 2.948287151853388865e-08
1.268250665390687245e-06 1.251373838840334413e-07
3.960211440018259277e-07 2.064461465921508748e-08
3.252778166287748744e-07 1.684186036374992274e-08
5.523157713273726461e-07 2.976894693201243369e-08
3.351078340182465906e-07 1.736337128686227640e-08
3.131336091666528997e-07 1.619997720316089749e-08
4.723620403505363442e-07 2.493485509633144711e-08
6.159854563777714862e-07 3.398813412721605309e-08
5.248784919136792509e-07 2.806037845758078623e-08
4.702799332964241776e-07 2.481430547411632368e-08
3.809950930953602641e-07 1.982598695300415782e-08
6.214389551374420599e-07 3.436863204337037991e-08
5.383995891661797066e-07 2.889510178307816539e-08
4.454975073000366144e-07 2.339629471989698541e-08
5.366116912536525180e-07 2.878393811892241162e-08
3.907334049516234824e-07 2.035574451785262893e-08
4.755939995215077432e-07 2.512244018320547369e-08
7.065247086089841658e-07 4.078679409849431498e-08
3.387913282695060626e-07 1.755927509550479808e-08
4.676888395653912083e-07 2.466460682069994657e-08
5.814498229015890141e-07 3.165149034785087555e-08
5.085689902876294622e-07 2.707092899954832816e-08
6.113893883739424154e-07 3.367000374808998383e-08
6.688022063548230695e-07 3.782210003180304802e-08
4.787783086393963262e-07 2.530781790926839057e-08
4.360873671761917076e-07 2.286541051286809154e-08
4.339334106736318599e-07 2.274443276745911575e-08
5.262459588214195106e-07 2.814418555313697578e-08
7.536771102258975013e-07 4.480322554993369569e-08
5.081564697463496562e-07 2.704613662311182335e-08
9.603254614695417785e-07 6.776561769679988803e-08
5.716229240718713792e-07 3.100804337031549154e-08
6.599028586755982607e-07 3.715165504451133649e-08
5.731933196794615427e-07 3.111027249466723391e-08
4.286439017988926981e-07 2.244816848385385070e-08
7.713039418060561736e-07 4.640315988178436293e-08
7.198099787122844688e-07 4.188158602886071320e-08
6.189422035585697423e-07 3.419401958461160963e-08
5.551591145517883026e-07 2.994942342202399980e-08
6.325300463122359534e-07 3.515287338935486698e-08
5.147370866241358894e-07 2.744298200578012357e-08
