# n(unitless) | δn(unitless)
1.185769129722158644e+00 1.579184318605283965e-01
1.092165952848538168e+01 2.586547373632990698e+00
1.200536325464462095e+00 2.116927637460404577e-01
8.967485811232537296e-01 1.596654148582574984e-01
2.264452188517106279e+00 4.298134812858743214e-01
4.584940304722754933e-01 6.008891297646153790e-02
1.387516246960207145e+00 3.561143347300115836e-01
8.654499080671176348e-01 1.135691272831963888e-01
2.462448442353698308e+00 4.339976150622850692e-01
9.288207817582695425e-01 1.181436324324382364e-01
1.083396622883486149e+00 1.546133616137475852e-01
8.126023746631406697e-01 1.197173847793486651e-01
1.987096131696302725e+00 3.013262477279576856e-01
2.032739707664975359e+00 3.669279155362469291e-01
2.085993533728529137e+00 4.877763446914736845e-01
9.586711042734359367e-01 1.217321300455148497e-01
1.915923940922312330e+00 4.922092385740934328e-01
2.050545898556509261e+00 4.347677592769347288e-01
3.111992537769101563e+00 5.490396636332769420e-01
9.971260790248005490e-01 1.825069681440886493e-01
1.017764040116908131e+00 1.420759171419423150e-01
2.524743357463240745e+00 4.887948021981800562e-01
3.346549199922863593e+00 1.007797214537291541e+00
9.987000296374914932e-01 1.237577901401956670e-01
3.153107952693118499e+00 6.055805559320062148e-01
7.630210065747817794e-01 9.644894248935488579e-02
9.965412087100079530e-01 1.452002311481028762e-01
9.919874136027929667e-01 1.447917355326062416e-01
2.380988983520547997e+00 5.012668242719500178e-01
2.220376919614301503e+00 3.066683207075769357e-01
9.765167854445405693e-01 1.277013891912816834e-01
8.309909217793556735e+00 2.283966271378215840e+00
3.930432380527096647e+00 1.169075866165039557e+00
1.877435016748910890e+00 2.630518921946383148e-01
3.987749024320899505e+00 1.198402940730287858e+00
9.218755231212079071e-01 1.315146500539076668e-01
4.726934661971243123e+00 1.055086703574124263e+00
4.382295014839295177e+00 1.015381555765916488e+00
1.970337418761926696e+00 2.985358818004344439e-01
2.244713131760338598e+00 4.204311924521139110e-01
3.008279069286186047e+00 6.004803685440930350e-01
9.042610621904494383e-01 1.152371924717317808e-01
