# λ(nm) 1/T d(1/T) log(P) dlog(P)
6.000000000000000000e+02 6.668396317392146682e-04 8.193064127570680864e-05 -4.509860006183766146e+00 9.090909090909091161e-02
6.000000000000000000e+02 5.685997393778378537e-04 5.506200217695203465e-05 -2.302585092994045457e+00 1.000000000000000021e-02
6.000000000000000000e+02 5.150659220492430444e-04 4.239623596570609327e-05 -1.052683356779710033e+00 2.865329512893983153e-03
6.000000000000000000e+02 4.723999107528920223e-04 3.471892580964458665e-05 -1.578240851935672207e-01 1.170960187353629976e-03
6.000000000000000000e+02 4.430559294633279509e-04 2.917738131666400346e-05 5.538851132264376309e-01 5.747126436781609116e-04
6.000000000000000000e+02 4.190977336069149641e-04 2.555661042531992460e-05 1.078409581350590285e+00 3.401360544217687382e-04
6.000000000000000000e+02 3.988386112561482285e-04 2.264542262000318945e-05 1.529311867954815440e+00 2.166847237269772472e-04
6.000000000000000000e+02 3.819664854609257669e-04 2.028987145102916187e-05 1.916922612182061059e+00 1.470588235294117789e-04
6.000000000000000000e+02 3.673442553891525597e-04 1.833218532979323623e-05 2.260720888895346725e+00 1.042752867570385792e-04
8.000000000000000000e+02 6.631886799324309897e-04 7.912014085769089621e-05 -1.619488248287601850e+00 5.050505050505050067e-03
8.000000000000000000e+02 5.685997393778378537e-04 5.506200217695203465e-05 -3.562717764315116026e-02 1.036269430051813423e-03
8.000000000000000000e+02 5.144525842033021486e-04 4.277331485416402027e-05 9.122827104766163542e-01 4.016064257028112081e-04
8.000000000000000000e+02 4.745239809871871226e-04 3.456658817501856478e-05 1.631786316097862288e+00 1.955798943868570074e-04
8.000000000000000000e+02 4.435766359505642869e-04 2.921167463365267867e-05 2.162172939277300809e+00 1.150747986191024249e-04
8.000000000000000000e+02 4.186724982682228841e-04 2.553068077116776505e-05 2.562638998328352624e+00 7.710100231303006321e-05
8.000000000000000000e+02 4.002648417679104771e-04 2.272638931240773962e-05 2.888147062874053539e+00 5.567928730512249606e-05
8.000000000000000000e+02 3.819664854609257669e-04 2.028987145102916187e-05 3.196507509006192294e+00 4.090481449666625934e-05
8.000000000000000000e+02 3.676045680665828677e-04 1.834517140143921289e-05 3.457924220905702395e+00 3.149507102138515268e-05
1.200000000000000000e+03 6.654999447391224962e-04 7.939614467286583346e-05 -5.108256237659907217e-01 1.666666666666666774e-03
1.200000000000000000e+03 5.672740905503627709e-04 5.493355527640500659e-05 6.151856390902334937e-01 5.405405405405405489e-04
1.200000000000000000e+03 5.150659220492430444e-04 4.239623596570609327e-05 1.275362800412608966e+00 2.793296089385474625e-04
1.200000000000000000e+03 4.745239809871871226e-04 3.456658817501856478e-05 1.752672080520008224e+00 1.733102253032929010e-04
1.200000000000000000e+03 4.446221274484015362e-04 2.928053001777235112e-05 2.111424587532886754e+00 1.210653753026634386e-04
1.200000000000000000e+03 4.203792010737960358e-04 2.563475085734149796e-05 2.397440624006724530e+00 9.095043201455207688e-05
1.200000000000000000e+03 3.995503166883060940e-04 2.268582590240230239e-05 2.642622395779754996e+00 7.117437722419928516e-05
1.200000000000000000e+03 3.825713430079400921e-04 2.032199285972706855e-05 2.849549763375909706e+00 5.787037037037036580e-05
1.200000000000000000e+03 3.686499189118093564e-04 1.839732027618873195e-05 3.033990985671081386e+00 4.812319538017324202e-05
1.600000000000000000e+03 6.608951231745046609e-04 7.884625500553214957e-05 1.552867560945706105e+00 2.116402116402116491e-04
1.600000000000000000e+03 5.739717179317563051e-04 5.558251986605466162e-05 2.379546134130174018e+00 9.259259259259258799e-05
1.600000000000000000e+03 5.126313089923786046e-04 4.262183254091059156e-05 2.925846146089824629e+00 5.361930294906166620e-05
1.600000000000000000e+03 4.717319662159222401e-04 3.466982550817698273e-05 3.308716528867990281e+00 3.656307129798903313e-05
1.600000000000000000e+03 4.416934119056979192e-04 2.932207255013464327e-05 3.596352896436196378e+00 2.742355683532154018e-05
1.600000000000000000e+03 4.195207896748759943e-04 2.539445234381161273e-05 3.830313910101601049e+00 2.170280183171647504e-05
1.600000000000000000e+03 4.007435862965649082e-04 2.259787193673067342e-05 4.018183201256536385e+00 1.798561151079136662e-05
1.600000000000000000e+03 3.827831559421219923e-04 2.020305032957283513e-05 4.188138441508461263e+00 1.517450682852807246e-05
1.800000000000000000e+03 6.631886799324309897e-04 7.912014085769089621e-05 1.564440546503364615e+00 2.092050209205020795e-04
1.800000000000000000e+03 5.672740905503627709e-04 5.493355527640500659e-05 2.242835088588271741e+00 1.061571125265392817e-04
1.800000000000000000e+03 5.150659220492430444e-04 4.239623596570609327e-05 2.633326654906273490e+00 7.183908045977011395e-05
1.800000000000000000e+03 4.745239809871871226e-04 3.456658817501856478e-05 2.896464271895322184e+00 5.521811154058531317e-05
1.800000000000000000e+03 4.435766359505642869e-04 2.921167463365267867e-05 3.091042453358316067e+00 4.545454545454545857e-05
1.800000000000000000e+03 4.203792010737960358e-04 2.563475085734149796e-05 3.224062351555500694e+00 3.979307600477516982e-05
1.800000000000000000e+03 3.991941125942550595e-04 2.266560430650507520e-05 3.338506042322235690e+00 3.548993860240621807e-05
1.800000000000000000e+03 3.819664854609257669e-04 2.028987145102916187e-05 3.434954478460289007e+00 3.222687721559780851e-05
1.800000000000000000e+03 3.678652897598213775e-04 1.835817788209390786e-05 3.513930651649394665e+00 2.977963073257891861e-05
2.400000000000000000e+03 6.658811130384720322e-04 8.181275988185128512e-05 1.299101149417513312e+00 2.727768685215494035e-04
2.400000000000000000e+03 5.714279451953692412e-04 5.469274626474848738e-05 1.876406943288339679e+00 1.531393568147013736e-04
2.400000000000000000e+03 5.141602172452089609e-04 4.232165813286687235e-05 2.215937286268373274e+00 1.090512540894220253e-04
2.400000000000000000e+03 4.745239809871871226e-04 3.456658817501856478e-05 2.455306180011709749e+00 8.583690987124462785e-05
2.400000000000000000e+03 4.430559294633279509e-04 2.917738131666400346e-05 2.636196097334226440e+00 7.163323782234956528e-05
2.400000000000000000e+03 4.190977336069149641e-04 2.555661042531992460e-05 2.766947842349695375e+00 6.285355122564424766e-05
2.400000000000000000e+03 3.995503166883060940e-04 2.268582590240230239e-05 2.876441852362666918e+00 5.633485437440144010e-05
2.400000000000000000e+03 3.819664854609257669e-04 2.028987145102916187e-05 2.973486664606671326e+00 5.112474437627812613e-05
2.400000000000000000e+03 3.676045680665828677e-04 1.834517140143921289e-05 3.056356895370425875e+00 4.705882352941176736e-05
